0 0.5104166666666666 0.8258928571428571 0.01488095238095238 0.01488095238095238
0 0.4732142857142857 0.8080357142857143 0.005952380952380952 0.002976190476190476
0 0.5357142857142857 0.7306547619047619 0.005952380952380952 0.002976190476190476
0 0.6919642857142857 0.7247023809523809 0.01488095238095238 0.002976190476190476
0 0.6383928571428571 0.6949404761904762 0.002976190476190476 0.002976190476190476
0 0.6458333333333334 0.7053571428571429 0.047619047619047616 0.03571428571428571
0 0.6428571428571429 0.6800595238095238 0.005952380952380952 0.002976190476190476
0 0.6428571428571429 0.6443452380952381 0.005952380952380952 0.002976190476190476
0 0.5997023809523809 0.6324404761904762 0.008928571428571428 0.002976190476190476
0 0.59375 0.6235119047619048 0.002976190476190476 0.002976190476190476
0 0.39285714285714285 0.6235119047619048 0.005952380952380952 0.008928571428571428
0 0.6145833333333334 0.6086309523809523 0.1636904761904762 0.0625
0 0.5758928571428571 0.5729166666666666 0.01488095238095238 0.002976190476190476
0 0.5133928571428571 0.5520833333333334 0.10416666666666667 0.044642857142857144
0 0.4568452380952381 0.5282738095238095 0.002976190476190476 0.002976190476190476
0 0.6755952380952381 0.49107142857142855 0.017857142857142856 0.005952380952380952
