0 0.5967261904761905 0.8348214285714286 0.01488095238095238 0.01488095238095238
0 0.49851190476190477 0.8110119047619048 0.01488095238095238 0.01488095238095238
0 0.5 0.7991071428571429 0.011904761904761904 0.002976190476190476
0 0.5133928571428571 0.7455357142857143 0.002976190476190476 0.002976190476190476
0 0.5267857142857143 0.7306547619047619 0.011904761904761904 0.002976190476190476
0 0.4494047619047619 0.75 0.1488095238095238 0.08928571428571429
0 0.5952380952380952 0.6919642857142857 0.005952380952380952 0.002976190476190476
0 0.39732142857142855 0.6919642857142857 0.002976190476190476 0.002976190476190476
0 0.6369047619047619 0.7351190476190477 0.17261904761904762 0.1130952380952381
0 0.37797619047619047 0.6934523809523809 0.02976190476190476 0.02976190476190476
0 0.7842261904761905 0.6741071428571429 0.002976190476190476 0.002976190476190476
0 0.7723214285714286 0.6622023809523809 0.020833333333333332 0.008928571428571428
0 0.6592261904761905 0.6264880952380952 0.002976190476190476 0.002976190476190476
0 0.6428571428571429 0.6205357142857143 0.005952380952380952 0.002976190476190476
0 0.7559523809523809 0.6324404761904762 0.047619047619047616 0.044642857142857144
0 0.5119047619047619 0.5669642857142857 0.005952380952380952 0.002976190476190476
0 0.4880952380952381 0.5639880952380952 0.017857142857142856 0.008928571428571428
0 0.7113095238095238 0.5252976190476191 0.005952380952380952 0.002976190476190476
0 0.6473214285714286 0.5223214285714286 0.06845238095238096 0.03869047619047619
0 0.6696428571428571 0.5044642857142857 0.023809523809523808 0.008928571428571428
0 0.6934523809523809 0.4895833333333333 0.011904761904761904 0.002976190476190476
