0 0.5104166666666666 0.71875 0.002976190476190476 0.002976190476190476
0 0.5029761904761905 0.7127976190476191 0.017857142857142856 0.002976190476190476
0 0.39732142857142855 0.7127976190476191 0.002976190476190476 0.002976190476190476
0 0.3854166666666667 0.6919642857142857 0.002976190476190476 0.002976190476190476
0 0.5178571428571429 0.6845238095238095 0.005952380952380952 0.005952380952380952
0 0.6875 0.6711309523809523 0.011904761904761904 0.002976190476190476
0 0.3854166666666667 0.6622023809523809 0.008928571428571428 0.002976190476190476
0 0.4226190476190476 0.6517857142857143 0.005952380952380952 0.005952380952380952
0 0.5148809523809523 0.7008928571428571 0.2619047619047619 0.12202380952380952
0 0.4375 0.6458333333333334 0.005952380952380952 0.011904761904761904
0 0.6205357142857143 0.5639880952380952 0.002976190476190476 0.002976190476190476
0 0.6130952380952381 0.5580357142857143 0.011904761904761904 0.002976190476190476
0 0.6830357142857143 0.5461309523809523 0.01488095238095238 0.002976190476190476
0 0.6845238095238095 0.5386904761904762 0.023809523809523808 0.005952380952380952
0 0.6130952380952381 0.5193452380952381 0.005952380952380952 0.002976190476190476
0 0.5669642857142857 0.5104166666666666 0.002976190476190476 0.002976190476190476
0 0.6264880952380952 0.5074404761904762 0.008928571428571428 0.002976190476190476
0 0.5773809523809523 0.5044642857142857 0.017857142857142856 0.002976190476190476
