0 0.49404761904761907 0.8199404761904762 0.005952380952380952 0.002976190476190476
0 0.5029761904761905 0.8110119047619048 0.005952380952380952 0.002976190476190476
0 0.6354166666666666 0.7395833333333334 0.15178571428571427 0.12797619047619047
0 0.4419642857142857 0.7351190476190477 0.1636904761904762 0.13690476190476192
0 0.6577380952380952 0.6651785714285714 0.005952380952380952 0.002976190476190476
0 0.6413690476190477 0.6443452380952381 0.03869047619047619 0.03273809523809524
0 0.7559523809523809 0.6220238095238095 0.011904761904761904 0.005952380952380952
0 0.5133928571428571 0.6205357142857143 0.01488095238095238 0.002976190476190476
0 0.7648809523809523 0.6130952380952381 0.023809523809523808 0.005952380952380952
0 0.5104166666666666 0.5625 0.0625 0.02976190476190476
0 0.6651785714285714 0.5461309523809523 0.008928571428571428 0.002976190476190476
0 0.7038690476190477 0.5252976190476191 0.01488095238095238 0.002976190476190476
0 0.6101190476190477 0.5193452380952381 0.005952380952380952 0.002976190476190476
0 0.6145833333333334 0.5133928571428571 0.002976190476190476 0.002976190476190476
0 0.7276785714285714 0.5133928571428571 0.020833333333333332 0.008928571428571428
0 0.6369047619047619 0.5267857142857143 0.06547619047619048 0.03571428571428571
0 0.6607142857142857 0.49702380952380953 0.10119047619047619 0.023809523809523808
