0 0.6651785714285714 0.7276785714285714 0.008928571428571428 0.002976190476190476
0 0.4226190476190476 0.7217261904761905 0.05357142857142857 0.03869047619047619
0 0.5684523809523809 0.7127976190476191 0.23214285714285715 0.12797619047619047
0 0.4181547619047619 0.6443452380952381 0.002976190476190476 0.002976190476190476
0 0.4375 0.6651785714285714 0.08333333333333333 0.06845238095238096
0 0.7916666666666666 0.6279761904761905 0.017857142857142856 0.017857142857142856
0 0.7782738095238095 0.6116071428571429 0.020833333333333332 0.002976190476190476
0 0.7127976190476191 0.53125 0.002976190476190476 0.002976190476190476
0 0.6755952380952381 0.5386904761904762 0.07142857142857142 0.017857142857142856
0 0.6696428571428571 0.5133928571428571 0.005952380952380952 0.002976190476190476
0 0.6339285714285714 0.5163690476190477 0.07738095238095238 0.044642857142857144
