0 0.5282738095238095 0.8229166666666666 0.002976190476190476 0.002976190476190476
0 0.46130952380952384 0.8244047619047619 0.011904761904761904 0.011904761904761904
0 0.5238095238095238 0.8139880952380952 0.017857142857142856 0.002976190476190476
0 0.44642857142857145 0.78125 0.005952380952380952 0.002976190476190476
0 0.6785714285714286 0.7663690476190477 0.005952380952380952 0.002976190476190476
0 0.5877976190476191 0.7366071428571429 0.03869047619047619 0.002976190476190476
0 0.53125 0.7336309523809523 0.03869047619047619 0.002976190476190476
0 0.47470238095238093 0.7306547619047619 0.03869047619047619 0.002976190476190476
0 0.5595238095238095 0.7157738095238095 0.011904761904761904 0.002976190476190476
0 0.5491071428571429 0.7127976190476191 0.002976190476190476 0.002976190476190476
0 0.59375 0.6949404761904762 0.002976190476190476 0.002976190476190476
0 0.5952380952380952 0.6889880952380952 0.005952380952380952 0.002976190476190476
0 0.4166666666666667 0.7068452380952381 0.08928571428571429 0.08035714285714286
0 0.5788690476190477 0.7410714285714286 0.2708333333333333 0.16666666666666666
0 0.5610119047619048 0.6413690476190477 0.03273809523809524 0.020833333333333332
0 0.41369047619047616 0.6458333333333334 0.047619047619047616 0.041666666666666664
0 0.6502976190476191 0.6205357142857143 0.002976190476190476 0.002976190476190476
0 0.6145833333333334 0.6175595238095238 0.002976190476190476 0.002976190476190476
0 0.6413690476190477 0.6160714285714286 0.01488095238095238 0.005952380952380952
0 0.7440476190476191 0.6443452380952381 0.05952380952380952 0.06845238095238096
0 0.5133928571428571 0.5669642857142857 0.008928571428571428 0.002976190476190476
0 0.6726190476190477 0.5238095238095238 0.011904761904761904 0.005952380952380952
0 0.625 0.5163690476190477 0.023809523809523808 0.008928571428571428
0 0.7008928571428571 0.5133928571428571 0.01488095238095238 0.008928571428571428
