0 0.5252976190476191 0.7723214285714286 0.002976190476190476 0.002976190476190476
0 0.4851190476190476 0.7574404761904762 0.017857142857142856 0.008928571428571428
0 0.46577380952380953 0.7485119047619048 0.01488095238095238 0.008928571428571428
0 0.5520833333333334 0.7366071428571429 0.03869047619047619 0.002976190476190476
0 0.4955357142857143 0.7336309523809523 0.03869047619047619 0.002976190476190476
0 0.6860119047619048 0.71875 0.002976190476190476 0.002976190476190476
0 0.42410714285714285 0.7098214285714286 0.06845238095238096 0.0625
0 0.6264880952380952 0.6770833333333334 0.002976190476190476 0.002976190476190476
0 0.6190476190476191 0.6770833333333334 0.005952380952380952 0.002976190476190476
0 0.41220238095238093 0.6755952380952381 0.008928571428571428 0.005952380952380952
0 0.6056547619047619 0.6681547619047619 0.002976190476190476 0.002976190476190476
0 0.5029761904761905 0.6622023809523809 0.011904761904761904 0.002976190476190476
0 0.5922619047619048 0.7157738095238095 0.16666666666666666 0.11607142857142858
0 0.6056547619047619 0.65625 0.002976190476190476 0.002976190476190476
0 0.43005952380952384 0.6622023809523809 0.044642857142857144 0.01488095238095238
0 0.5491071428571429 0.6532738095238095 0.002976190476190476 0.002976190476190476
0 0.44642857142857145 0.6502976190476191 0.005952380952380952 0.002976190476190476
0 0.7991071428571429 0.6309523809523809 0.008928571428571428 0.005952380952380952
0 0.6041666666666666 0.5639880952380952 0.005952380952380952 0.002976190476190476
0 0.6532738095238095 0.5342261904761905 0.008928571428571428 0.002976190476190476
0 0.6919642857142857 0.5386904761904762 0.03869047619047619 0.017857142857142856
0 0.6845238095238095 0.53125 0.005952380952380952 0.002976190476190476
0 0.6279761904761905 0.53125 0.005952380952380952 0.002976190476190476
0 0.6964285714285714 0.5238095238095238 0.011904761904761904 0.011904761904761904
0 0.6502976190476191 0.5163690476190477 0.0625 0.03273809523809524
