0 0.5133928571428571 0.8258928571428571 0.008928571428571428 0.008928571428571428
0 0.5163690476190477 0.8169642857142857 0.008928571428571428 0.002976190476190476
0 0.47172619047619047 0.8095238095238095 0.008928571428571428 0.005952380952380952
0 0.53125 0.7619047619047619 0.020833333333333332 0.005952380952380952
0 0.5386904761904762 0.7544642857142857 0.005952380952380952 0.002976190476190476
0 0.53125 0.7544642857142857 0.002976190476190476 0.002976190476190476
0 0.5342261904761905 0.7440476190476191 0.008928571428571428 0.005952380952380952
0 0.5342261904761905 0.7291666666666666 0.008928571428571428 0.005952380952380952
0 0.5401785714285714 0.7247023809523809 0.002976190476190476 0.002976190476190476
0 0.6502976190476191 0.7157738095238095 0.05654761904761905 0.026785714285714284
0 0.5758928571428571 0.6116071428571429 0.002976190476190476 0.002976190476190476
0 0.5848214285714286 0.6026785714285714 0.002976190476190476 0.002976190476190476
0 0.6577380952380952 0.6056547619047619 0.03571428571428571 0.026785714285714284
0 0.5758928571428571 0.5907738095238095 0.13392857142857142 0.044642857142857144
0 0.6086309523809523 0.5669642857142857 0.01488095238095238 0.008928571428571428
