0 0.5729166666666666 0.8229166666666666 0.002976190476190476 0.002976190476190476
0 0.5104166666666666 0.8110119047619048 0.002976190476190476 0.002976190476190476
0 0.5 0.8110119047619048 0.005952380952380952 0.002976190476190476
0 0.7127976190476191 0.7247023809523809 0.002976190476190476 0.002976190476190476
0 0.43452380952380953 0.7261904761904762 0.011904761904761904 0.005952380952380952
0 0.43601190476190477 0.7172619047619048 0.020833333333333332 0.005952380952380952
0 0.39732142857142855 0.6934523809523809 0.01488095238095238 0.005952380952380952
0 0.39285714285714285 0.6711309523809523 0.005952380952380952 0.002976190476190476
0 0.6175595238095238 0.6651785714285714 0.002976190476190476 0.002976190476190476
0 0.6547619047619048 0.6145833333333334 0.047619047619047616 0.008928571428571428
0 0.6160714285714286 0.6116071428571429 0.011904761904761904 0.002976190476190476
0 0.6101190476190477 0.7098214285714286 0.31547619047619047 0.20535714285714285
0 0.5788690476190477 0.5714285714285714 0.01488095238095238 0.005952380952380952
0 0.6904761904761905 0.49404761904761907 0.02976190476190476 0.005952380952380952
