0 0.6056547619047619 0.8333333333333334 0.01488095238095238 0.005952380952380952
0 0.6116071428571429 0.78125 0.008928571428571428 0.002976190476190476
0 0.4955357142857143 0.7961309523809523 0.03273809523809524 0.03273809523809524
0 0.5163690476190477 0.75 0.002976190476190476 0.005952380952380952
0 0.7098214285714286 0.7336309523809523 0.008928571428571428 0.002976190476190476
0 0.41220238095238093 0.7068452380952381 0.002976190476190476 0.002976190476190476
0 0.7068452380952381 0.6949404761904762 0.002976190476190476 0.002976190476190476
0 0.5982142857142857 0.6889880952380952 0.005952380952380952 0.002976190476190476
0 0.44047619047619047 0.7276785714285714 0.1488095238095238 0.09821428571428571
0 0.6413690476190477 0.7336309523809523 0.1636904761904762 0.12202380952380952
0 0.7708333333333334 0.6592261904761905 0.011904761904761904 0.002976190476190476
0 0.7663690476190477 0.6488095238095238 0.01488095238095238 0.005952380952380952
0 0.6443452380952381 0.6428571428571429 0.03869047619047619 0.023809523809523808
0 0.6279761904761905 0.6264880952380952 0.011904761904761904 0.002976190476190476
0 0.6443452380952381 0.6205357142857143 0.008928571428571428 0.002976190476190476
0 0.5133928571428571 0.6205357142857143 0.026785714285714284 0.002976190476190476
0 0.49255952380952384 0.6205357142857143 0.002976190476190476 0.002976190476190476
0 0.7559523809523809 0.6264880952380952 0.03571428571428571 0.03273809523809524
0 0.5848214285714286 0.5892857142857143 0.008928571428571428 0.005952380952380952
0 0.5654761904761905 0.5788690476190477 0.005952380952380952 0.002976190476190476
0 0.5089285714285714 0.5744047619047619 0.023809523809523808 0.005952380952380952
0 0.4851190476190476 0.5714285714285714 0.005952380952380952 0.005952380952380952
0 0.5059523809523809 0.5580357142857143 0.05952380952380952 0.020833333333333332
0 0.7023809523809523 0.5401785714285714 0.005952380952380952 0.002976190476190476
0 0.7098214285714286 0.5252976190476191 0.002976190476190476 0.002976190476190476
0 0.6904761904761905 0.5014880952380952 0.005952380952380952 0.002976190476190476
0 0.6681547619047619 0.5044642857142857 0.01488095238095238 0.008928571428571428
0 0.6369047619047619 0.5193452380952381 0.05952380952380952 0.050595238095238096
0 0.6949404761904762 0.49255952380952384 0.008928571428571428 0.002976190476190476
0 0.6964285714285714 0.48660714285714285 0.011904761904761904 0.002976190476190476
