0 0.4583333333333333 0.84375 0.041666666666666664 0.03869047619047619
0 0.40029761904761907 0.7842261904761905 0.03273809523809524 0.044642857142857144
0 0.3898809523809524 0.7485119047619048 0.02976190476190476 0.01488095238095238
0 0.625 0.7395833333333334 0.005952380952380952 0.002976190476190476
0 0.5714285714285714 0.6949404761904762 0.005952380952380952 0.002976190476190476
0 0.5342261904761905 0.6949404761904762 0.008928571428571428 0.002976190476190476
0 0.45535714285714285 0.6830357142857143 0.011904761904761904 0.002976190476190476
0 0.6369047619047619 0.6800595238095238 0.005952380952380952 0.002976190476190476
0 0.6488095238095238 0.6711309523809523 0.005952380952380952 0.002976190476190476
0 0.46130952380952384 0.6532738095238095 0.005952380952380952 0.002976190476190476
0 0.5059523809523809 0.7113095238095238 0.26785714285714285 0.1488095238095238
0 0.5907738095238095 0.5848214285714286 0.03273809523809524 0.020833333333333332
0 0.5907738095238095 0.5729166666666666 0.002976190476190476 0.002976190476190476
0 0.6949404761904762 0.5431547619047619 0.020833333333333332 0.008928571428571428
0 0.5744047619047619 0.5461309523809523 0.047619047619047616 0.026785714285714284
0 0.53125 0.5282738095238095 0.008928571428571428 0.008928571428571428
0 0.5386904761904762 0.5193452380952381 0.005952380952380952 0.002976190476190476
0 0.5818452380952381 0.5089285714285714 0.03273809523809524 0.017857142857142856
