0 0.45982142857142855 0.8482142857142857 0.03869047619047619 0.02976190476190476
0 0.40625 0.8169642857142857 0.01488095238095238 0.002976190476190476
0 0.4017857142857143 0.8050595238095238 0.023809523809523808 0.01488095238095238
0 0.3958333333333333 0.7872023809523809 0.005952380952380952 0.002976190476190476
0 0.4270833333333333 0.7633928571428571 0.020833333333333332 0.002976190476190476
0 0.38839285714285715 0.7544642857142857 0.01488095238095238 0.002976190476190476
0 0.5714285714285714 0.6949404761904762 0.005952380952380952 0.002976190476190476
0 0.5029761904761905 0.6636904761904762 0.02976190476190476 0.005952380952380952
0 0.48660714285714285 0.6592261904761905 0.002976190476190476 0.002976190476190476
0 0.47470238095238093 0.6577380952380952 0.01488095238095238 0.005952380952380952
0 0.5416666666666666 0.6502976190476191 0.005952380952380952 0.002976190476190476
0 0.5104166666666666 0.6502976190476191 0.020833333333333332 0.002976190476190476
0 0.5074404761904762 0.7113095238095238 0.2648809523809524 0.14285714285714285
0 0.5922619047619048 0.5818452380952381 0.03571428571428571 0.020833333333333332
0 0.5744047619047619 0.5505952380952381 0.023809523809523808 0.005952380952380952
0 0.6934523809523809 0.5431547619047619 0.023809523809523808 0.008928571428571428
0 0.5357142857142857 0.5193452380952381 0.005952380952380952 0.002976190476190476
0 0.5803571428571429 0.5089285714285714 0.02976190476190476 0.017857142857142856
