0 0.45089285714285715 0.8407738095238095 0.002976190476190476 0.002976190476190476
0 0.46875 0.84375 0.03273809523809524 0.03869047619047619
0 0.5863095238095238 0.7663690476190477 0.005952380952380952 0.002976190476190476
0 0.6294642857142857 0.7544642857142857 0.01488095238095238 0.002976190476190476
0 0.6517857142857143 0.7380952380952381 0.023809523809523808 0.005952380952380952
0 0.6636904761904762 0.7306547619047619 0.005952380952380952 0.002976190476190476
0 0.6160714285714286 0.7098214285714286 0.05952380952380952 0.08630952380952381
0 0.42857142857142855 0.6383928571428571 0.023809523809523808 0.002976190476190476
0 0.47470238095238093 0.7172619047619048 0.22321428571428573 0.17261904761904762
0 0.5788690476190477 0.5863095238095238 0.050595238095238096 0.011904761904761904
0 0.5327380952380952 0.5461309523809523 0.005952380952380952 0.002976190476190476
0 0.5714285714285714 0.5446428571428571 0.05357142857142857 0.02976190476190476
0 0.7232142857142857 0.5297619047619048 0.023809523809523808 0.005952380952380952
0 0.6651785714285714 0.5416666666666666 0.08035714285714286 0.03571428571428571
0 0.625 0.5133928571428571 0.011904761904761904 0.002976190476190476
0 0.6398809523809523 0.5163690476190477 0.017857142857142856 0.020833333333333332
0 0.6190476190476191 0.5074404761904762 0.005952380952380952 0.002976190476190476
0 0.6681547619047619 0.49702380952380953 0.002976190476190476 0.005952380952380952
0 0.6294642857142857 0.45089285714285715 0.008928571428571428 0.002976190476190476
0 0.6294642857142857 0.4419642857142857 0.002976190476190476 0.002976190476190476
