0 0.44494047619047616 0.8050595238095238 0.002976190476190476 0.002976190476190476
0 0.6056547619047619 0.7514880952380952 0.008928571428571428 0.002976190476190476
0 0.6041666666666666 0.7276785714285714 0.005952380952380952 0.002976190476190476
0 0.43452380952380953 0.7217261904761905 0.02976190476190476 0.026785714285714284
0 0.5252976190476191 0.7559523809523809 0.13988095238095238 0.10714285714285714
0 0.4270833333333333 0.7038690476190477 0.002976190476190476 0.002976190476190476
0 0.40476190476190477 0.6934523809523809 0.005952380952380952 0.011904761904761904
0 0.3898809523809524 0.6741071428571429 0.005952380952380952 0.002976190476190476
0 0.37202380952380953 0.6547619047619048 0.017857142857142856 0.005952380952380952
0 0.4166666666666667 0.6517857142857143 0.011904761904761904 0.005952380952380952
0 0.3913690476190476 0.6502976190476191 0.01488095238095238 0.008928571428571428
0 0.6413690476190477 0.6175595238095238 0.008928571428571428 0.002976190476190476
0 0.6770833333333334 0.6800595238095238 0.18154761904761904 0.15178571428571427
0 0.5982142857142857 0.5669642857142857 0.005952380952380952 0.002976190476190476
0 0.5788690476190477 0.5699404761904762 0.020833333333333332 0.01488095238095238
0 0.6502976190476191 0.5252976190476191 0.002976190476190476 0.002976190476190476
0 0.6205357142857143 0.5119047619047619 0.008928571428571428 0.005952380952380952
0 0.6904761904761905 0.5104166666666666 0.011904761904761904 0.008928571428571428
0 0.6889880952380952 0.4955357142857143 0.01488095238095238 0.008928571428571428
