0 0.5148809523809523 0.7276785714285714 0.011904761904761904 0.002976190476190476
0 0.5223214285714286 0.7202380952380952 0.03273809523809524 0.005952380952380952
0 0.4479166666666667 0.7395833333333334 0.11607142857142858 0.050595238095238096
0 0.3794642857142857 0.6979166666666666 0.020833333333333332 0.01488095238095238
0 0.37351190476190477 0.6830357142857143 0.008928571428571428 0.008928571428571428
0 0.6369047619047619 0.7127976190476191 0.20238095238095238 0.09821428571428571
0 0.7901785714285714 0.6532738095238095 0.002976190476190476 0.002976190476190476
0 0.5595238095238095 0.625 0.02976190476190476 0.005952380952380952
0 0.7529761904761905 0.6458333333333334 0.08333333333333333 0.05357142857142857
0 0.6696428571428571 0.6264880952380952 0.07738095238095238 0.01488095238095238
0 0.7544642857142857 0.6175595238095238 0.002976190476190476 0.002976190476190476
0 0.4955357142857143 0.6175595238095238 0.008928571428571428 0.002976190476190476
0 0.5758928571428571 0.5758928571428571 0.002976190476190476 0.002976190476190476
0 0.5669642857142857 0.5833333333333334 0.044642857142857144 0.023809523809523808
0 0.6488095238095238 0.5223214285714286 0.005952380952380952 0.002976190476190476
0 0.6413690476190477 0.5223214285714286 0.002976190476190476 0.002976190476190476
0 0.6666666666666666 0.5238095238095238 0.03571428571428571 0.011904761904761904
0 0.6413690476190477 0.5163690476190477 0.002976190476190476 0.002976190476190476
0 0.7202380952380952 0.5074404761904762 0.005952380952380952 0.002976190476190476
0 0.6488095238095238 0.5089285714285714 0.03571428571428571 0.011904761904761904
0 0.7098214285714286 0.49851190476190477 0.008928571428571428 0.002976190476190476
0 0.6726190476190477 0.4895833333333333 0.011904761904761904 0.002976190476190476
