0 0.42410714285714285 0.78125 0.020833333333333332 0.01488095238095238
0 0.6458333333333334 0.7574404761904762 0.011904761904761904 0.002976190476190476
0 0.3943452380952381 0.7068452380952381 0.01488095238095238 0.002976190476190476
0 0.3630952380952381 0.6994047619047619 0.011904761904761904 0.005952380952380952
0 0.6145833333333334 0.6919642857142857 0.002976190476190476 0.002976190476190476
0 0.5639880952380952 0.6413690476190477 0.002976190476190476 0.002976190476190476
0 0.39732142857142855 0.6636904761904762 0.13392857142857142 0.07738095238095238
0 0.6785714285714286 0.625 0.011904761904761904 0.005952380952380952
0 0.5639880952380952 0.6145833333333334 0.020833333333333332 0.002976190476190476
0 0.5833333333333334 0.7098214285714286 0.375 0.20535714285714285
0 0.6547619047619048 0.6130952380952381 0.041666666666666664 0.011904761904761904
0 0.6294642857142857 0.6086309523809523 0.002976190476190476 0.002976190476190476
0 0.5803571428571429 0.5729166666666666 0.005952380952380952 0.002976190476190476
0 0.5744047619047619 0.5669642857142857 0.005952380952380952 0.002976190476190476
0 0.6919642857142857 0.5133928571428571 0.008928571428571428 0.002976190476190476
0 0.6845238095238095 0.5074404761904762 0.005952380952380952 0.002976190476190476
0 0.6264880952380952 0.5044642857142857 0.008928571428571428 0.002976190476190476
0 0.7068452380952381 0.48214285714285715 0.020833333333333332 0.005952380952380952
