0 0.5104166666666666 0.7485119047619048 0.12202380952380952 0.026785714285714284
0 0.5907738095238095 0.7351190476190477 0.01488095238095238 0.005952380952380952
0 0.44642857142857145 0.7306547619047619 0.005952380952380952 0.002976190476190476
0 0.3898809523809524 0.7157738095238095 0.005952380952380952 0.002976190476190476
0 0.6220238095238095 0.6994047619047619 0.05357142857142857 0.047619047619047616
0 0.4166666666666667 0.6994047619047619 0.047619047619047616 0.05952380952380952
0 0.6279761904761905 0.6666666666666666 0.02976190476190476 0.011904761904761904
0 0.43154761904761907 0.6592261904761905 0.011904761904761904 0.002976190476190476
0 0.4836309523809524 0.65625 0.03869047619047619 0.008928571428571428
0 0.5803571428571429 0.6383928571428571 0.011904761904761904 0.002976190476190476
0 0.5863095238095238 0.5758928571428571 0.005952380952380952 0.002976190476190476
0 0.6294642857142857 0.5580357142857143 0.03869047619047619 0.020833333333333332
0 0.6711309523809523 0.5401785714285714 0.05654761904761905 0.020833333333333332
0 0.7113095238095238 0.5282738095238095 0.005952380952380952 0.002976190476190476
0 0.6205357142857143 0.5238095238095238 0.01488095238095238 0.011904761904761904
0 0.6279761904761905 0.5163690476190477 0.011904761904761904 0.002976190476190476
0 0.5788690476190477 0.5133928571428571 0.002976190476190476 0.002976190476190476
0 0.6354166666666666 0.5074404761904762 0.01488095238095238 0.008928571428571428
