0 0.3958333333333333 0.8169642857142857 0.017857142857142856 0.01488095238095238
0 0.43898809523809523 0.7514880952380952 0.01488095238095238 0.002976190476190476
0 0.4166666666666667 0.7514880952380952 0.005952380952380952 0.002976190476190476
0 0.6235119047619048 0.7098214285714286 0.002976190476190476 0.002976190476190476
0 0.6369047619047619 0.6889880952380952 0.005952380952380952 0.002976190476190476
0 0.6220238095238095 0.6681547619047619 0.023809523809523808 0.008928571428571428
0 0.5104166666666666 0.7098214285714286 0.25297619047619047 0.12202380952380952
0 0.4419642857142857 0.6443452380952381 0.002976190476190476 0.002976190476190476
0 0.6264880952380952 0.5729166666666666 0.01488095238095238 0.002976190476190476
0 0.5967261904761905 0.5729166666666666 0.03273809523809524 0.008928571428571428
0 0.6324404761904762 0.5669642857142857 0.01488095238095238 0.002976190476190476
0 0.6235119047619048 0.5119047619047619 0.01488095238095238 0.005952380952380952
