0 0.5193452380952381 0.8169642857142857 0.002976190476190476 0.002976190476190476
0 0.46875 0.8139880952380952 0.002976190476190476 0.002976190476190476
0 0.47023809523809523 0.7872023809523809 0.005952380952380952 0.002976190476190476
0 0.4375 0.7857142857142857 0.017857142857142856 0.011904761904761904
0 0.5416666666666666 0.7113095238095238 0.005952380952380952 0.005952380952380952
0 0.5267857142857143 0.7068452380952381 0.005952380952380952 0.002976190476190476
0 0.5952380952380952 0.6889880952380952 0.017857142857142856 0.002976190476190476
0 0.6741071428571429 0.6532738095238095 0.002976190476190476 0.002976190476190476
0 0.6681547619047619 0.65625 0.008928571428571428 0.008928571428571428
0 0.6324404761904762 0.6517857142857143 0.008928571428571428 0.005952380952380952
0 0.3898809523809524 0.6458333333333334 0.011904761904761904 0.005952380952380952
0 0.5595238095238095 0.6383928571428571 0.03571428571428571 0.020833333333333332
0 0.5461309523809523 0.7232142857142857 0.33630952380952384 0.19642857142857142
0 0.78125 0.6235119047619048 0.008928571428571428 0.002976190476190476
0 0.7604166666666666 0.6383928571428571 0.0625 0.0625
0 0.6636904761904762 0.5252976190476191 0.023809523809523808 0.008928571428571428
0 0.6071428571428571 0.5238095238095238 0.005952380952380952 0.005952380952380952
0 0.6607142857142857 0.5193452380952381 0.005952380952380952 0.002976190476190476
0 0.6994047619047619 0.5148809523809523 0.005952380952380952 0.005952380952380952
0 0.6279761904761905 0.5178571428571429 0.023809523809523808 0.011904761904761904
