0 0.5848214285714286 0.8258928571428571 0.008928571428571428 0.002976190476190476
0 0.5803571428571429 0.8199404761904762 0.005952380952380952 0.002976190476190476
0 0.5401785714285714 0.8110119047619048 0.008928571428571428 0.002976190476190476
0 0.43005952380952384 0.7872023809523809 0.002976190476190476 0.002976190476190476
0 0.5610119047619048 0.7366071428571429 0.002976190476190476 0.002976190476190476
0 0.5773809523809523 0.7127976190476191 0.005952380952380952 0.002976190476190476
0 0.5476190476190477 0.7127976190476191 0.023809523809523808 0.008928571428571428
0 0.5610119047619048 0.7038690476190477 0.002976190476190476 0.002976190476190476
0 0.4211309523809524 0.6770833333333334 0.002976190476190476 0.002976190476190476
0 0.34375 0.6785714285714286 0.020833333333333332 0.005952380952380952
0 0.5714285714285714 0.6785714285714286 0.023809523809523808 0.011904761904761904
0 0.6979166666666666 0.6532738095238095 0.008928571428571428 0.002976190476190476
0 0.3913690476190476 0.6324404761904762 0.002976190476190476 0.002976190476190476
0 0.5610119047619048 0.6398809523809523 0.03273809523809524 0.023809523809523808
0 0.6592261904761905 0.6264880952380952 0.01488095238095238 0.002976190476190476
0 0.44494047619047616 0.6264880952380952 0.002976190476190476 0.002976190476190476
0 0.6607142857142857 0.6175595238095238 0.005952380952380952 0.002976190476190476
0 0.6398809523809523 0.6175595238095238 0.011904761904761904 0.002976190476190476
0 0.5699404761904762 0.7172619047619048 0.41964285714285715 0.21428571428571427
0 0.5595238095238095 0.6101190476190477 0.023809523809523808 0.011904761904761904
0 0.5744047619047619 0.6026785714285714 0.011904761904761904 0.002976190476190476
0 0.6622023809523809 0.5238095238095238 0.026785714285714284 0.011904761904761904
0 0.7008928571428571 0.5119047619047619 0.01488095238095238 0.005952380952380952
0 0.6532738095238095 0.49255952380952384 0.008928571428571428 0.002976190476190476
0 0.6622023809523809 0.48660714285714285 0.008928571428571428 0.002976190476190476
0 0.6577380952380952 0.4806547619047619 0.005952380952380952 0.002976190476190476
