0 0.4880952380952381 0.8199404761904762 0.005952380952380952 0.002976190476190476
0 0.4851190476190476 0.8080357142857143 0.005952380952380952 0.002976190476190476
0 0.49107142857142855 0.7232142857142857 0.047619047619047616 0.017857142857142856
0 0.46130952380952384 0.7098214285714286 0.005952380952380952 0.002976190476190476
0 0.5788690476190477 0.7038690476190477 0.002976190476190476 0.002976190476190476
0 0.6220238095238095 0.7440476190476191 0.14285714285714285 0.13690476190476192
0 0.6458333333333334 0.6711309523809523 0.005952380952380952 0.002976190476190476
0 0.6443452380952381 0.6651785714285714 0.026785714285714284 0.002976190476190476
0 0.44345238095238093 0.7276785714285714 0.17857142857142858 0.15178571428571427
0 0.41517857142857145 0.6443452380952381 0.008928571428571428 0.002976190476190476
0 0.6428571428571429 0.6502976190476191 0.023809523809523808 0.020833333333333332
0 0.5133928571428571 0.6205357142857143 0.008928571428571428 0.002976190476190476
0 0.5193452380952381 0.5699404761904762 0.002976190476190476 0.002976190476190476
0 0.5074404761904762 0.5729166666666666 0.020833333333333332 0.008928571428571428
0 0.5104166666666666 0.5639880952380952 0.008928571428571428 0.002976190476190476
0 0.4895833333333333 0.5639880952380952 0.008928571428571428 0.002976190476190476
0 0.5089285714285714 0.5505952380952381 0.017857142857142856 0.005952380952380952
0 0.6741071428571429 0.5461309523809523 0.026785714285714284 0.008928571428571428
0 0.6339285714285714 0.5416666666666666 0.017857142857142856 0.005952380952380952
0 0.6130952380952381 0.5252976190476191 0.047619047619047616 0.01488095238095238
0 0.6101190476190477 0.5133928571428571 0.005952380952380952 0.002976190476190476
0 0.7247023809523809 0.5119047619047619 0.01488095238095238 0.005952380952380952
0 0.6517857142857143 0.5193452380952381 0.023809523809523808 0.020833333333333332
0 0.6160714285714286 0.5 0.011904761904761904 0.005952380952380952
0 0.6622023809523809 0.5 0.06845238095238096 0.011904761904761904
0 0.7023809523809523 0.49404761904761907 0.017857142857142856 0.011904761904761904
