0 0.5327380952380952 0.7529761904761905 0.017857142857142856 0.011904761904761904
0 0.43005952380952384 0.7514880952380952 0.01488095238095238 0.008928571428571428
0 0.44345238095238093 0.7470238095238095 0.005952380952380952 0.005952380952380952
0 0.44345238095238093 0.7366071428571429 0.017857142857142856 0.008928571428571428
0 0.6309523809523809 0.7306547619047619 0.005952380952380952 0.002976190476190476
0 0.6175595238095238 0.7321428571428571 0.008928571428571428 0.005952380952380952
0 0.4479166666666667 0.7276785714285714 0.002976190476190476 0.002976190476190476
0 0.5372023809523809 0.7247023809523809 0.002976190476190476 0.002976190476190476
0 0.5074404761904762 0.7157738095238095 0.026785714285714284 0.002976190476190476
0 0.3794642857142857 0.6934523809523809 0.002976190476190476 0.005952380952380952
0 0.6116071428571429 0.6726190476190477 0.026785714285714284 0.017857142857142856
0 0.7127976190476191 0.6428571428571429 0.01488095238095238 0.011904761904761904
0 0.5684523809523809 0.6175595238095238 0.005952380952380952 0.002976190476190476
0 0.5535714285714286 0.5997023809523809 0.023809523809523808 0.002976190476190476
0 0.6160714285714286 0.6473214285714286 0.17857142857142858 0.10416666666666667
0 0.6041666666666666 0.5863095238095238 0.011904761904761904 0.011904761904761904
0 0.5044642857142857 0.5773809523809523 0.11011904761904762 0.07738095238095238
0 0.6919642857142857 0.5059523809523809 0.008928571428571428 0.005952380952380952
0 0.65625 0.5089285714285714 0.03273809523809524 0.011904761904761904
0 0.6383928571428571 0.5014880952380952 0.008928571428571428 0.002976190476190476
