0 0.5133928571428571 0.8348214285714286 0.002976190476190476 0.002976190476190476
0 0.6190476190476191 0.6979166666666666 0.005952380952380952 0.002976190476190476
0 0.3869047619047619 0.6919642857142857 0.005952380952380952 0.002976190476190476
0 0.5565476190476191 0.6860119047619048 0.017857142857142856 0.002976190476190476
0 0.5714285714285714 0.6830357142857143 0.005952380952380952 0.002976190476190476
0 0.6875 0.6711309523809523 0.005952380952380952 0.002976190476190476
0 0.6651785714285714 0.6681547619047619 0.002976190476190476 0.002976190476190476
0 0.5520833333333334 0.6622023809523809 0.01488095238095238 0.002976190476190476
0 0.5282738095238095 0.6577380952380952 0.020833333333333332 0.011904761904761904
0 0.5907738095238095 0.6502976190476191 0.002976190476190476 0.002976190476190476
0 0.41517857142857145 0.6502976190476191 0.002976190476190476 0.002976190476190476
0 0.5773809523809523 0.6517857142857143 0.02976190476190476 0.017857142857142856
0 0.5282738095238095 0.6413690476190477 0.01488095238095238 0.002976190476190476
0 0.4806547619047619 0.6383928571428571 0.002976190476190476 0.002976190476190476
0 0.5252976190476191 0.6994047619047619 0.25892857142857145 0.125
0 0.6160714285714286 0.5580357142857143 0.02976190476190476 0.01488095238095238
0 0.6889880952380952 0.5401785714285714 0.03869047619047619 0.020833333333333332
0 0.6175595238095238 0.5238095238095238 0.03273809523809524 0.017857142857142856
0 0.6294642857142857 0.5074404761904762 0.01488095238095238 0.002976190476190476
0 0.6235119047619048 0.5014880952380952 0.002976190476190476 0.002976190476190476
