0 0.5372023809523809 0.8169642857142857 0.008928571428571428 0.002976190476190476
0 0.49702380952380953 0.8199404761904762 0.023809523809523808 0.01488095238095238
0 0.49702380952380953 0.8050595238095238 0.005952380952380952 0.002976190476190476
0 0.4955357142857143 0.7961309523809523 0.008928571428571428 0.002976190476190476
0 0.6517857142857143 0.7842261904761905 0.005952380952380952 0.002976190476190476
0 0.49255952380952384 0.7752976190476191 0.01488095238095238 0.002976190476190476
0 0.3794642857142857 0.7276785714285714 0.002976190476190476 0.002976190476190476
0 0.4479166666666667 0.7276785714285714 0.16964285714285715 0.09226190476190477
0 0.6324404761904762 0.7217261904761905 0.1875 0.11011904761904762
0 0.6547619047619048 0.6443452380952381 0.011904761904761904 0.008928571428571428
0 0.6309523809523809 0.6428571428571429 0.011904761904761904 0.005952380952380952
0 0.7842261904761905 0.6324404761904762 0.002976190476190476 0.002976190476190476
0 0.6488095238095238 0.6339285714285714 0.005952380952380952 0.005952380952380952
0 0.5729166666666666 0.6279761904761905 0.008928571428571428 0.005952380952380952
0 0.5193452380952381 0.6264880952380952 0.050595238095238096 0.008928571428571428
0 0.6369047619047619 0.6279761904761905 0.047619047619047616 0.017857142857142856
0 0.7574404761904762 0.6458333333333334 0.0744047619047619 0.05952380952380952
0 0.7619047619047619 0.6116071428571429 0.02976190476190476 0.002976190476190476
0 0.5431547619047619 0.6116071428571429 0.026785714285714284 0.01488095238095238
0 0.5699404761904762 0.5863095238095238 0.044642857142857144 0.017857142857142856
0 0.5178571428571429 0.5758928571428571 0.011904761904761904 0.002976190476190476
0 0.49851190476190477 0.5758928571428571 0.01488095238095238 0.002976190476190476
0 0.4806547619047619 0.5699404761904762 0.026785714285714284 0.008928571428571428
0 0.7068452380952381 0.5282738095238095 0.002976190476190476 0.002976190476190476
0 0.7053571428571429 0.49851190476190477 0.005952380952380952 0.002976190476190476
0 0.6547619047619048 0.5163690476190477 0.06547619047619048 0.050595238095238096
0 0.6651785714285714 0.48214285714285715 0.008928571428571428 0.005952380952380952
