0 0.44642857142857145 0.7514880952380952 0.005952380952380952 0.002976190476190476
0 0.4330357142857143 0.7514880952380952 0.002976190476190476 0.002976190476190476
0 0.6086309523809523 0.7306547619047619 0.002976190476190476 0.002976190476190476
0 0.6324404761904762 0.7098214285714286 0.002976190476190476 0.002976190476190476
0 0.6354166666666666 0.6979166666666666 0.002976190476190476 0.002976190476190476
0 0.6383928571428571 0.6889880952380952 0.002976190476190476 0.002976190476190476
0 0.5074404761904762 0.6800595238095238 0.008928571428571428 0.002976190476190476
0 0.6235119047619048 0.6681547619047619 0.020833333333333332 0.008928571428571428
0 0.5089285714285714 0.7083333333333334 0.24404761904761904 0.1130952380952381
0 0.5967261904761905 0.5699404761904762 0.050595238095238096 0.020833333333333332
