0 0.5386904761904762 0.7514880952380952 0.011904761904761904 0.002976190476190476
0 0.41964285714285715 0.7395833333333334 0.005952380952380952 0.002976190476190476
0 0.6860119047619048 0.7247023809523809 0.002976190476190476 0.002976190476190476
0 0.45089285714285715 0.7380952380952381 0.0625 0.02976190476190476
0 0.37202380952380953 0.6949404761904762 0.005952380952380952 0.002976190476190476
0 0.49255952380952384 0.6622023809523809 0.002976190476190476 0.002976190476190476
0 0.5357142857142857 0.6622023809523809 0.023809523809523808 0.008928571428571428
0 0.4523809523809524 0.6473214285714286 0.011904761904761904 0.008928571428571428
0 0.7455357142857143 0.6324404761904762 0.002976190476190476 0.002976190476190476
0 0.6651785714285714 0.6785714285714286 0.15773809523809523 0.125
0 0.5654761904761905 0.6324404761904762 0.10119047619047619 0.03869047619047619
0 0.49702380952380953 0.5967261904761905 0.011904761904761904 0.002976190476190476
0 0.5193452380952381 0.5669642857142857 0.01488095238095238 0.008928571428571428
0 0.47619047619047616 0.5729166666666666 0.041666666666666664 0.026785714285714284
0 0.45982142857142855 0.5491071428571429 0.01488095238095238 0.002976190476190476
0 0.7351190476190477 0.5089285714285714 0.017857142857142856 0.005952380952380952
0 0.7142857142857143 0.5044642857142857 0.005952380952380952 0.002976190476190476
0 0.6889880952380952 0.5044642857142857 0.026785714285714284 0.008928571428571428
0 0.65625 0.5059523809523809 0.026785714285714284 0.011904761904761904
