0 0.5773809523809523 0.8229166666666666 0.005952380952380952 0.002976190476190476
0 0.5729166666666666 0.8125 0.020833333333333332 0.005952380952380952
0 0.4375 0.7991071428571429 0.005952380952380952 0.002976190476190476
0 0.42410714285714285 0.7827380952380952 0.01488095238095238 0.011904761904761904
0 0.5550595238095238 0.7038690476190477 0.01488095238095238 0.020833333333333332
0 0.39285714285714285 0.6800595238095238 0.005952380952380952 0.002976190476190476
0 0.3913690476190476 0.6726190476190477 0.01488095238095238 0.005952380952380952
0 0.36160714285714285 0.6681547619047619 0.01488095238095238 0.002976190476190476
0 0.39732142857142855 0.6517857142857143 0.05654761904761905 0.017857142857142856
0 0.5669642857142857 0.6398809523809523 0.002976190476190476 0.005952380952380952
0 0.6309523809523809 0.6354166666666666 0.017857142857142856 0.002976190476190476
0 0.5595238095238095 0.6294642857142857 0.005952380952380952 0.002976190476190476
0 0.4494047619047619 0.6279761904761905 0.011904761904761904 0.005952380952380952
0 0.6622023809523809 0.6175595238095238 0.002976190476190476 0.002976190476190476
0 0.6369047619047619 0.6175595238095238 0.011904761904761904 0.002976190476190476
0 0.5729166666666666 0.7083333333333334 0.3898809523809524 0.20833333333333334
0 0.6026785714285714 0.6056547619047619 0.002976190476190476 0.002976190476190476
0 0.5505952380952381 0.6026785714285714 0.005952380952380952 0.002976190476190476
0 0.5967261904761905 0.5818452380952381 0.01488095238095238 0.008928571428571428
0 0.5833333333333334 0.5729166666666666 0.011904761904761904 0.002976190476190476
0 0.6220238095238095 0.5119047619047619 0.017857142857142856 0.005952380952380952
0 0.6964285714285714 0.5089285714285714 0.02976190476190476 0.017857142857142856
0 0.6741071428571429 0.49255952380952384 0.002976190476190476 0.002976190476190476
0 0.7098214285714286 0.4806547619047619 0.020833333333333332 0.008928571428571428
0 0.6815476190476191 0.47470238095238093 0.005952380952380952 0.002976190476190476
0 0.6755952380952381 0.46726190476190477 0.017857142857142856 0.005952380952380952
