0 0.3913690476190476 0.6919642857142857 0.002976190476190476 0.002976190476190476
0 0.5535714285714286 0.6860119047619048 0.011904761904761904 0.002976190476190476
0 0.5669642857142857 0.6830357142857143 0.008928571428571428 0.002976190476190476
0 0.5193452380952381 0.6845238095238095 0.002976190476190476 0.005952380952380952
0 0.6889880952380952 0.6711309523809523 0.01488095238095238 0.002976190476190476
0 0.65625 0.6696428571428571 0.008928571428571428 0.005952380952380952
0 0.38244047619047616 0.6622023809523809 0.002976190476190476 0.002976190476190476
0 0.42857142857142855 0.6577380952380952 0.011904761904761904 0.005952380952380952
0 0.41369047619047616 0.6502976190476191 0.011904761904761904 0.002976190476190476
0 0.4017857142857143 0.6502976190476191 0.005952380952380952 0.002976190476190476
0 0.5223214285714286 0.7008928571428571 0.25892857142857145 0.12202380952380952
0 0.44345238095238093 0.6473214285714286 0.011904761904761904 0.01488095238095238
0 0.47172619047619047 0.6383928571428571 0.008928571428571428 0.002976190476190476
0 0.6160714285714286 0.5595238095238095 0.023809523809523808 0.011904761904761904
0 0.6875 0.5416666666666666 0.02976190476190476 0.017857142857142856
0 0.6160714285714286 0.5238095238095238 0.023809523809523808 0.017857142857142856
0 0.625 0.5074404761904762 0.017857142857142856 0.002976190476190476
