0 0.44047619047619047 0.7827380952380952 0.017857142857142856 0.011904761904761904
0 0.3943452380952381 0.7098214285714286 0.008928571428571428 0.002976190476190476
0 0.3794642857142857 0.7008928571428571 0.008928571428571428 0.002976190476190476
0 0.5773809523809523 0.6949404761904762 0.005952380952380952 0.002976190476190476
0 0.5431547619047619 0.6904761904761905 0.03273809523809524 0.005952380952380952
0 0.7291666666666666 0.6800595238095238 0.005952380952380952 0.002976190476190476
0 0.6994047619047619 0.6577380952380952 0.017857142857142856 0.005952380952380952
0 0.6160714285714286 0.65625 0.005952380952380952 0.002976190476190476
0 0.6681547619047619 0.6502976190476191 0.002976190476190476 0.002976190476190476
0 0.6309523809523809 0.6517857142857143 0.005952380952380952 0.005952380952380952
0 0.5610119047619048 0.6398809523809523 0.03273809523809524 0.017857142857142856
0 0.5357142857142857 0.7202380952380952 0.35119047619047616 0.19642857142857142
0 0.7544642857142857 0.6398809523809523 0.044642857142857144 0.05952380952380952
0 0.6636904761904762 0.5223214285714286 0.02976190476190476 0.01488095238095238
0 0.6979166666666666 0.5148809523809523 0.008928571428571428 0.005952380952380952
0 0.6235119047619048 0.5208333333333334 0.03869047619047619 0.017857142857142856
0 0.6592261904761905 0.5104166666666666 0.008928571428571428 0.002976190476190476
