0 0.5014880952380952 0.8080357142857143 0.01488095238095238 0.008928571428571428
0 0.6235119047619048 0.78125 0.002976190476190476 0.002976190476190476
0 0.6130952380952381 0.78125 0.005952380952380952 0.002976190476190476
0 0.7113095238095238 0.7336309523809523 0.011904761904761904 0.002976190476190476
0 0.44642857142857145 0.7514880952380952 0.13095238095238096 0.09821428571428571
0 0.59375 0.7008928571428571 0.008928571428571428 0.008928571428571428
0 0.5967261904761905 0.6889880952380952 0.002976190476190476 0.002976190476190476
0 0.37797619047619047 0.6949404761904762 0.02976190476190476 0.026785714285714284
0 0.6428571428571429 0.7291666666666666 0.16071428571428573 0.11904761904761904
0 0.7738095238095238 0.6666666666666666 0.011904761904761904 0.005952380952380952
0 0.7693452380952381 0.6547619047619048 0.008928571428571428 0.005952380952380952
0 0.6383928571428571 0.6264880952380952 0.03869047619047619 0.008928571428571428
0 0.7544642857142857 0.6264880952380952 0.03273809523809524 0.03273809523809524
0 0.5848214285714286 0.5907738095238095 0.002976190476190476 0.002976190476190476
0 0.46577380952380953 0.5758928571428571 0.008928571428571428 0.002976190476190476
0 0.6592261904761905 0.5372023809523809 0.002976190476190476 0.002976190476190476
0 0.6175595238095238 0.5252976190476191 0.008928571428571428 0.002976190476190476
0 0.6726190476190477 0.5074404761904762 0.011904761904761904 0.002976190476190476
0 0.6622023809523809 0.5074404761904762 0.002976190476190476 0.002976190476190476
0 0.6681547619047619 0.5014880952380952 0.008928571428571428 0.002976190476190476
0 0.6398809523809523 0.5208333333333334 0.047619047619047616 0.041666666666666664
