0 0.5163690476190477 0.8154761904761905 0.008928571428571428 0.005952380952380952
0 0.5119047619047619 0.8080357142857143 0.005952380952380952 0.002976190476190476
0 0.4732142857142857 0.8080357142857143 0.011904761904761904 0.008928571428571428
0 0.5178571428571429 0.7946428571428571 0.011904761904761904 0.005952380952380952
0 0.47767857142857145 0.7931547619047619 0.008928571428571428 0.002976190476190476
0 0.42857142857142855 0.7901785714285714 0.017857142857142856 0.01488095238095238
0 0.6800595238095238 0.7276785714285714 0.01488095238095238 0.002976190476190476
0 0.5416666666666666 0.7470238095238095 0.047619047619047616 0.041666666666666664
0 0.6785714285714286 0.7127976190476191 0.011904761904761904 0.002976190476190476
0 0.6235119047619048 0.6532738095238095 0.002976190476190476 0.002976190476190476
0 0.5907738095238095 0.6056547619047619 0.01488095238095238 0.002976190476190476
0 0.6458333333333334 0.6622023809523809 0.125 0.12202380952380952
0 0.5773809523809523 0.5982142857142857 0.011904761904761904 0.005952380952380952
0 0.5595238095238095 0.5907738095238095 0.005952380952380952 0.002976190476190476
0 0.5297619047619048 0.5877976190476191 0.07738095238095238 0.044642857142857144
0 0.6800595238095238 0.4895833333333333 0.026785714285714284 0.008928571428571428
