0 0.4568452380952381 0.8556547619047619 0.05654761904761905 0.020833333333333332
0 0.46130952380952384 0.8377976190476191 0.011904761904761904 0.008928571428571428
0 0.46577380952380953 0.8288690476190477 0.002976190476190476 0.002976190476190476
0 0.40029761904761907 0.7872023809523809 0.008928571428571428 0.002976190476190476
0 0.45089285714285715 0.7782738095238095 0.008928571428571428 0.002976190476190476
0 0.40327380952380953 0.7708333333333334 0.03869047619047619 0.023809523809523808
0 0.4017857142857143 0.7485119047619048 0.005952380952380952 0.002976190476190476
0 0.6636904761904762 0.7366071428571429 0.017857142857142856 0.002976190476190476
0 0.6473214285714286 0.7366071428571429 0.008928571428571428 0.002976190476190476
0 0.6696428571428571 0.7306547619047619 0.005952380952380952 0.002976190476190476
0 0.36904761904761907 0.71875 0.005952380952380952 0.002976190476190476
0 0.6369047619047619 0.6800595238095238 0.005952380952380952 0.002976190476190476
0 0.6354166666666666 0.6741071428571429 0.002976190476190476 0.002976190476190476
0 0.43452380952380953 0.6666666666666666 0.005952380952380952 0.005952380952380952
0 0.5014880952380952 0.7083333333333334 0.2767857142857143 0.15476190476190477
0 0.6264880952380952 0.5877976190476191 0.002976190476190476 0.002976190476190476
0 0.6205357142857143 0.5877976190476191 0.002976190476190476 0.002976190476190476
0 0.5625 0.5877976190476191 0.011904761904761904 0.002976190476190476
0 0.6116071428571429 0.5744047619047619 0.0625 0.03571428571428571
0 0.6458333333333334 0.5461309523809523 0.011904761904761904 0.002976190476190476
0 0.5729166666666666 0.5461309523809523 0.050595238095238096 0.01488095238095238
0 0.5208333333333334 0.5416666666666666 0.017857142857142856 0.005952380952380952
0 0.7053571428571429 0.5372023809523809 0.011904761904761904 0.008928571428571428
0 0.6815476190476191 0.5431547619047619 0.041666666666666664 0.020833333333333332
0 0.5744047619047619 0.5342261904761905 0.005952380952380952 0.002976190476190476
0 0.6294642857142857 0.5372023809523809 0.008928571428571428 0.01488095238095238
0 0.6264880952380952 0.5133928571428571 0.026785714285714284 0.020833333333333332
0 0.6279761904761905 0.43898809523809523 0.02976190476190476 0.020833333333333332
