0 0.4375 0.7366071428571429 0.005952380952380952 0.002976190476190476
0 0.5282738095238095 0.7514880952380952 0.1636904761904762 0.03869047619047619
0 0.6651785714285714 0.7142857142857143 0.002976190476190476 0.005952380952380952
0 0.41964285714285715 0.7008928571428571 0.05357142857142857 0.0625
0 0.6383928571428571 0.6889880952380952 0.050595238095238096 0.0625
0 0.5104166666666666 0.6592261904761905 0.008928571428571428 0.002976190476190476
0 0.43452380952380953 0.6607142857142857 0.03571428571428571 0.005952380952380952
0 0.40773809523809523 0.65625 0.005952380952380952 0.002976190476190476
0 0.4583333333333333 0.6532738095238095 0.08928571428571429 0.008928571428571428
0 0.5714285714285714 0.6517857142857143 0.05357142857142857 0.02976190476190476
0 0.6160714285714286 0.5565476190476191 0.02976190476190476 0.023809523809523808
0 0.6041666666666666 0.5327380952380952 0.011904761904761904 0.005952380952380952
0 0.6532738095238095 0.5074404761904762 0.002976190476190476 0.002976190476190476
0 0.6681547619047619 0.5252976190476191 0.13988095238095238 0.050595238095238096
