0 0.49851190476190477 0.8258928571428571 0.01488095238095238 0.008928571428571428
0 0.43601190476190477 0.7827380952380952 0.020833333333333332 0.011904761904761904
0 0.6622023809523809 0.7842261904761905 0.020833333333333332 0.026785714285714284
0 0.38095238095238093 0.7038690476190477 0.005952380952380952 0.002976190476190476
0 0.38095238095238093 0.6979166666666666 0.011904761904761904 0.002976190476190476
0 0.7053571428571429 0.6741071428571429 0.005952380952380952 0.008928571428571428
0 0.5982142857142857 0.6592261904761905 0.017857142857142856 0.008928571428571428
0 0.5758928571428571 0.6413690476190477 0.002976190476190476 0.002976190476190476
0 0.5416666666666666 0.7232142857142857 0.35714285714285715 0.19642857142857142
0 0.5610119047619048 0.6354166666666666 0.03869047619047619 0.026785714285714284
0 0.41220238095238093 0.6205357142857143 0.01488095238095238 0.002976190476190476
0 0.7529761904761905 0.6413690476190477 0.05357142857142857 0.0625
0 0.625 0.5163690476190477 0.03571428571428571 0.008928571428571428
0 0.6964285714285714 0.5119047619047619 0.017857142857142856 0.005952380952380952
0 0.6622023809523809 0.5178571428571429 0.03273809523809524 0.023809523809523808
0 0.6532738095238095 0.4955357142857143 0.020833333333333332 0.002976190476190476
0 0.6666666666666666 0.48660714285714285 0.017857142857142856 0.002976190476190476
0 0.6532738095238095 0.48660714285714285 0.002976190476190476 0.002976190476190476
