0 0.39732142857142855 0.8154761904761905 0.008928571428571428 0.005952380952380952
0 0.41964285714285715 0.7514880952380952 0.011904761904761904 0.002976190476190476
0 0.5163690476190477 0.6860119047619048 0.002976190476190476 0.002976190476190476
0 0.4955357142857143 0.6681547619047619 0.01488095238095238 0.008928571428571428
0 0.43898809523809523 0.65625 0.002976190476190476 0.002976190476190476
0 0.43452380952380953 0.6443452380952381 0.005952380952380952 0.002976190476190476
0 0.5089285714285714 0.7008928571428571 0.2619047619047619 0.12202380952380952
0 0.4642857142857143 0.6443452380952381 0.011904761904761904 0.008928571428571428
0 0.6919642857142857 0.5372023809523809 0.008928571428571428 0.002976190476190476
0 0.5758928571428571 0.5133928571428571 0.002976190476190476 0.002976190476190476
0 0.5833333333333334 0.5044642857142857 0.023809523809523808 0.008928571428571428
