0 0.5848214285714286 0.8139880952380952 0.002976190476190476 0.002976190476190476
0 0.4732142857142857 0.7514880952380952 0.03571428571428571 0.020833333333333332
0 0.5550595238095238 0.7366071428571429 0.03869047619047619 0.002976190476190476
0 0.49851190476190477 0.7336309523809523 0.03869047619047619 0.002976190476190476
0 0.41517857142857145 0.6741071428571429 0.002976190476190476 0.002976190476190476
0 0.4270833333333333 0.7068452380952381 0.06845238095238096 0.06845238095238096
0 0.6086309523809523 0.6681547619047619 0.002976190476190476 0.002976190476190476
0 0.5877976190476191 0.6651785714285714 0.002976190476190476 0.002976190476190476
0 0.59375 0.7172619047619048 0.1875 0.11904761904761904
0 0.6071428571428571 0.65625 0.005952380952380952 0.002976190476190476
0 0.4270833333333333 0.6577380952380952 0.03869047619047619 0.023809523809523808
0 0.7931547619047619 0.6369047619047619 0.008928571428571428 0.005952380952380952
0 0.7976190476190477 0.6294642857142857 0.005952380952380952 0.002976190476190476
0 0.7901785714285714 0.625 0.01488095238095238 0.011904761904761904
0 0.6681547619047619 0.5431547619047619 0.002976190476190476 0.002976190476190476
0 0.6547619047619048 0.5342261904761905 0.005952380952380952 0.002976190476190476
0 0.6949404761904762 0.5386904761904762 0.03869047619047619 0.017857142857142856
0 0.6875 0.5223214285714286 0.02976190476190476 0.008928571428571428
0 0.6488095238095238 0.5163690476190477 0.047619047619047616 0.03273809523809524
