0 0.5133928571428571 0.8139880952380952 0.008928571428571428 0.008928571428571428
0 0.47470238095238093 0.8095238095238095 0.008928571428571428 0.011904761904761904
0 0.49851190476190477 0.7633928571428571 0.008928571428571428 0.002976190476190476
0 0.6830357142857143 0.7291666666666666 0.026785714285714284 0.005952380952380952
0 0.5401785714285714 0.7440476190476191 0.03273809523809524 0.041666666666666664
0 0.6800595238095238 0.7127976190476191 0.002976190476190476 0.002976190476190476
0 0.6041666666666666 0.7098214285714286 0.005952380952380952 0.002976190476190476
0 0.5982142857142857 0.6086309523809523 0.005952380952380952 0.002976190476190476
0 0.6428571428571429 0.6651785714285714 0.13095238095238096 0.12797619047619047
0 0.5788690476190477 0.5967261904761905 0.002976190476190476 0.002976190476190476
0 0.5714285714285714 0.5982142857142857 0.005952380952380952 0.005952380952380952
0 0.5386904761904762 0.6011904761904762 0.05952380952380952 0.017857142857142856
0 0.5178571428571429 0.5803571428571429 0.047619047619047616 0.017857142857142856
0 0.6741071428571429 0.4895833333333333 0.020833333333333332 0.008928571428571428
