0 0.48660714285714285 0.8169642857142857 0.020833333333333332 0.002976190476190476
0 0.6309523809523809 0.7946428571428571 0.023809523809523808 0.005952380952380952
0 0.6190476190476191 0.78125 0.011904761904761904 0.002976190476190476
0 0.6592261904761905 0.7604166666666666 0.002976190476190476 0.002976190476190476
0 0.5505952380952381 0.7544642857142857 0.005952380952380952 0.002976190476190476
0 0.6532738095238095 0.7395833333333334 0.01488095238095238 0.002976190476190476
0 0.4836309523809524 0.6889880952380952 0.002976190476190476 0.002976190476190476
0 0.5193452380952381 0.6994047619047619 0.08630952380952381 0.041666666666666664
0 0.6354166666666666 0.6770833333333334 0.026785714285714284 0.008928571428571428
0 0.5119047619047619 0.7276785714285714 0.3273809523809524 0.17559523809523808
0 0.5818452380952381 0.5550595238095238 0.002976190476190476 0.002976190476190476
0 0.6726190476190477 0.5431547619047619 0.047619047619047616 0.01488095238095238
0 0.5833333333333334 0.5431547619047619 0.02976190476190476 0.020833333333333332
0 0.6666666666666666 0.53125 0.07738095238095238 0.01488095238095238
0 0.5922619047619048 0.5252976190476191 0.023809523809523808 0.002976190476190476
0 0.6473214285714286 0.5148809523809523 0.026785714285714284 0.011904761904761904
0 0.6934523809523809 0.5059523809523809 0.017857142857142856 0.005952380952380952
