0 0.45982142857142855 0.8288690476190477 0.008928571428571428 0.002976190476190476
0 0.5758928571428571 0.8229166666666666 0.002976190476190476 0.002976190476190476
0 0.5223214285714286 0.8244047619047619 0.002976190476190476 0.005952380952380952
0 0.4211309523809524 0.7901785714285714 0.020833333333333332 0.01488095238095238
0 0.43898809523809523 0.7752976190476191 0.01488095238095238 0.002976190476190476
0 0.6264880952380952 0.7574404761904762 0.002976190476190476 0.002976190476190476
0 0.5461309523809523 0.7514880952380952 0.008928571428571428 0.002976190476190476
0 0.47470238095238093 0.7395833333333334 0.002976190476190476 0.002976190476190476
0 0.5892857142857143 0.7336309523809523 0.017857142857142856 0.002976190476190476
0 0.5788690476190477 0.7276785714285714 0.008928571428571428 0.002976190476190476
0 0.5238095238095238 0.71875 0.011904761904761904 0.002976190476190476
0 0.59375 0.7068452380952381 0.002976190476190476 0.002976190476190476
0 0.5342261904761905 0.7142857142857143 0.050595238095238096 0.017857142857142856
0 0.5654761904761905 0.7038690476190477 0.011904761904761904 0.008928571428571428
0 0.5625 0.6919642857142857 0.005952380952380952 0.002976190476190476
0 0.5505952380952381 0.6889880952380952 0.005952380952380952 0.002976190476190476
0 0.5416666666666666 0.6889880952380952 0.005952380952380952 0.002976190476190476
0 0.5773809523809523 0.6800595238095238 0.017857142857142856 0.002976190476190476
0 0.5863095238095238 0.6711309523809523 0.023809523809523808 0.008928571428571428
0 0.6324404761904762 0.6488095238095238 0.008928571428571428 0.005952380952380952
0 0.5610119047619048 0.6398809523809523 0.03869047619047619 0.02976190476190476
0 0.6815476190476191 0.6235119047619048 0.005952380952380952 0.002976190476190476
0 0.6383928571428571 0.6145833333333334 0.044642857142857144 0.01488095238095238
0 0.5491071428571429 0.7142857142857143 0.46130952380952384 0.22023809523809523
0 0.5684523809523809 0.6056547619047619 0.011904761904761904 0.002976190476190476
0 0.6651785714285714 0.5238095238095238 0.020833333333333332 0.011904761904761904
0 0.6383928571428571 0.5133928571428571 0.002976190476190476 0.002976190476190476
0 0.625 0.5178571428571429 0.023809523809523808 0.017857142857142856
0 0.6979166666666666 0.5104166666666666 0.026785714285714284 0.01488095238095238
0 0.7053571428571429 0.48214285714285715 0.023809523809523808 0.011904761904761904
0 0.6741071428571429 0.46875 0.020833333333333332 0.008928571428571428
