0 0.6696428571428571 0.7931547619047619 0.005952380952380952 0.008928571428571428
0 0.5372023809523809 0.7782738095238095 0.002976190476190476 0.002976190476190476
0 0.5967261904761905 0.6889880952380952 0.002976190476190476 0.002976190476190476
0 0.5029761904761905 0.6979166666666666 0.05357142857142857 0.020833333333333332
0 0.6130952380952381 0.7455357142857143 0.1488095238095238 0.13988095238095238
0 0.44494047619047616 0.7247023809523809 0.18154761904761904 0.16964285714285715
0 0.5788690476190477 0.5491071428571429 0.002976190476190476 0.002976190476190476
0 0.6741071428571429 0.5446428571428571 0.026785714285714284 0.005952380952380952
0 0.5818452380952381 0.5342261904761905 0.002976190476190476 0.002976190476190476
0 0.6532738095238095 0.5282738095238095 0.01488095238095238 0.002976190476190476
0 0.6398809523809523 0.5193452380952381 0.05952380952380952 0.020833333333333332
0 0.6904761904761905 0.5 0.047619047619047616 0.011904761904761904
