0 0.5163690476190477 0.8214285714285714 0.01488095238095238 0.011904761904761904
0 0.4732142857142857 0.8080357142857143 0.011904761904761904 0.008928571428571428
0 0.4270833333333333 0.7857142857142857 0.01488095238095238 0.005952380952380952
0 0.5386904761904762 0.7633928571428571 0.005952380952380952 0.002976190476190476
0 0.6711309523809523 0.7276785714285714 0.002976190476190476 0.002976190476190476
0 0.5401785714285714 0.7425595238095238 0.03273809523809524 0.03273809523809524
0 0.6473214285714286 0.6994047619047619 0.050595238095238096 0.047619047619047616
0 0.6547619047619048 0.6651785714285714 0.005952380952380952 0.002976190476190476
0 0.5982142857142857 0.6369047619047619 0.005952380952380952 0.005952380952380952
0 0.5089285714285714 0.5997023809523809 0.005952380952380952 0.002976190476190476
0 0.6175595238095238 0.6175595238095238 0.1636904761904762 0.0625
0 0.5907738095238095 0.5818452380952381 0.002976190476190476 0.002976190476190476
0 0.5119047619047619 0.5758928571428571 0.041666666666666664 0.020833333333333332
0 0.48660714285714285 0.5669642857142857 0.002976190476190476 0.002976190476190476
0 0.6755952380952381 0.48660714285714285 0.011904761904761904 0.002976190476190476
