0 0.42410714285714285 0.78125 0.020833333333333332 0.01488095238095238
0 0.6026785714285714 0.7217261904761905 0.002976190476190476 0.002976190476190476
0 0.5982142857142857 0.7083333333333334 0.023809523809523808 0.017857142857142856
0 0.3645833333333333 0.6979166666666666 0.020833333333333332 0.008928571428571428
0 0.6145833333333334 0.6919642857142857 0.002976190476190476 0.002976190476190476
0 0.5669642857142857 0.6458333333333334 0.008928571428571428 0.005952380952380952
0 0.5580357142857143 0.6354166666666666 0.008928571428571428 0.002976190476190476
0 0.5565476190476191 0.6264880952380952 0.017857142857142856 0.008928571428571428
0 0.5476190476190477 0.7113095238095238 0.44642857142857145 0.20833333333333334
0 0.6488095238095238 0.6116071428571429 0.02976190476190476 0.008928571428571428
0 0.625 0.5148809523809523 0.017857142857142856 0.005952380952380952
0 0.6949404761904762 0.5074404761904762 0.020833333333333332 0.008928571428571428
0 0.6279761904761905 0.5059523809523809 0.017857142857142856 0.005952380952380952
0 0.6726190476190477 0.49851190476190477 0.005952380952380952 0.002976190476190476
0 0.6517857142857143 0.4955357142857143 0.005952380952380952 0.002976190476190476
0 0.7053571428571429 0.4836309523809524 0.017857142857142856 0.008928571428571428
