0 0.5773809523809523 0.8020833333333334 0.03571428571428571 0.03273809523809524
0 0.6577380952380952 0.7782738095238095 0.005952380952380952 0.002976190476190476
0 0.5297619047619048 0.7142857142857143 0.011904761904761904 0.005952380952380952
0 0.5491071428571429 0.7098214285714286 0.008928571428571428 0.002976190476190476
0 0.5178571428571429 0.7008928571428571 0.05952380952380952 0.01488095238095238
0 0.5074404761904762 0.7232142857142857 0.31845238095238093 0.19047619047619047
0 0.3482142857142857 0.6294642857142857 0.005952380952380952 0.002976190476190476
0 0.6681547619047619 0.5520833333333334 0.03869047619047619 0.020833333333333332
0 0.6830357142857143 0.5401785714285714 0.002976190476190476 0.002976190476190476
0 0.5818452380952381 0.5446428571428571 0.044642857142857144 0.02976190476190476
0 0.7470238095238095 0.5282738095238095 0.011904761904761904 0.002976190476190476
0 0.7306547619047619 0.53125 0.020833333333333332 0.008928571428571428
0 0.6622023809523809 0.5252976190476191 0.08035714285714286 0.020833333333333332
0 0.6309523809523809 0.5104166666666666 0.023809523809523808 0.002976190476190476
