0 0.45535714285714285 0.8348214285714286 0.017857142857142856 0.01488095238095238
0 0.41964285714285715 0.7946428571428571 0.005952380952380952 0.005952380952380952
0 0.45982142857142855 0.7872023809523809 0.008928571428571428 0.002976190476190476
0 0.42857142857142855 0.7857142857142857 0.005952380952380952 0.005952380952380952
0 0.4375 0.7752976190476191 0.017857142857142856 0.002976190476190476
0 0.6264880952380952 0.7574404761904762 0.002976190476190476 0.002976190476190476
0 0.44494047619047616 0.7217261904761905 0.002976190476190476 0.002976190476190476
0 0.5580357142857143 0.7157738095238095 0.002976190476190476 0.002976190476190476
0 0.5357142857142857 0.7098214285714286 0.041666666666666664 0.008928571428571428
0 0.5639880952380952 0.6889880952380952 0.03273809523809524 0.002976190476190476
0 0.5401785714285714 0.6889880952380952 0.002976190476190476 0.002976190476190476
0 0.5803571428571429 0.6741071428571429 0.03571428571428571 0.01488095238095238
0 0.6354166666666666 0.6488095238095238 0.01488095238095238 0.005952380952380952
0 0.5595238095238095 0.6398809523809523 0.041666666666666664 0.02976190476190476
0 0.6577380952380952 0.6175595238095238 0.005952380952380952 0.002976190476190476
0 0.7276785714285714 0.6145833333333334 0.002976190476190476 0.002976190476190476
0 0.6339285714285714 0.6160714285714286 0.03571428571428571 0.011904761904761904
0 0.6502976190476191 0.6086309523809523 0.002976190476190476 0.002976190476190476
0 0.5505952380952381 0.7157738095238095 0.4642857142857143 0.22321428571428573
0 0.5669642857142857 0.6056547619047619 0.01488095238095238 0.002976190476190476
0 0.5997023809523809 0.5252976190476191 0.002976190476190476 0.002976190476190476
0 0.6681547619047619 0.5238095238095238 0.026785714285714284 0.011904761904761904
0 0.6279761904761905 0.5193452380952381 0.02976190476190476 0.01488095238095238
0 0.6979166666666666 0.5104166666666666 0.026785714285714284 0.01488095238095238
0 0.7038690476190477 0.4851190476190476 0.020833333333333332 0.005952380952380952
0 0.6651785714285714 0.4836309523809524 0.020833333333333332 0.008928571428571428
0 0.7068452380952381 0.47767857142857145 0.01488095238095238 0.002976190476190476
0 0.6755952380952381 0.46875 0.017857142857142856 0.008928571428571428
