0 0.5773809523809523 0.8020833333333334 0.02976190476190476 0.026785714285714284
0 0.6354166666666666 0.7425595238095238 0.002976190476190476 0.002976190476190476
0 0.6681547619047619 0.7336309523809523 0.002976190476190476 0.002976190476190476
0 0.5833333333333334 0.6994047619047619 0.017857142857142856 0.005952380952380952
0 0.5342261904761905 0.7023809523809523 0.06845238095238096 0.017857142857142856
0 0.35714285714285715 0.6919642857142857 0.005952380952380952 0.002976190476190476
0 0.41964285714285715 0.6785714285714286 0.005952380952380952 0.005952380952380952
0 0.6860119047619048 0.6741071428571429 0.002976190476190476 0.002976190476190476
0 0.6473214285714286 0.6741071428571429 0.002976190476190476 0.002976190476190476
0 0.5059523809523809 0.7247023809523809 0.32142857142857145 0.1875
0 0.5863095238095238 0.5863095238095238 0.017857142857142856 0.011904761904761904
0 0.6666666666666666 0.5446428571428571 0.017857142857142856 0.011904761904761904
0 0.6502976190476191 0.5342261904761905 0.020833333333333332 0.002976190476190476
0 0.5833333333333334 0.5476190476190477 0.03571428571428571 0.02976190476190476
0 0.6488095238095238 0.5238095238095238 0.017857142857142856 0.005952380952380952
0 0.5357142857142857 0.5267857142857143 0.017857142857142856 0.017857142857142856
