0 0.43005952380952384 0.7425595238095238 0.01488095238095238 0.002976190476190476
0 0.40625 0.7306547619047619 0.020833333333333332 0.002976190476190476
0 0.4226190476190476 0.7291666666666666 0.005952380952380952 0.005952380952380952
0 0.6383928571428571 0.6800595238095238 0.002976190476190476 0.002976190476190476
0 0.5074404761904762 0.6785714285714286 0.008928571428571428 0.005952380952380952
0 0.46577380952380953 0.6741071428571429 0.002976190476190476 0.002976190476190476
0 0.5357142857142857 0.7127976190476191 0.20238095238095238 0.09821428571428571
0 0.4255952380952381 0.6964285714285714 0.05952380952380952 0.06547619047619048
0 0.5982142857142857 0.5684523809523809 0.047619047619047616 0.017857142857142856
0 0.6205357142857143 0.5535714285714286 0.002976190476190476 0.005952380952380952
0 0.6175595238095238 0.5223214285714286 0.002976190476190476 0.002976190476190476
0 0.6116071428571429 0.5104166666666666 0.002976190476190476 0.002976190476190476
