0 0.5714285714285714 0.8571428571428571 0.017857142857142856 0.005952380952380952
0 0.5178571428571429 0.8407738095238095 0.023809523809523808 0.01488095238095238
0 0.47619047619047616 0.8303571428571429 0.017857142857142856 0.005952380952380952
0 0.5163690476190477 0.8184523809523809 0.01488095238095238 0.023809523809523808
0 0.47619047619047616 0.8050595238095238 0.011904761904761904 0.01488095238095238
0 0.5223214285714286 0.7916666666666666 0.026785714285714284 0.023809523809523808
0 0.7038690476190477 0.7306547619047619 0.002976190476190476 0.002976190476190476
0 0.49255952380952384 0.7276785714285714 0.002976190476190476 0.002976190476190476
0 0.5238095238095238 0.7470238095238095 0.11904761904761904 0.07142857142857142
0 0.6800595238095238 0.6592261904761905 0.002976190476190476 0.002976190476190476
0 0.6502976190476191 0.6056547619047619 0.002976190476190476 0.002976190476190476
0 0.6116071428571429 0.6056547619047619 0.002976190476190476 0.002976190476190476
0 0.6488095238095238 0.6666666666666666 0.13095238095238096 0.13095238095238096
0 0.5833333333333334 0.6041666666666666 0.005952380952380952 0.005952380952380952
0 0.5669642857142857 0.5967261904761905 0.002976190476190476 0.002976190476190476
0 0.5446428571428571 0.5997023809523809 0.047619047619047616 0.020833333333333332
0 0.5119047619047619 0.5773809523809523 0.023809523809523808 0.017857142857142856
0 0.6770833333333334 0.4880952380952381 0.03273809523809524 0.011904761904761904
