0 0.44494047619047616 0.7514880952380952 0.002976190476190476 0.002976190476190476
0 0.6056547619047619 0.7336309523809523 0.002976190476190476 0.002976190476190476
0 0.49255952380952384 0.7336309523809523 0.002976190476190476 0.002976190476190476
0 0.6116071428571429 0.7306547619047619 0.002976190476190476 0.002976190476190476
0 0.5342261904761905 0.7008928571428571 0.008928571428571428 0.002976190476190476
0 0.5074404761904762 0.6800595238095238 0.008928571428571428 0.002976190476190476
0 0.625 0.6681547619047619 0.023809523809523808 0.008928571428571428
0 0.5133928571428571 0.7127976190476191 0.25297619047619047 0.09821428571428571
0 0.4806547619047619 0.6592261904761905 0.01488095238095238 0.002976190476190476
0 0.4211309523809524 0.6622023809523809 0.05654761904761905 0.008928571428571428
0 0.4955357142857143 0.65625 0.008928571428571428 0.002976190476190476
0 0.5982142857142857 0.5699404761904762 0.05357142857142857 0.020833333333333332
