0 0.5327380952380952 0.7514880952380952 0.017857142857142856 0.008928571428571428
0 0.4270833333333333 0.7514880952380952 0.01488095238095238 0.008928571428571428
0 0.43601190476190477 0.7366071428571429 0.002976190476190476 0.002976190476190476
0 0.6190476190476191 0.7336309523809523 0.011904761904761904 0.002976190476190476
0 0.4419642857142857 0.7366071428571429 0.03273809523809524 0.020833333333333332
0 0.37797619047619047 0.6949404761904762 0.005952380952380952 0.002976190476190476
0 0.6071428571428571 0.6755952380952381 0.023809523809523808 0.017857142857142856
0 0.5416666666666666 0.6026785714285714 0.017857142857142856 0.002976190476190476
0 0.59375 0.6011904761904762 0.03869047619047619 0.011904761904761904
0 0.6041666666666666 0.5833333333333334 0.023809523809523808 0.017857142857142856
0 0.4181547619047619 0.5714285714285714 0.026785714285714284 0.005952380952380952
0 0.5892857142857143 0.6190476190476191 0.27976190476190477 0.16071428571428573
0 0.6934523809523809 0.5074404761904762 0.023809523809523808 0.008928571428571428
0 0.6681547619047619 0.5044642857142857 0.002976190476190476 0.002976190476190476
0 0.6458333333333334 0.5014880952380952 0.005952380952380952 0.002976190476190476
