0 0.49404761904761907 0.8244047619047619 0.011904761904761904 0.005952380952380952
0 0.5446428571428571 0.8229166666666666 0.023809523809523808 0.01488095238095238
0 0.6979166666666666 0.7217261904761905 0.002976190476190476 0.002976190476190476
0 0.4791666666666667 0.7380952380952381 0.17261904761904762 0.05357142857142857
0 0.5699404761904762 0.7098214285714286 0.002976190476190476 0.002976190476190476
0 0.5639880952380952 0.7098214285714286 0.002976190476190476 0.002976190476190476
0 0.37797619047619047 0.7008928571428571 0.023809523809523808 0.008928571428571428
0 0.6741071428571429 0.6681547619047619 0.008928571428571428 0.002976190476190476
0 0.6413690476190477 0.7008928571428571 0.22916666666666666 0.11011904761904762
0 0.5684523809523809 0.6502976190476191 0.023809523809523808 0.008928571428571428
0 0.6175595238095238 0.6383928571428571 0.008928571428571428 0.01488095238095238
0 0.6086309523809523 0.6324404761904762 0.002976190476190476 0.002976190476190476
0 0.5892857142857143 0.6235119047619048 0.005952380952380952 0.002976190476190476
0 0.5476190476190477 0.6324404761904762 0.1130952380952381 0.020833333333333332
0 0.4836309523809524 0.6235119047619048 0.002976190476190476 0.002976190476190476
0 0.7023809523809523 0.6354166666666666 0.14285714285714285 0.03273809523809524
0 0.6116071428571429 0.6205357142857143 0.002976190476190476 0.002976190476190476
0 0.5758928571428571 0.6205357142857143 0.002976190476190476 0.002976190476190476
0 0.5654761904761905 0.6205357142857143 0.011904761904761904 0.002976190476190476
0 0.7217261904761905 0.6190476190476191 0.03273809523809524 0.005952380952380952
0 0.5461309523809523 0.6175595238095238 0.008928571428571428 0.002976190476190476
0 0.49702380952380953 0.6175595238095238 0.02976190476190476 0.002976190476190476
0 0.5520833333333334 0.6116071428571429 0.03273809523809524 0.002976190476190476
0 0.5282738095238095 0.6056547619047619 0.01488095238095238 0.002976190476190476
0 0.5119047619047619 0.6056547619047619 0.005952380952380952 0.002976190476190476
0 0.5848214285714286 0.5967261904761905 0.008928571428571428 0.002976190476190476
0 0.5669642857142857 0.5863095238095238 0.050595238095238096 0.017857142857142856
0 0.48214285714285715 0.5729166666666666 0.047619047619047616 0.020833333333333332
0 0.6711309523809523 0.5223214285714286 0.03273809523809524 0.008928571428571428
0 0.7306547619047619 0.5074404761904762 0.03273809523809524 0.008928571428571428
0 0.6458333333333334 0.5059523809523809 0.02976190476190476 0.011904761904761904
0 0.6651785714285714 0.49107142857142855 0.03273809523809524 0.005952380952380952
0 0.6592261904761905 0.48660714285714285 0.002976190476190476 0.002976190476190476
