0 0.5699404761904762 0.8511904761904762 0.020833333333333332 0.017857142857142856
0 0.46875 0.8377976190476191 0.002976190476190476 0.002976190476190476
0 0.49851190476190477 0.7425595238095238 0.008928571428571428 0.002976190476190476
0 0.5193452380952381 0.7693452380952381 0.11607142857142858 0.13988095238095238
0 0.38392857142857145 0.6830357142857143 0.017857142857142856 0.01488095238095238
0 0.7351190476190477 0.6517857142857143 0.011904761904761904 0.005952380952380952
0 0.7470238095238095 0.6428571428571429 0.005952380952380952 0.005952380952380952
0 0.7336309523809523 0.6413690476190477 0.002976190476190476 0.002976190476190476
0 0.7455357142857143 0.6235119047619048 0.01488095238095238 0.002976190476190476
0 0.6532738095238095 0.6681547619047619 0.15178571428571427 0.12797619047619047
0 0.6398809523809523 0.6056547619047619 0.011904761904761904 0.002976190476190476
0 0.5550595238095238 0.6056547619047619 0.01488095238095238 0.002976190476190476
0 0.7068452380952381 0.49255952380952384 0.002976190476190476 0.002976190476190476
0 0.6830357142857143 0.4895833333333333 0.03273809523809524 0.008928571428571428
0 0.6860119047619048 0.48214285714285715 0.020833333333333332 0.005952380952380952
