0 0.5342261904761905 0.7529761904761905 0.026785714285714284 0.011904761904761904
0 0.6205357142857143 0.7336309523809523 0.008928571428571428 0.002976190476190476
0 0.43601190476190477 0.7410714285714286 0.03869047619047619 0.03571428571428571
0 0.5550595238095238 0.7247023809523809 0.020833333333333332 0.008928571428571428
0 0.6889880952380952 0.6800595238095238 0.002976190476190476 0.002976190476190476
0 0.65625 0.6770833333333334 0.008928571428571428 0.002976190476190476
0 0.6041666666666666 0.6755952380952381 0.011904761904761904 0.005952380952380952
0 0.5997023809523809 0.5848214285714286 0.020833333333333332 0.008928571428571428
0 0.5684523809523809 0.6056547619047619 0.24404761904761904 0.13392857142857142
0 0.6949404761904762 0.5074404761904762 0.01488095238095238 0.008928571428571428
