0 0.7336309523809523 0.7693452380952381 0.008928571428571428 0.002976190476190476
0 0.7306547619047619 0.7633928571428571 0.008928571428571428 0.002976190476190476
0 0.5833333333333334 0.6770833333333334 0.005952380952380952 0.002976190476190476
0 0.6175595238095238 0.6711309523809523 0.002976190476190476 0.002976190476190476
0 0.4375 0.6577380952380952 0.005952380952380952 0.005952380952380952
0 0.53125 0.7113095238095238 0.2708333333333333 0.125
0 0.8005952380952381 0.6309523809523809 0.011904761904761904 0.005952380952380952
0 0.7857142857142857 0.6205357142857143 0.02976190476190476 0.002976190476190476
0 0.6026785714285714 0.5580357142857143 0.002976190476190476 0.002976190476190476
0 0.6264880952380952 0.5550595238095238 0.002976190476190476 0.002976190476190476
0 0.6324404761904762 0.5491071428571429 0.01488095238095238 0.002976190476190476
0 0.6190476190476191 0.5491071428571429 0.005952380952380952 0.002976190476190476
0 0.7276785714285714 0.5267857142857143 0.020833333333333332 0.011904761904761904
0 0.6101190476190477 0.5163690476190477 0.005952380952380952 0.002976190476190476
0 0.6532738095238095 0.5223214285714286 0.12202380952380952 0.06845238095238096
