0 0.4851190476190476 0.8110119047619048 0.005952380952380952 0.002976190476190476
0 0.5520833333333334 0.7916666666666666 0.008928571428571428 0.005952380952380952
0 0.5967261904761905 0.7366071428571429 0.002976190476190476 0.002976190476190476
0 0.5625 0.7098214285714286 0.03571428571428571 0.002976190476190476
0 0.3943452380952381 0.7127976190476191 0.03869047619047619 0.008928571428571428
0 0.5119047619047619 0.7544642857142857 0.19642857142857142 0.10416666666666667
0 0.7053571428571429 0.7008928571428571 0.011904761904761904 0.002976190476190476
0 0.39732142857142855 0.6919642857142857 0.020833333333333332 0.01488095238095238
0 0.3898809523809524 0.6755952380952381 0.017857142857142856 0.011904761904761904
0 0.38392857142857145 0.6532738095238095 0.047619047619047616 0.01488095238095238
0 0.40625 0.6383928571428571 0.008928571428571428 0.002976190476190476
0 0.45535714285714285 0.6279761904761905 0.005952380952380952 0.005952380952380952
0 0.6755952380952381 0.6145833333333334 0.005952380952380952 0.002976190476190476
0 0.6800595238095238 0.6785714285714286 0.18154761904761904 0.14285714285714285
0 0.6592261904761905 0.6116071428571429 0.020833333333333332 0.008928571428571428
0 0.5014880952380952 0.5669642857142857 0.008928571428571428 0.002976190476190476
0 0.5773809523809523 0.5699404761904762 0.02976190476190476 0.01488095238095238
0 0.6904761904761905 0.5089285714285714 0.023809523809523808 0.011904761904761904
0 0.6354166666666666 0.5044642857142857 0.01488095238095238 0.002976190476190476
0 0.6651785714285714 0.49851190476190477 0.01488095238095238 0.002976190476190476
0 0.6919642857142857 0.49404761904761907 0.026785714285714284 0.005952380952380952
