0 0.5565476190476191 0.8050595238095238 0.011904761904761904 0.002976190476190476
0 0.5446428571428571 0.8050595238095238 0.005952380952380952 0.002976190476190476
0 0.5595238095238095 0.7395833333333334 0.02976190476190476 0.002976190476190476
0 0.53125 0.7366071428571429 0.008928571428571428 0.002976190476190476
0 0.5848214285714286 0.7351190476190477 0.008928571428571428 0.005952380952380952
0 0.4732142857142857 0.7336309523809523 0.005952380952380952 0.002976190476190476
0 0.5401785714285714 0.7172619047619048 0.026785714285714284 0.005952380952380952
0 0.5282738095238095 0.7098214285714286 0.008928571428571428 0.002976190476190476
0 0.5431547619047619 0.6889880952380952 0.002976190476190476 0.002976190476190476
0 0.6889880952380952 0.65625 0.01488095238095238 0.002976190476190476
0 0.6145833333333334 0.65625 0.008928571428571428 0.002976190476190476
0 0.6294642857142857 0.6473214285714286 0.002976190476190476 0.002976190476190476
0 0.5610119047619048 0.6398809523809523 0.026785714285714284 0.017857142857142856
0 0.4211309523809524 0.6354166666666666 0.03869047619047619 0.026785714285714284
0 0.6398809523809523 0.6145833333333334 0.017857142857142856 0.008928571428571428
0 0.5520833333333334 0.7127976190476191 0.44345238095238093 0.2113095238095238
0 0.6696428571428571 0.5252976190476191 0.005952380952380952 0.002976190476190476
0 0.7008928571428571 0.5119047619047619 0.020833333333333332 0.011904761904761904
0 0.6279761904761905 0.5163690476190477 0.03571428571428571 0.020833333333333332
0 0.7068452380952381 0.48660714285714285 0.008928571428571428 0.002976190476190476
0 0.7068452380952381 0.4806547619047619 0.008928571428571428 0.002976190476190476
