0 0.5580357142857143 0.8616071428571429 0.026785714285714284 0.002976190476190476
0 0.5520833333333334 0.8497023809523809 0.002976190476190476 0.002976190476190476
0 0.5714285714285714 0.8511904761904762 0.023809523809523808 0.011904761904761904
0 0.47767857142857145 0.8377976190476191 0.002976190476190476 0.002976190476190476
0 0.4791666666666667 0.8288690476190477 0.005952380952380952 0.008928571428571428
0 0.46577380952380953 0.7663690476190477 0.008928571428571428 0.002976190476190476
0 0.47172619047619047 0.7604166666666666 0.002976190476190476 0.002976190476190476
0 0.6830357142857143 0.7068452380952381 0.002976190476190476 0.002976190476190476
0 0.6026785714285714 0.7068452380952381 0.002976190476190476 0.002976190476190476
0 0.5208333333333334 0.7604166666666666 0.125 0.12797619047619047
0 0.3898809523809524 0.6830357142857143 0.011904761904761904 0.01488095238095238
0 0.6517857142857143 0.6979166666666666 0.08928571428571429 0.08035714285714286
0 0.6190476190476191 0.6428571428571429 0.011904761904761904 0.005952380952380952
0 0.6026785714285714 0.6369047619047619 0.026785714285714284 0.011904761904761904
0 0.5863095238095238 0.6309523809523809 0.011904761904761904 0.005952380952380952
0 0.7410714285714286 0.6235119047619048 0.011904761904761904 0.002976190476190476
0 0.7217261904761905 0.6398809523809523 0.08035714285714286 0.05357142857142857
0 0.6681547619047619 0.6116071428571429 0.008928571428571428 0.002976190476190476
0 0.6220238095238095 0.6086309523809523 0.011904761904761904 0.002976190476190476
0 0.7410714285714286 0.6056547619047619 0.005952380952380952 0.002976190476190476
0 0.5773809523809523 0.6056547619047619 0.05952380952380952 0.008928571428571428
0 0.5744047619047619 0.5758928571428571 0.005952380952380952 0.002976190476190476
0 0.5714285714285714 0.5669642857142857 0.011904761904761904 0.008928571428571428
0 0.5014880952380952 0.5639880952380952 0.008928571428571428 0.002976190476190476
0 0.6889880952380952 0.49107142857142855 0.03869047619047619 0.011904761904761904
