0 0.5163690476190477 0.7068452380952381 0.002976190476190476 0.002976190476190476
0 0.5029761904761905 0.7068452380952381 0.017857142857142856 0.002976190476190476
0 0.4880952380952381 0.7038690476190477 0.005952380952380952 0.002976190476190476
0 0.4806547619047619 0.7038690476190477 0.002976190476190476 0.002976190476190476
0 0.5982142857142857 0.6889880952380952 0.005952380952380952 0.002976190476190476
0 0.6383928571428571 0.7410714285714286 0.17559523809523808 0.125
0 0.4419642857142857 0.7291666666666666 0.18154761904761904 0.1488095238095238
0 0.7470238095238095 0.6413690476190477 0.005952380952380952 0.002976190476190476
0 0.7619047619047619 0.6175595238095238 0.03571428571428571 0.01488095238095238
0 0.6755952380952381 0.5431547619047619 0.011904761904761904 0.002976190476190476
0 0.6383928571428571 0.5252976190476191 0.0625 0.03273809523809524
0 0.6294642857142857 0.5074404761904762 0.01488095238095238 0.002976190476190476
0 0.6860119047619048 0.49702380952380953 0.05654761904761905 0.017857142857142856
