0 0.5803571428571429 0.8199404761904762 0.005952380952380952 0.002976190476190476
0 0.6622023809523809 0.7901785714285714 0.002976190476190476 0.002976190476190476
0 0.43005952380952384 0.7872023809523809 0.002976190476190476 0.002976190476190476
0 0.6622023809523809 0.7842261904761905 0.008928571428571428 0.002976190476190476
0 0.6592261904761905 0.7738095238095238 0.008928571428571428 0.005952380952380952
0 0.5610119047619048 0.7366071428571429 0.002976190476190476 0.002976190476190476
0 0.5773809523809523 0.7127976190476191 0.005952380952380952 0.002976190476190476
0 0.5476190476190477 0.7127976190476191 0.023809523809523808 0.008928571428571428
0 0.4211309523809524 0.6770833333333334 0.002976190476190476 0.002976190476190476
0 0.6011904761904762 0.65625 0.011904761904761904 0.002976190476190476
0 0.5610119047619048 0.6354166666666666 0.03273809523809524 0.026785714285714284
0 0.44642857142857145 0.6235119047619048 0.011904761904761904 0.008928571428571428
0 0.4419642857142857 0.6175595238095238 0.002976190476190476 0.002976190476190476
0 0.5520833333333334 0.7172619047619048 0.45535714285714285 0.21428571428571427
0 0.6666666666666666 0.5238095238095238 0.02976190476190476 0.011904761904761904
0 0.625 0.5163690476190477 0.03571428571428571 0.008928571428571428
0 0.6994047619047619 0.5119047619047619 0.023809523809523808 0.011904761904761904
0 0.6502976190476191 0.4955357142857143 0.020833333333333332 0.002976190476190476
0 0.6651785714285714 0.48660714285714285 0.020833333333333332 0.002976190476190476
0 0.7068452380952381 0.4806547619047619 0.008928571428571428 0.002976190476190476
