0 0.4419642857142857 0.7380952380952381 0.03869047619047619 0.023809523809523808
0 0.5416666666666666 0.7247023809523809 0.023809523809523808 0.008928571428571428
0 0.5029761904761905 0.7217261904761905 0.005952380952380952 0.002976190476190476
0 0.37648809523809523 0.6964285714285714 0.01488095238095238 0.011904761904761904
0 0.6041666666666666 0.6696428571428571 0.005952380952380952 0.005952380952380952
0 0.6592261904761905 0.6532738095238095 0.008928571428571428 0.002976190476190476
0 0.6220238095238095 0.6488095238095238 0.005952380952380952 0.005952380952380952
0 0.6264880952380952 0.6264880952380952 0.002976190476190476 0.002976190476190476
0 0.6041666666666666 0.6235119047619048 0.017857142857142856 0.002976190476190476
0 0.6711309523809523 0.6741071428571429 0.13392857142857142 0.12202380952380952
0 0.5699404761904762 0.6294642857142857 0.09821428571428571 0.03273809523809524
0 0.6220238095238095 0.6116071428571429 0.011904761904761904 0.002976190476190476
0 0.5982142857142857 0.6041666666666666 0.03571428571428571 0.005952380952380952
0 0.5193452380952381 0.6011904761904762 0.050595238095238096 0.017857142857142856
0 0.5267857142857143 0.5818452380952381 0.005952380952380952 0.002976190476190476
0 0.47767857142857145 0.5654761904761905 0.0625 0.047619047619047616
0 0.7321428571428571 0.5133928571428571 0.005952380952380952 0.002976190476190476
0 0.6517857142857143 0.5089285714285714 0.023809523809523808 0.005952380952380952
0 0.6904761904761905 0.5074404761904762 0.005952380952380952 0.008928571428571428
