0 0.4255952380952381 0.7857142857142857 0.02976190476190476 0.023809523809523808
0 0.65625 0.7723214285714286 0.008928571428571428 0.002976190476190476
0 0.5982142857142857 0.7068452380952381 0.005952380952380952 0.002976190476190476
0 0.6056547619047619 0.7083333333333334 0.008928571428571428 0.017857142857142856
0 0.6071428571428571 0.6845238095238095 0.005952380952380952 0.005952380952380952
0 0.6235119047619048 0.6502976190476191 0.002976190476190476 0.002976190476190476
0 0.6934523809523809 0.6488095238095238 0.005952380952380952 0.005952380952380952
0 0.5595238095238095 0.6398809523809523 0.03571428571428571 0.02976190476190476
0 0.6845238095238095 0.6235119047619048 0.011904761904761904 0.002976190476190476
0 0.41369047619047616 0.6205357142857143 0.005952380952380952 0.002976190476190476
0 0.5476190476190477 0.7142857142857143 0.4523809523809524 0.22023809523809523
0 0.6458333333333334 0.6116071428571429 0.05357142857142857 0.020833333333333332
0 0.6264880952380952 0.5178571428571429 0.01488095238095238 0.017857142857142856
0 0.6979166666666666 0.5104166666666666 0.026785714285714284 0.01488095238095238
0 0.7068452380952381 0.48214285714285715 0.026785714285714284 0.011904761904761904
0 0.6741071428571429 0.46875 0.020833333333333332 0.008928571428571428
