0 0.5119047619047619 0.8214285714285714 0.005952380952380952 0.011904761904761904
0 0.4732142857142857 0.8125 0.005952380952380952 0.005952380952380952
0 0.5401785714285714 0.7633928571428571 0.002976190476190476 0.002976190476190476
0 0.5386904761904762 0.75 0.011904761904761904 0.005952380952380952
0 0.5372023809523809 0.7380952380952381 0.020833333333333332 0.011904761904761904
0 0.5357142857142857 0.7306547619047619 0.011904761904761904 0.002976190476190476
0 0.6681547619047619 0.7247023809523809 0.01488095238095238 0.008928571428571428
0 0.6041666666666666 0.7113095238095238 0.011904761904761904 0.005952380952380952
0 0.6547619047619048 0.6770833333333334 0.005952380952380952 0.002976190476190476
0 0.6443452380952381 0.6994047619047619 0.044642857142857144 0.047619047619047616
0 0.6502976190476191 0.6681547619047619 0.002976190476190476 0.002976190476190476
0 0.6383928571428571 0.6696428571428571 0.008928571428571428 0.005952380952380952
0 0.6577380952380952 0.6592261904761905 0.005952380952380952 0.002976190476190476
0 0.6264880952380952 0.6502976190476191 0.002976190476190476 0.002976190476190476
0 0.6235119047619048 0.6443452380952381 0.002976190476190476 0.002976190476190476
0 0.6190476190476191 0.6369047619047619 0.02976190476190476 0.005952380952380952
0 0.5267857142857143 0.6011904761904762 0.011904761904761904 0.005952380952380952
0 0.6026785714285714 0.5848214285714286 0.03273809523809524 0.01488095238095238
0 0.5758928571428571 0.5758928571428571 0.008928571428571428 0.002976190476190476
0 0.5848214285714286 0.5877976190476191 0.23511904761904762 0.12202380952380952
0 0.46726190476190477 0.5267857142857143 0.011904761904761904 0.005952380952380952
0 0.6741071428571429 0.4895833333333333 0.01488095238095238 0.008928571428571428
