0 0.49702380952380953 0.8244047619047619 0.017857142857142856 0.011904761904761904
0 0.49404761904761907 0.8139880952380952 0.005952380952380952 0.002976190476190476
0 0.5595238095238095 0.8035714285714286 0.005952380952380952 0.005952380952380952
0 0.5520833333333334 0.7991071428571429 0.002976190476190476 0.002976190476190476
0 0.4375 0.7842261904761905 0.023809523809523808 0.01488095238095238
0 0.7038690476190477 0.6860119047619048 0.002976190476190476 0.002976190476190476
0 0.6681547619047619 0.6622023809523809 0.002976190476190476 0.002976190476190476
0 0.5773809523809523 0.6711309523809523 0.05357142857142857 0.026785714285714284
0 0.5595238095238095 0.6413690476190477 0.041666666666666664 0.020833333333333332
0 0.5461309523809523 0.7247023809523809 0.3482142857142857 0.19940476190476192
0 0.7604166666666666 0.6383928571428571 0.050595238095238096 0.05654761904761905
0 0.5565476190476191 0.6086309523809523 0.03571428571428571 0.01488095238095238
0 0.6056547619047619 0.53125 0.026785714285714284 0.008928571428571428
0 0.6592261904761905 0.5163690476190477 0.03869047619047619 0.03273809523809524
0 0.6592261904761905 0.48660714285714285 0.01488095238095238 0.008928571428571428
