0 0.6041666666666666 0.8333333333333334 0.017857142857142856 0.005952380952380952
0 0.3898809523809524 0.7157738095238095 0.005952380952380952 0.002976190476190476
0 0.4523809523809524 0.7380952380952381 0.13095238095238096 0.05952380952380952
0 0.5982142857142857 0.6904761904761905 0.005952380952380952 0.005952380952380952
0 0.37797619047619047 0.6949404761904762 0.02976190476190476 0.03273809523809524
0 0.6428571428571429 0.7247023809523809 0.16666666666666666 0.10416666666666667
0 0.6666666666666666 0.6681547619047619 0.005952380952380952 0.002976190476190476
0 0.6443452380952381 0.6398809523809523 0.03869047619047619 0.017857142857142856
0 0.65625 0.6264880952380952 0.03273809523809524 0.002976190476190476
0 0.6398809523809523 0.6235119047619048 0.041666666666666664 0.008928571428571428
0 0.5446428571428571 0.6205357142857143 0.005952380952380952 0.002976190476190476
0 0.5148809523809523 0.6205357142857143 0.011904761904761904 0.002976190476190476
0 0.49255952380952384 0.6205357142857143 0.002976190476190476 0.002976190476190476
0 0.7633928571428571 0.6383928571428571 0.05654761904761905 0.05654761904761905
0 0.5788690476190477 0.5892857142857143 0.01488095238095238 0.005952380952380952
0 0.5982142857142857 0.5818452380952381 0.011904761904761904 0.002976190476190476
0 0.5833333333333334 0.5788690476190477 0.005952380952380952 0.002976190476190476
0 0.5639880952380952 0.5788690476190477 0.002976190476190476 0.002976190476190476
0 0.5089285714285714 0.5744047619047619 0.017857142857142856 0.005952380952380952
0 0.5580357142857143 0.5699404761904762 0.002976190476190476 0.002976190476190476
0 0.48214285714285715 0.5714285714285714 0.017857142857142856 0.005952380952380952
0 0.5282738095238095 0.5550595238095238 0.008928571428571428 0.008928571428571428
0 0.49851190476190477 0.5595238095238095 0.044642857142857144 0.017857142857142856
0 0.6770833333333334 0.5282738095238095 0.002976190476190476 0.002976190476190476
0 0.6755952380952381 0.5208333333333334 0.011904761904761904 0.005952380952380952
0 0.6130952380952381 0.5074404761904762 0.005952380952380952 0.002976190476190476
0 0.7053571428571429 0.49851190476190477 0.005952380952380952 0.002976190476190476
0 0.6413690476190477 0.5178571428571429 0.0744047619047619 0.047619047619047616
