0 0.5535714285714286 0.8377976190476191 0.011904761904761904 0.002976190476190476
0 0.53125 0.7514880952380952 0.020833333333333332 0.01488095238095238
0 0.4330357142857143 0.7410714285714286 0.044642857142857144 0.02976190476190476
0 0.47172619047619047 0.7217261904761905 0.03273809523809524 0.002976190476190476
0 0.43898809523809523 0.7232142857142857 0.020833333333333332 0.005952380952380952
0 0.5342261904761905 0.7232142857142857 0.08630952380952381 0.011904761904761904
0 0.4851190476190476 0.7157738095238095 0.005952380952380952 0.002976190476190476
0 0.37797619047619047 0.7008928571428571 0.011904761904761904 0.002976190476190476
0 0.6264880952380952 0.6889880952380952 0.002976190476190476 0.002976190476190476
0 0.6011904761904762 0.6532738095238095 0.005952380952380952 0.002976190476190476
0 0.7172619047619048 0.6413690476190477 0.023809523809523808 0.01488095238095238
0 0.7083333333333334 0.6294642857142857 0.017857142857142856 0.002976190476190476
0 0.7232142857142857 0.6279761904761905 0.005952380952380952 0.005952380952380952
0 0.5223214285714286 0.6264880952380952 0.002976190476190476 0.002976190476190476
0 0.6011904761904762 0.5952380952380952 0.05952380952380952 0.03571428571428571
0 0.5193452380952381 0.5729166666666666 0.002976190476190476 0.002976190476190476
0 0.5699404761904762 0.6205357142857143 0.2648809523809524 0.15773809523809523
0 0.6919642857142857 0.5089285714285714 0.01488095238095238 0.005952380952380952
