0 0.46577380952380953 0.8452380952380952 0.044642857142857144 0.02976190476190476
0 0.46279761904761907 0.8244047619047619 0.008928571428571428 0.005952380952380952
0 0.4107142857142857 0.8080357142857143 0.017857142857142856 0.008928571428571428
0 0.4017857142857143 0.7886904761904762 0.023809523809523808 0.005952380952380952
0 0.39880952380952384 0.7678571428571429 0.05357142857142857 0.023809523809523808
0 0.6190476190476191 0.7366071428571429 0.005952380952380952 0.002976190476190476
0 0.6696428571428571 0.7306547619047619 0.005952380952380952 0.002976190476190476
0 0.37351190476190477 0.7217261904761905 0.002976190476190476 0.002976190476190476
0 0.5461309523809523 0.7038690476190477 0.03273809523809524 0.002976190476190476
0 0.5074404761904762 0.6979166666666666 0.002976190476190476 0.002976190476190476
0 0.5401785714285714 0.6904761904761905 0.020833333333333332 0.005952380952380952
0 0.5148809523809523 0.6889880952380952 0.005952380952380952 0.002976190476190476
0 0.4479166666666667 0.6592261904761905 0.002976190476190476 0.002976190476190476
0 0.4955357142857143 0.7068452380952381 0.29464285714285715 0.15773809523809523
0 0.6264880952380952 0.5699404761904762 0.026785714285714284 0.008928571428571428
0 0.6785714285714286 0.5550595238095238 0.011904761904761904 0.002976190476190476
0 0.5744047619047619 0.5461309523809523 0.05952380952380952 0.026785714285714284
0 0.625 0.5119047619047619 0.023809523809523808 0.005952380952380952
