0 0.6011904761904762 0.8348214285714286 0.011904761904761904 0.008928571428571428
0 0.5699404761904762 0.7589285714285714 0.01488095238095238 0.011904761904761904
0 0.6919642857142857 0.7336309523809523 0.002976190476190476 0.002976190476190476
0 0.5699404761904762 0.7366071428571429 0.008928571428571428 0.008928571428571428
0 0.4851190476190476 0.7127976190476191 0.005952380952380952 0.002976190476190476
0 0.40922619047619047 0.7127976190476191 0.008928571428571428 0.002976190476190476
0 0.4568452380952381 0.7366071428571429 0.13988095238095238 0.05654761904761905
0 0.7232142857142857 0.6889880952380952 0.005952380952380952 0.002976190476190476
0 0.37797619047619047 0.6949404761904762 0.023809523809523808 0.03273809523809524
0 0.6532738095238095 0.71875 0.15178571428571427 0.09226190476190477
0 0.6681547619047619 0.6681547619047619 0.002976190476190476 0.002976190476190476
0 0.5833333333333334 0.6339285714285714 0.005952380952380952 0.005952380952380952
0 0.6770833333333334 0.6294642857142857 0.01488095238095238 0.002976190476190476
0 0.46726190476190477 0.6235119047619048 0.005952380952380952 0.002976190476190476
0 0.6458333333333334 0.6235119047619048 0.041666666666666664 0.008928571428571428
0 0.5431547619047619 0.6235119047619048 0.008928571428571428 0.008928571428571428
0 0.7619047619047619 0.6458333333333334 0.06547619047619048 0.05952380952380952
0 0.49702380952380953 0.6190476190476191 0.011904761904761904 0.005952380952380952
0 0.7619047619047619 0.6130952380952381 0.011904761904761904 0.005952380952380952
0 0.5773809523809523 0.5877976190476191 0.017857142857142856 0.008928571428571428
0 0.5863095238095238 0.5803571428571429 0.011904761904761904 0.005952380952380952
0 0.5327380952380952 0.5758928571428571 0.005952380952380952 0.002976190476190476
0 0.5119047619047619 0.5744047619047619 0.017857142857142856 0.005952380952380952
0 0.5639880952380952 0.5744047619047619 0.01488095238095238 0.011904761904761904
0 0.53125 0.5520833333333334 0.002976190476190476 0.002976190476190476
0 0.49851190476190477 0.5639880952380952 0.050595238095238096 0.026785714285714284
0 0.6889880952380952 0.5282738095238095 0.002976190476190476 0.002976190476190476
0 0.6220238095238095 0.5282738095238095 0.011904761904761904 0.002976190476190476
0 0.6651785714285714 0.5297619047619048 0.0744047619047619 0.023809523809523808
0 0.7038690476190477 0.49851190476190477 0.01488095238095238 0.002976190476190476
0 0.6428571428571429 0.5104166666666666 0.03571428571428571 0.026785714285714284
0 0.6116071428571429 0.49851190476190477 0.01488095238095238 0.008928571428571428
0 0.6592261904761905 0.4836309523809524 0.002976190476190476 0.002976190476190476
