0 0.49851190476190477 0.8258928571428571 0.01488095238095238 0.01488095238095238
0 0.49404761904761907 0.8139880952380952 0.005952380952380952 0.002976190476190476
0 0.5461309523809523 0.8110119047619048 0.01488095238095238 0.002976190476190476
0 0.5386904761904762 0.8020833333333334 0.011904761904761904 0.008928571428571428
0 0.6696428571428571 0.7872023809523809 0.005952380952380952 0.002976190476190476
0 0.4375 0.7872023809523809 0.023809523809523808 0.008928571428571428
0 0.5997023809523809 0.6592261904761905 0.03273809523809524 0.01488095238095238
0 0.5565476190476191 0.6428571428571429 0.023809523809523808 0.011904761904761904
0 0.5595238095238095 0.6309523809523809 0.011904761904761904 0.005952380952380952
0 0.5491071428571429 0.7261904761904762 0.34226190476190477 0.19642857142857142
0 0.5654761904761905 0.6235119047619048 0.023809523809523808 0.002976190476190476
0 0.7663690476190477 0.6354166666666666 0.05654761904761905 0.050595238095238096
0 0.6309523809523809 0.5208333333333334 0.011904761904761904 0.005952380952380952
0 0.6354166666666666 0.5133928571428571 0.002976190476190476 0.002976190476190476
0 0.6369047619047619 0.5044642857142857 0.005952380952380952 0.002976190476190476
0 0.6294642857142857 0.5044642857142857 0.002976190476190476 0.002976190476190476
0 0.6577380952380952 0.5178571428571429 0.03571428571428571 0.03571428571428571
0 0.6369047619047619 0.49851190476190477 0.005952380952380952 0.002976190476190476
0 0.6547619047619048 0.4955357142857143 0.005952380952380952 0.002976190476190476
