0 0.5744047619047619 0.8214285714285714 0.005952380952380952 0.005952380952380952
0 0.4851190476190476 0.8110119047619048 0.005952380952380952 0.002976190476190476
0 0.5416666666666666 0.8020833333333334 0.005952380952380952 0.002976190476190476
0 0.5967261904761905 0.7366071428571429 0.002976190476190476 0.002976190476190476
0 0.5625 0.7098214285714286 0.03571428571428571 0.002976190476190476
0 0.5163690476190477 0.7544642857142857 0.19940476190476192 0.10416666666666667
0 0.5520833333333334 0.7023809523809523 0.020833333333333332 0.005952380952380952
0 0.3958333333333333 0.6889880952380952 0.02976190476190476 0.020833333333333332
0 0.3869047619047619 0.6696428571428571 0.023809523809523808 0.005952380952380952
0 0.39285714285714285 0.6532738095238095 0.06547619047619048 0.01488095238095238
0 0.40029761904761907 0.6383928571428571 0.020833333333333332 0.002976190476190476
0 0.45535714285714285 0.6279761904761905 0.005952380952380952 0.005952380952380952
0 0.6755952380952381 0.6145833333333334 0.005952380952380952 0.002976190476190476
0 0.6800595238095238 0.6785714285714286 0.18154761904761904 0.14285714285714285
0 0.6592261904761905 0.6116071428571429 0.020833333333333332 0.008928571428571428
0 0.5788690476190477 0.5714285714285714 0.03273809523809524 0.023809523809523808
0 0.6889880952380952 0.5074404761904762 0.01488095238095238 0.002976190476190476
0 0.6949404761904762 0.49255952380952384 0.03273809523809524 0.008928571428571428
0 0.6592261904761905 0.4836309523809524 0.01488095238095238 0.002976190476190476
