0 0.45982142857142855 0.8586309523809523 0.020833333333333332 0.008928571428571428
0 0.46130952380952384 0.84375 0.017857142857142856 0.002976190476190476
0 0.40327380952380953 0.8139880952380952 0.020833333333333332 0.020833333333333332
0 0.41964285714285715 0.7633928571428571 0.005952380952380952 0.002976190476190476
0 0.38839285714285715 0.6919642857142857 0.002976190476190476 0.002976190476190476
0 0.5133928571428571 0.6860119047619048 0.002976190476190476 0.002976190476190476
0 0.49851190476190477 0.6651785714285714 0.008928571428571428 0.002976190476190476
0 0.5074404761904762 0.7127976190476191 0.2648809523809524 0.11607142857142858
0 0.5133928571428571 0.6502976190476191 0.002976190476190476 0.002976190476190476
0 0.4955357142857143 0.6473214285714286 0.008928571428571428 0.002976190476190476
0 0.4330357142857143 0.6443452380952381 0.008928571428571428 0.002976190476190476
0 0.4851190476190476 0.6413690476190477 0.005952380952380952 0.002976190476190476
0 0.45982142857142855 0.6502976190476191 0.0625 0.020833333333333332
0 0.5863095238095238 0.5877976190476191 0.017857142857142856 0.008928571428571428
0 0.59375 0.5758928571428571 0.020833333333333332 0.008928571428571428
0 0.5684523809523809 0.5491071428571429 0.005952380952380952 0.002976190476190476
0 0.6919642857142857 0.5416666666666666 0.020833333333333332 0.011904761904761904
0 0.5580357142857143 0.5044642857142857 0.002976190476190476 0.002976190476190476
0 0.5788690476190477 0.5089285714285714 0.026785714285714284 0.017857142857142856
