0 0.5133928571428571 0.8244047619047619 0.01488095238095238 0.017857142857142856
0 0.47470238095238093 0.8095238095238095 0.008928571428571428 0.005952380952380952
0 0.6160714285714286 0.7931547619047619 0.005952380952380952 0.002976190476190476
0 0.5342261904761905 0.7529761904761905 0.026785714285714284 0.023809523809523808
0 0.5386904761904762 0.7291666666666666 0.023809523809523808 0.011904761904761904
0 0.5252976190476191 0.71875 0.01488095238095238 0.002976190476190476
0 0.6011904761904762 0.7098214285714286 0.005952380952380952 0.002976190476190476
0 0.6592261904761905 0.7157738095238095 0.08035714285714286 0.026785714285714284
0 0.6473214285714286 0.7008928571428571 0.002976190476190476 0.002976190476190476
0 0.6309523809523809 0.5818452380952381 0.005952380952380952 0.002976190476190476
0 0.5967261904761905 0.6011904761904762 0.18154761904761904 0.06547619047619048
0 0.6071428571428571 0.5669642857142857 0.017857142857142856 0.008928571428571428
0 0.6711309523809523 0.4880952380952381 0.020833333333333332 0.011904761904761904
