0 0.5119047619047619 0.8244047619047619 0.011904761904761904 0.011904761904761904
0 0.4732142857142857 0.8080357142857143 0.011904761904761904 0.002976190476190476
0 0.5386904761904762 0.7574404761904762 0.011904761904761904 0.008928571428571428
0 0.5357142857142857 0.7395833333333334 0.041666666666666664 0.020833333333333332
0 0.6875 0.7261904761904762 0.023809523809523808 0.005952380952380952
0 0.6458333333333334 0.6979166666666666 0.047619047619047616 0.050595238095238096
0 0.6354166666666666 0.6681547619047619 0.002976190476190476 0.002976190476190476
0 0.6324404761904762 0.6607142857142857 0.002976190476190476 0.005952380952380952
0 0.6279761904761905 0.6532738095238095 0.005952380952380952 0.002976190476190476
0 0.6354166666666666 0.6443452380952381 0.008928571428571428 0.002976190476190476
0 0.6011904761904762 0.5967261904761905 0.005952380952380952 0.002976190476190476
0 0.6190476190476191 0.625 0.17857142857142858 0.07142857142857142
0 0.5967261904761905 0.5818452380952381 0.002976190476190476 0.002976190476190476
0 0.5089285714285714 0.5520833333333334 0.09523809523809523 0.044642857142857144
0 0.6741071428571429 0.49107142857142855 0.020833333333333332 0.005952380952380952
