0 0.5669642857142857 0.8541666666666666 0.03273809523809524 0.023809523809523808
0 0.47767857142857145 0.8318452380952381 0.020833333333333332 0.002976190476190476
0 0.5669642857142857 0.8258928571428571 0.008928571428571428 0.002976190476190476
0 0.5877976190476191 0.7455357142857143 0.002976190476190476 0.002976190476190476
0 0.7083333333333334 0.7217261904761905 0.005952380952380952 0.002976190476190476
0 0.43452380952380953 0.7217261904761905 0.005952380952380952 0.002976190476190476
0 0.7247023809523809 0.7098214285714286 0.026785714285714284 0.002976190476190476
0 0.5238095238095238 0.7619047619047619 0.1488095238095238 0.11904761904761904
0 0.46130952380952384 0.7038690476190477 0.017857142857142856 0.002976190476190476
0 0.42857142857142855 0.7038690476190477 0.011904761904761904 0.002976190476190476
0 0.7172619047619048 0.7008928571428571 0.017857142857142856 0.002976190476190476
0 0.7127976190476191 0.6919642857142857 0.002976190476190476 0.002976190476190476
0 0.38839285714285715 0.6800595238095238 0.03273809523809524 0.03273809523809524
0 0.6041666666666666 0.6383928571428571 0.041666666666666664 0.020833333333333332
0 0.6145833333333334 0.6175595238095238 0.03273809523809524 0.002976190476190476
0 0.6770833333333334 0.6755952380952381 0.16964285714285715 0.14285714285714285
0 0.5714285714285714 0.5684523809523809 0.02976190476190476 0.017857142857142856
0 0.5223214285714286 0.5580357142857143 0.01488095238095238 0.002976190476190476
0 0.6889880952380952 0.5163690476190477 0.002976190476190476 0.002976190476190476
0 0.6889880952380952 0.4895833333333333 0.03869047619047619 0.020833333333333332
0 0.6607142857142857 0.48214285714285715 0.017857142857142856 0.005952380952380952
