0 0.6369047619047619 0.7752976190476191 0.011904761904761904 0.002976190476190476
0 0.5892857142857143 0.7663690476190477 0.011904761904761904 0.002976190476190476
0 0.6875 0.7276785714285714 0.005952380952380952 0.002976190476190476
0 0.5372023809523809 0.7217261904761905 0.002976190476190476 0.002976190476190476
0 0.4568452380952381 0.7410714285714286 0.13988095238095238 0.05357142857142857
0 0.37797619047619047 0.6934523809523809 0.02976190476190476 0.03571428571428571
0 0.6369047619047619 0.7217261904761905 0.18452380952380953 0.09821428571428571
0 0.7321428571428571 0.6711309523809523 0.005952380952380952 0.002976190476190476
0 0.6919642857142857 0.6294642857142857 0.002976190476190476 0.002976190476190476
0 0.5580357142857143 0.625 0.01488095238095238 0.005952380952380952
0 0.6443452380952381 0.6235119047619048 0.050595238095238096 0.008928571428571428
0 0.7604166666666666 0.6428571428571429 0.08035714285714286 0.06547619047619048
0 0.5699404761904762 0.5863095238095238 0.026785714285714284 0.017857142857142856
0 0.5580357142857143 0.5729166666666666 0.01488095238095238 0.002976190476190476
0 0.6517857142857143 0.5297619047619048 0.05952380952380952 0.011904761904761904
0 0.6741071428571429 0.5178571428571429 0.020833333333333332 0.005952380952380952
0 0.6413690476190477 0.5133928571428571 0.03869047619047619 0.01488095238095238
