0 0.5907738095238095 0.7931547619047619 0.002976190476190476 0.002976190476190476
0 0.38839285714285715 0.7633928571428571 0.002976190476190476 0.002976190476190476
0 0.5372023809523809 0.7604166666666666 0.008928571428571428 0.002976190476190476
0 0.5744047619047619 0.7098214285714286 0.011904761904761904 0.002976190476190476
0 0.6949404761904762 0.6964285714285714 0.020833333333333332 0.005952380952380952
0 0.6711309523809523 0.6830357142857143 0.002976190476190476 0.002976190476190476
0 0.6934523809523809 0.6770833333333334 0.005952380952380952 0.002976190476190476
0 0.6800595238095238 0.6622023809523809 0.008928571428571428 0.002976190476190476
0 0.6294642857142857 0.7321428571428571 0.1636904761904762 0.14285714285714285
0 0.4419642857142857 0.7321428571428571 0.1875 0.14285714285714285
0 0.6220238095238095 0.6636904761904762 0.017857142857142856 0.011904761904761904
0 0.6443452380952381 0.65625 0.008928571428571428 0.002976190476190476
0 0.6666666666666666 0.6502976190476191 0.005952380952380952 0.002976190476190476
0 0.65625 0.6502976190476191 0.002976190476190476 0.002976190476190476
0 0.6502976190476191 0.6502976190476191 0.002976190476190476 0.002976190476190476
0 0.6398809523809523 0.6473214285714286 0.011904761904761904 0.002976190476190476
0 0.41964285714285715 0.6517857142857143 0.017857142857142856 0.017857142857142856
0 0.7604166666666666 0.6130952380952381 0.020833333333333332 0.011904761904761904
0 0.5119047619047619 0.5714285714285714 0.03571428571428571 0.011904761904761904
0 0.6770833333333334 0.5446428571428571 0.026785714285714284 0.011904761904761904
0 0.7232142857142857 0.5163690476190477 0.02976190476190476 0.01488095238095238
0 0.6622023809523809 0.5148809523809523 0.10416666666666667 0.05952380952380952
