0 0.5535714285714286 0.8333333333333334 0.017857142857142856 0.011904761904761904
0 0.5327380952380952 0.7574404761904762 0.017857142857142856 0.002976190476190476
0 0.5282738095238095 0.7485119047619048 0.002976190476190476 0.002976190476190476
0 0.6294642857142857 0.7425595238095238 0.008928571428571428 0.002976190476190476
0 0.6636904761904762 0.7217261904761905 0.005952380952380952 0.002976190476190476
0 0.6517857142857143 0.7217261904761905 0.005952380952380952 0.002976190476190476
0 0.49107142857142855 0.7351190476190477 0.17261904761904762 0.041666666666666664
0 0.3794642857142857 0.7008928571428571 0.01488095238095238 0.008928571428571428
0 0.6428571428571429 0.6354166666666666 0.017857142857142856 0.002976190476190476
0 0.6086309523809523 0.6264880952380952 0.002976190476190476 0.002976190476190476
0 0.5461309523809523 0.5922619047619048 0.002976190476190476 0.005952380952380952
0 0.5997023809523809 0.5818452380952381 0.002976190476190476 0.002976190476190476
0 0.5282738095238095 0.5803571428571429 0.020833333333333332 0.005952380952380952
0 0.5877976190476191 0.6383928571428571 0.3005952380952381 0.19345238095238096
0 0.7455357142857143 0.5119047619047619 0.002976190476190476 0.005952380952380952
0 0.6904761904761905 0.5089285714285714 0.017857142857142856 0.005952380952380952
