0 0.5029761904761905 0.8139880952380952 0.005952380952380952 0.002976190476190476
0 0.5773809523809523 0.7217261904761905 0.005952380952380952 0.002976190476190476
0 0.7038690476190477 0.7157738095238095 0.002976190476190476 0.002976190476190476
0 0.5952380952380952 0.7053571428571429 0.011904761904761904 0.011904761904761904
0 0.3958333333333333 0.6934523809523809 0.005952380952380952 0.005952380952380952
0 0.3913690476190476 0.6711309523809523 0.008928571428571428 0.002976190476190476
0 0.6175595238095238 0.6666666666666666 0.008928571428571428 0.005952380952380952
0 0.6339285714285714 0.6175595238095238 0.005952380952380952 0.002976190476190476
0 0.6607142857142857 0.6130952380952381 0.041666666666666664 0.005952380952380952
0 0.6130952380952381 0.6130952380952381 0.023809523809523808 0.005952380952380952
0 0.6101190476190477 0.7127976190476191 0.31547619047619047 0.2113095238095238
0 0.5535714285714286 0.6086309523809523 0.011904761904761904 0.002976190476190476
0 0.5729166666666666 0.5714285714285714 0.008928571428571428 0.005952380952380952
0 0.6875 0.49255952380952384 0.02976190476190476 0.008928571428571428
