0 0.5193452380952381 0.8467261904761905 0.01488095238095238 0.002976190476190476
0 0.5684523809523809 0.8511904761904762 0.023809523809523808 0.017857142857142856
0 0.5163690476190477 0.8377976190476191 0.01488095238095238 0.008928571428571428
0 0.46279761904761907 0.7663690476190477 0.002976190476190476 0.002976190476190476
0 0.5357142857142857 0.7008928571428571 0.011904761904761904 0.002976190476190476
0 0.38839285714285715 0.6815476190476191 0.01488095238095238 0.011904761904761904
0 0.3869047619047619 0.6666666666666666 0.017857142857142856 0.005952380952380952
0 0.7410714285714286 0.65625 0.011904761904761904 0.002976190476190476
0 0.6770833333333334 0.6294642857142857 0.002976190476190476 0.002976190476190476
0 0.5892857142857143 0.7232142857142857 0.26785714285714285 0.2261904761904762
0 0.6726190476190477 0.6116071428571429 0.011904761904761904 0.002976190476190476
0 0.6622023809523809 0.6086309523809523 0.002976190476190476 0.002976190476190476
0 0.5684523809523809 0.6056547619047619 0.041666666666666664 0.008928571428571428
0 0.5669642857142857 0.5729166666666666 0.002976190476190476 0.002976190476190476
0 0.5639880952380952 0.5639880952380952 0.002976190476190476 0.002976190476190476
0 0.6845238095238095 0.4895833333333333 0.03571428571428571 0.01488095238095238
0 0.6622023809523809 0.47767857142857145 0.01488095238095238 0.008928571428571428
