0 0.5818452380952381 0.8169642857142857 0.002976190476190476 0.002976190476190476
0 0.43601190476190477 0.7455357142857143 0.002976190476190476 0.002976190476190476
0 0.5684523809523809 0.7395833333333334 0.011904761904761904 0.002976190476190476
0 0.5505952380952381 0.7157738095238095 0.005952380952380952 0.002976190476190476
0 0.5342261904761905 0.6919642857142857 0.002976190476190476 0.002976190476190476
0 0.7306547619047619 0.6800595238095238 0.01488095238095238 0.002976190476190476
0 0.3318452380952381 0.6800595238095238 0.002976190476190476 0.002976190476190476
0 0.3392857142857143 0.6741071428571429 0.005952380952380952 0.002976190476190476
0 0.6934523809523809 0.6577380952380952 0.023809523809523808 0.005952380952380952
0 0.6175595238095238 0.65625 0.008928571428571428 0.002976190476190476
0 0.5327380952380952 0.7351190476190477 0.36904761904761907 0.16666666666666666
0 0.39732142857142855 0.6443452380952381 0.002976190476190476 0.002976190476190476
0 0.5610119047619048 0.6398809523809523 0.026785714285714284 0.017857142857142856
0 0.4211309523809524 0.6354166666666666 0.03869047619047619 0.026785714285714284
0 0.6532738095238095 0.6145833333333334 0.002976190476190476 0.002976190476190476
0 0.6383928571428571 0.6160714285714286 0.008928571428571428 0.005952380952380952
0 0.7455357142857143 0.6413690476190477 0.05654761904761905 0.0625
0 0.6324404761904762 0.6116071428571429 0.002976190476190476 0.002976190476190476
0 0.6681547619047619 0.5252976190476191 0.002976190476190476 0.002976190476190476
0 0.6354166666666666 0.5193452380952381 0.002976190476190476 0.002976190476190476
0 0.6279761904761905 0.5178571428571429 0.03571428571428571 0.017857142857142856
0 0.7008928571428571 0.5119047619047619 0.020833333333333332 0.011904761904761904
0 0.7053571428571429 0.48660714285714285 0.005952380952380952 0.002976190476190476
