0 0.46726190476190477 0.8630952380952381 0.011904761904761904 0.005952380952380952
0 0.5729166666666666 0.8050595238095238 0.01488095238095238 0.01488095238095238
0 0.5639880952380952 0.7931547619047619 0.002976190476190476 0.002976190476190476
0 0.5758928571428571 0.7693452380952381 0.002976190476190476 0.002976190476190476
0 0.36755952380952384 0.7485119047619048 0.002976190476190476 0.002976190476190476
0 0.5297619047619048 0.7098214285714286 0.011904761904761904 0.002976190476190476
0 0.5238095238095238 0.6964285714285714 0.08928571428571429 0.041666666666666664
0 0.6235119047619048 0.6726190476190477 0.01488095238095238 0.005952380952380952
0 0.34970238095238093 0.6473214285714286 0.002976190476190476 0.002976190476190476
0 0.5044642857142857 0.7276785714285714 0.3125 0.19345238095238096
0 0.5863095238095238 0.5833333333333334 0.011904761904761904 0.005952380952380952
0 0.5773809523809523 0.5446428571428571 0.05357142857142857 0.02976190476190476
0 0.7157738095238095 0.5282738095238095 0.002976190476190476 0.002976190476190476
0 0.6220238095238095 0.5133928571428571 0.005952380952380952 0.002976190476190476
0 0.5848214285714286 0.5133928571428571 0.008928571428571428 0.002976190476190476
0 0.6636904761904762 0.5297619047619048 0.08928571428571429 0.041666666666666664
