0 0.49702380952380953 0.8169642857142857 0.011904761904761904 0.008928571428571428
0 0.43452380952380953 0.7872023809523809 0.023809523809523808 0.008928571428571428
0 0.5982142857142857 0.6889880952380952 0.005952380952380952 0.002976190476190476
0 0.5773809523809523 0.6889880952380952 0.011904761904761904 0.002976190476190476
0 0.6636904761904762 0.6711309523809523 0.011904761904761904 0.002976190476190476
0 0.6681547619047619 0.6592261904761905 0.002976190476190476 0.002976190476190476
0 0.6592261904761905 0.6577380952380952 0.01488095238095238 0.017857142857142856
0 0.6369047619047619 0.6547619047619048 0.023809523809523808 0.011904761904761904
0 0.5610119047619048 0.6383928571428571 0.03273809523809524 0.020833333333333332
0 0.5520833333333334 0.7247023809523809 0.33630952380952384 0.19940476190476192
0 0.7633928571428571 0.6339285714285714 0.050595238095238096 0.05357142857142857
0 0.6413690476190477 0.5223214285714286 0.002976190476190476 0.002976190476190476
0 0.6041666666666666 0.5238095238095238 0.02976190476190476 0.005952380952380952
0 0.6577380952380952 0.5193452380952381 0.023809523809523808 0.020833333333333332
