0 0.65625 0.7961309523809523 0.002976190476190476 0.002976190476190476
0 0.5610119047619048 0.7931547619047619 0.002976190476190476 0.002976190476190476
0 0.6220238095238095 0.7886904761904762 0.017857142857142856 0.011904761904761904
0 0.5773809523809523 0.7991071428571429 0.02976190476190476 0.03273809523809524
0 0.5595238095238095 0.78125 0.005952380952380952 0.002976190476190476
0 0.5833333333333334 0.7038690476190477 0.005952380952380952 0.002976190476190476
0 0.4181547619047619 0.6815476190476191 0.002976190476190476 0.005952380952380952
0 0.65625 0.6770833333333334 0.002976190476190476 0.002976190476190476
0 0.5119047619047619 0.7261904761904762 0.32142857142857145 0.18452380952380953
0 0.6651785714285714 0.5580357142857143 0.002976190476190476 0.002976190476190476
0 0.6785714285714286 0.5461309523809523 0.023809523809523808 0.008928571428571428
0 0.6383928571428571 0.5431547619047619 0.002976190476190476 0.002976190476190476
0 0.5714285714285714 0.5446428571428571 0.005952380952380952 0.005952380952380952
0 0.6532738095238095 0.5357142857142857 0.020833333333333332 0.011904761904761904
0 0.5892857142857143 0.5416666666666666 0.023809523809523808 0.023809523809523808
0 0.7514880952380952 0.5297619047619048 0.01488095238095238 0.005952380952380952
0 0.6889880952380952 0.53125 0.01488095238095238 0.008928571428571428
0 0.6770833333333334 0.5252976190476191 0.002976190476190476 0.002976190476190476
0 0.6651785714285714 0.5104166666666666 0.008928571428571428 0.002976190476190476
0 0.6488095238095238 0.5133928571428571 0.023809523809523808 0.026785714285714284
0 0.6726190476190477 0.49851190476190477 0.005952380952380952 0.002976190476190476
0 0.65625 0.5 0.01488095238095238 0.011904761904761904
