0 0.45089285714285715 0.7961309523809523 0.01488095238095238 0.002976190476190476
0 0.43898809523809523 0.7872023809523809 0.008928571428571428 0.002976190476190476
0 0.6354166666666666 0.7752976190476191 0.002976190476190476 0.002976190476190476
0 0.5431547619047619 0.7157738095238095 0.01488095238095238 0.002976190476190476
0 0.5208333333333334 0.7142857142857143 0.011904761904761904 0.005952380952380952
0 0.41964285714285715 0.7008928571428571 0.005952380952380952 0.002976190476190476
0 0.5297619047619048 0.7053571428571429 0.07142857142857142 0.017857142857142856
0 0.6488095238095238 0.6979166666666666 0.005952380952380952 0.008928571428571428
0 0.4166666666666667 0.6934523809523809 0.005952380952380952 0.005952380952380952
0 0.6458333333333334 0.6889880952380952 0.005952380952380952 0.002976190476190476
0 0.6369047619047619 0.6770833333333334 0.02976190476190476 0.01488095238095238
0 0.6294642857142857 0.6651785714285714 0.002976190476190476 0.002976190476190476
0 0.5119047619047619 0.7261904761904762 0.32142857142857145 0.17261904761904762
0 0.6636904761904762 0.5491071428571429 0.005952380952380952 0.002976190476190476
0 0.6755952380952381 0.5461309523809523 0.011904761904761904 0.008928571428571428
0 0.5833333333333334 0.5416666666666666 0.03571428571428571 0.017857142857142856
0 0.6830357142857143 0.53125 0.002976190476190476 0.002976190476190476
0 0.6904761904761905 0.5074404761904762 0.017857142857142856 0.002976190476190476
0 0.6473214285714286 0.5193452380952381 0.026785714285714284 0.026785714285714284
0 0.6607142857142857 0.5059523809523809 0.011904761904761904 0.005952380952380952
0 0.6279761904761905 0.5044642857142857 0.017857142857142856 0.002976190476190476
0 0.6532738095238095 0.5014880952380952 0.002976190476190476 0.002976190476190476
0 0.6815476190476191 0.5 0.011904761904761904 0.005952380952380952
0 0.7023809523809523 0.4955357142857143 0.011904761904761904 0.002976190476190476
