0 0.49107142857142855 0.8229166666666666 0.011904761904761904 0.002976190476190476
0 0.6279761904761905 0.7961309523809523 0.005952380952380952 0.002976190476190476
0 0.5744047619047619 0.8005952380952381 0.03571428571428571 0.02976190476190476
0 0.6488095238095238 0.7455357142857143 0.005952380952380952 0.002976190476190476
0 0.6502976190476191 0.7395833333333334 0.002976190476190476 0.002976190476190476
0 0.6428571428571429 0.6800595238095238 0.011904761904761904 0.002976190476190476
0 0.5223214285714286 0.6979166666666666 0.08035714285714286 0.03869047619047619
0 0.6309523809523809 0.6741071428571429 0.017857142857142856 0.002976190476190476
0 0.5119047619047619 0.7261904761904762 0.3273809523809524 0.18452380952380953
0 0.6741071428571429 0.5431547619047619 0.050595238095238096 0.01488095238095238
0 0.5848214285714286 0.5446428571428571 0.03273809523809524 0.023809523809523808
0 0.5922619047619048 0.5252976190476191 0.023809523809523808 0.002976190476190476
0 0.6666666666666666 0.5238095238095238 0.08333333333333333 0.02976190476190476
0 0.6979166666666666 0.5074404761904762 0.002976190476190476 0.002976190476190476
