0 0.5446428571428571 0.7395833333333334 0.011904761904761904 0.002976190476190476
0 0.6949404761904762 0.7336309523809523 0.002976190476190476 0.002976190476190476
0 0.5669642857142857 0.7366071428571429 0.01488095238095238 0.008928571428571428
0 0.5193452380952381 0.7217261904761905 0.020833333333333332 0.002976190476190476
0 0.4494047619047619 0.7366071428571429 0.1130952380952381 0.05654761904761905
0 0.3794642857142857 0.6994047619047619 0.020833333333333332 0.017857142857142856
0 0.375 0.6845238095238095 0.005952380952380952 0.005952380952380952
0 0.6696428571428571 0.6681547619047619 0.005952380952380952 0.002976190476190476
0 0.6577380952380952 0.7127976190476191 0.15476190476190477 0.09821428571428571
0 0.6904761904761905 0.65625 0.005952380952380952 0.002976190476190476
0 0.46577380952380953 0.6443452380952381 0.002976190476190476 0.002976190476190476
0 0.5744047619047619 0.6324404761904762 0.041666666666666664 0.008928571428571428
0 0.6666666666666666 0.6264880952380952 0.07142857142857142 0.008928571428571428
0 0.4851190476190476 0.625 0.005952380952380952 0.005952380952380952
0 0.46875 0.6235119047619048 0.008928571428571428 0.002976190476190476
0 0.7574404761904762 0.6473214285714286 0.06845238095238096 0.05654761904761905
0 0.6547619047619048 0.6205357142857143 0.005952380952380952 0.002976190476190476
0 0.5446428571428571 0.6205357142857143 0.005952380952380952 0.002976190476190476
0 0.5014880952380952 0.6220238095238095 0.020833333333333332 0.011904761904761904
0 0.5520833333333334 0.6145833333333334 0.002976190476190476 0.002976190476190476
0 0.4806547619047619 0.5788690476190477 0.002976190476190476 0.002976190476190476
0 0.5178571428571429 0.5744047619047619 0.02976190476190476 0.005952380952380952
0 0.5669642857142857 0.5818452380952381 0.050595238095238096 0.026785714285714284
0 0.49851190476190477 0.5639880952380952 0.050595238095238096 0.020833333333333332
0 0.5357142857142857 0.5520833333333334 0.011904761904761904 0.002976190476190476
0 0.6324404761904762 0.5282738095238095 0.002976190476190476 0.002976190476190476
0 0.6160714285714286 0.5282738095238095 0.011904761904761904 0.002976190476190476
0 0.6681547619047619 0.5297619047619048 0.050595238095238096 0.023809523809523808
0 0.7038690476190477 0.49851190476190477 0.01488095238095238 0.002976190476190476
0 0.6458333333333334 0.5074404761904762 0.03571428571428571 0.020833333333333332
0 0.6101190476190477 0.5 0.005952380952380952 0.005952380952380952
0 0.6666666666666666 0.4851190476190476 0.023809523809523808 0.011904761904761904
