0 0.5684523809523809 0.8586309523809523 0.023809523809523808 0.01488095238095238
0 0.48214285714285715 0.8407738095238095 0.005952380952380952 0.002976190476190476
0 0.47470238095238093 0.8377976190476191 0.002976190476190476 0.002976190476190476
0 0.5148809523809523 0.8392857142857143 0.011904761904761904 0.011904761904761904
0 0.4791666666666667 0.8303571428571429 0.011904761904761904 0.005952380952380952
0 0.5148809523809523 0.8229166666666666 0.005952380952380952 0.002976190476190476
0 0.47470238095238093 0.8080357142857143 0.020833333333333332 0.01488095238095238
0 0.47619047619047616 0.7961309523809523 0.005952380952380952 0.002976190476190476
0 0.5208333333333334 0.8020833333333334 0.02976190476190476 0.03273809523809524
0 0.4895833333333333 0.7767857142857143 0.008928571428571428 0.005952380952380952
0 0.49404761904761907 0.7098214285714286 0.005952380952380952 0.002976190476190476
0 0.5297619047619048 0.7440476190476191 0.08928571428571429 0.07738095238095238
0 0.38839285714285715 0.6919642857142857 0.002976190476190476 0.002976190476190476
0 0.38244047619047616 0.6845238095238095 0.008928571428571428 0.005952380952380952
0 0.38244047619047616 0.6770833333333334 0.002976190476190476 0.002976190476190476
0 0.5565476190476191 0.6056547619047619 0.023809523809523808 0.002976190476190476
0 0.6502976190476191 0.6651785714285714 0.13988095238095238 0.12797619047619047
0 0.6443452380952381 0.6041666666666666 0.01488095238095238 0.005952380952380952
0 0.5357142857142857 0.59375 0.005952380952380952 0.002976190476190476
0 0.49255952380952384 0.5520833333333334 0.05654761904761905 0.03869047619047619
0 0.65625 0.5014880952380952 0.002976190476190476 0.002976190476190476
0 0.6398809523809523 0.5014880952380952 0.005952380952380952 0.002976190476190476
0 0.6785714285714286 0.4895833333333333 0.02976190476190476 0.008928571428571428
