0 0.6279761904761905 0.7961309523809523 0.005952380952380952 0.002976190476190476
0 0.5729166666666666 0.8005952380952381 0.03273809523809524 0.02976190476190476
0 0.6502976190476191 0.7455357142857143 0.002976190476190476 0.002976190476190476
0 0.6532738095238095 0.7395833333333334 0.002976190476190476 0.002976190476190476
0 0.4181547619047619 0.7127976190476191 0.020833333333333332 0.002976190476190476
0 0.5684523809523809 0.7068452380952381 0.011904761904761904 0.002976190476190476
0 0.5193452380952381 0.6979166666666666 0.0625 0.020833333333333332
0 0.6309523809523809 0.6770833333333334 0.017857142857142856 0.008928571428571428
0 0.3586309523809524 0.6681547619047619 0.002976190476190476 0.002976190476190476
0 0.36160714285714285 0.65625 0.002976190476190476 0.002976190476190476
0 0.5089285714285714 0.7247023809523809 0.32142857142857145 0.1875
0 0.6741071428571429 0.5580357142857143 0.008928571428571428 0.002976190476190476
0 0.6741071428571429 0.5416666666666666 0.01488095238095238 0.005952380952380952
0 0.6473214285714286 0.5342261904761905 0.026785714285714284 0.008928571428571428
0 0.5788690476190477 0.5461309523809523 0.044642857142857144 0.03273809523809524
0 0.6324404761904762 0.5223214285714286 0.008928571428571428 0.002976190476190476
0 0.6413690476190477 0.5178571428571429 0.03273809523809524 0.011904761904761904
0 0.6830357142857143 0.5014880952380952 0.002976190476190476 0.002976190476190476
