0 0.4181547619047619 0.7872023809523809 0.002976190476190476 0.002976190476190476
0 0.42857142857142855 0.7842261904761905 0.011904761904761904 0.002976190476190476
0 0.3645833333333333 0.6994047619047619 0.008928571428571428 0.005952380952380952
0 0.6145833333333334 0.6889880952380952 0.002976190476190476 0.002976190476190476
0 0.5014880952380952 0.7425595238095238 0.23511904761904762 0.13392857142857142
0 0.375 0.6711309523809523 0.011904761904761904 0.002976190476190476
0 0.34077380952380953 0.6711309523809523 0.026785714285714284 0.008928571428571428
0 0.41369047619047616 0.65625 0.011904761904761904 0.008928571428571428
0 0.7008928571428571 0.6502976190476191 0.008928571428571428 0.002976190476190476
0 0.3869047619047619 0.6532738095238095 0.041666666666666664 0.01488095238095238
0 0.5625 0.6413690476190477 0.005952380952380952 0.002976190476190476
0 0.5610119047619048 0.6324404761904762 0.01488095238095238 0.008928571428571428
0 0.4479166666666667 0.6279761904761905 0.05654761904761905 0.017857142857142856
0 0.6279761904761905 0.6175595238095238 0.005952380952380952 0.002976190476190476
0 0.6547619047619048 0.6145833333333334 0.041666666666666664 0.01488095238095238
0 0.6785714285714286 0.6830357142857143 0.17857142857142858 0.15773809523809523
0 0.5982142857142857 0.5669642857142857 0.005952380952380952 0.002976190476190476
0 0.6696428571428571 0.5282738095238095 0.011904761904761904 0.002976190476190476
0 0.6309523809523809 0.5119047619047619 0.011904761904761904 0.011904761904761904
0 0.6964285714285714 0.5089285714285714 0.011904761904761904 0.011904761904761904
0 0.6934523809523809 0.49851190476190477 0.011904761904761904 0.002976190476190476
0 0.7038690476190477 0.48214285714285715 0.01488095238095238 0.005952380952380952
