0 0.43601190476190477 0.7842261904761905 0.020833333333333332 0.01488095238095238
0 0.4419642857142857 0.7247023809523809 0.002976190476190476 0.002976190476190476
0 0.38095238095238093 0.7038690476190477 0.005952380952380952 0.002976190476190476
0 0.38095238095238093 0.6979166666666666 0.011904761904761904 0.002976190476190476
0 0.5997023809523809 0.6592261904761905 0.020833333333333332 0.008928571428571428
0 0.5416666666666666 0.7276785714285714 0.35714285714285715 0.20535714285714285
0 0.5580357142857143 0.6354166666666666 0.03869047619047619 0.026785714285714284
0 0.7544642857142857 0.6413690476190477 0.050595238095238096 0.0625
0 0.6279761904761905 0.5163690476190477 0.03571428571428571 0.008928571428571428
0 0.7008928571428571 0.5119047619047619 0.008928571428571428 0.005952380952380952
0 0.6622023809523809 0.5178571428571429 0.03273809523809524 0.023809523809523808
0 0.6532738095238095 0.4955357142857143 0.020833333333333332 0.002976190476190476
0 0.6666666666666666 0.48660714285714285 0.011904761904761904 0.002976190476190476
