0 0.39880952380952384 0.8154761904761905 0.017857142857142856 0.017857142857142856
0 0.6145833333333334 0.7276785714285714 0.002976190476190476 0.002976190476190476
0 0.5744047619047619 0.7038690476190477 0.005952380952380952 0.002976190476190476
0 0.6502976190476191 0.6979166666666666 0.008928571428571428 0.002976190476190476
0 0.6354166666666666 0.6889880952380952 0.008928571428571428 0.002976190476190476
0 0.6235119047619048 0.6681547619047619 0.026785714285714284 0.008928571428571428
0 0.4375 0.6443452380952381 0.005952380952380952 0.002976190476190476
0 0.5059523809523809 0.7068452380952381 0.25595238095238093 0.12797619047619047
0 0.6294642857142857 0.5684523809523809 0.026785714285714284 0.011904761904761904
0 0.6220238095238095 0.5119047619047619 0.017857142857142856 0.005952380952380952
