0 0.7202380952380952 0.7336309523809523 0.005952380952380952 0.002976190476190476
0 0.44642857142857145 0.7440476190476191 0.11904761904761904 0.041666666666666664
0 0.5193452380952381 0.7247023809523809 0.020833333333333332 0.008928571428571428
0 0.44345238095238093 0.71875 0.005952380952380952 0.002976190476190476
0 0.4166666666666667 0.7157738095238095 0.005952380952380952 0.002976190476190476
0 0.7098214285714286 0.6830357142857143 0.002976190476190476 0.002976190476190476
0 0.37648809523809523 0.6979166666666666 0.026785714285714284 0.03273809523809524
0 0.6458333333333334 0.7202380952380952 0.16666666666666666 0.10119047619047619
0 0.5833333333333334 0.6324404761904762 0.005952380952380952 0.002976190476190476
0 0.5758928571428571 0.6294642857142857 0.002976190476190476 0.002976190476190476
0 0.5446428571428571 0.6294642857142857 0.005952380952380952 0.002976190476190476
0 0.5699404761904762 0.6235119047619048 0.002976190476190476 0.002976190476190476
0 0.5446428571428571 0.6235119047619048 0.005952380952380952 0.002976190476190476
0 0.6398809523809523 0.6264880952380952 0.041666666666666664 0.01488095238095238
0 0.7633928571428571 0.6443452380952381 0.0625 0.05654761904761905
0 0.5446428571428571 0.6175595238095238 0.005952380952380952 0.002976190476190476
0 0.5788690476190477 0.5907738095238095 0.002976190476190476 0.002976190476190476
0 0.46726190476190477 0.5758928571428571 0.005952380952380952 0.002976190476190476
0 0.6294642857142857 0.5372023809523809 0.002976190476190476 0.002976190476190476
0 0.6383928571428571 0.5357142857142857 0.008928571428571428 0.005952380952380952
0 0.65625 0.5267857142857143 0.050595238095238096 0.017857142857142856
0 0.6413690476190477 0.5104166666666666 0.03869047619047619 0.020833333333333332
