0 0.39880952380952384 0.8184523809523809 0.017857142857142856 0.017857142857142856
0 0.4330357142857143 0.7366071428571429 0.002976190476190476 0.002976190476190476
0 0.5327380952380952 0.71875 0.19047619047619047 0.08630952380952381
0 0.41964285714285715 0.7008928571428571 0.07142857142857142 0.0625
0 0.6101190476190477 0.6696428571428571 0.005952380952380952 0.005952380952380952
0 0.6264880952380952 0.6696428571428571 0.026785714285714284 0.017857142857142856
0 0.43154761904761907 0.6502976190476191 0.011904761904761904 0.002976190476190476
0 0.5818452380952381 0.6086309523809523 0.01488095238095238 0.002976190476190476
0 0.5982142857142857 0.59375 0.03571428571428571 0.008928571428571428
0 0.6264880952380952 0.5699404761904762 0.002976190476190476 0.002976190476190476
0 0.6116071428571429 0.5684523809523809 0.008928571428571428 0.005952380952380952
0 0.5907738095238095 0.5729166666666666 0.026785714285714284 0.01488095238095238
0 0.5565476190476191 0.5431547619047619 0.047619047619047616 0.01488095238095238
0 0.6220238095238095 0.5148809523809523 0.02976190476190476 0.011904761904761904
0 0.6026785714285714 0.5014880952380952 0.002976190476190476 0.002976190476190476
0 0.6354166666666666 0.4955357142857143 0.008928571428571428 0.002976190476190476
