0 0.45982142857142855 0.8392857142857143 0.044642857142857144 0.03571428571428571
0 0.4538690476190476 0.8110119047619048 0.01488095238095238 0.008928571428571428
0 0.41220238095238093 0.8095238095238095 0.026785714285714284 0.011904761904761904
0 0.5461309523809523 0.7723214285714286 0.002976190476190476 0.002976190476190476
0 0.4523809523809524 0.7663690476190477 0.005952380952380952 0.002976190476190476
0 0.6383928571428571 0.7157738095238095 0.002976190476190476 0.002976190476190476
0 0.49851190476190477 0.6964285714285714 0.008928571428571428 0.005952380952380952
0 0.5044642857142857 0.7306547619047619 0.2767857142857143 0.13988095238095238
0 0.39285714285714285 0.6458333333333334 0.08928571428571429 0.03571428571428571
0 0.6026785714285714 0.5877976190476191 0.002976190476190476 0.002976190476190476
0 0.5922619047619048 0.5848214285714286 0.03571428571428571 0.01488095238095238
0 0.6800595238095238 0.5520833333333334 0.050595238095238096 0.020833333333333332
0 0.5744047619047619 0.5461309523809523 0.05952380952380952 0.026785714285714284
0 0.7336309523809523 0.5327380952380952 0.044642857142857144 0.011904761904761904
0 0.6264880952380952 0.5148809523809523 0.03273809523809524 0.011904761904761904
0 0.6205357142857143 0.5044642857142857 0.002976190476190476 0.002976190476190476
