0 0.6755952380952381 0.7395833333333334 0.005952380952380952 0.002976190476190476
0 0.40476190476190477 0.7366071428571429 0.005952380952380952 0.002976190476190476
0 0.5639880952380952 0.7247023809523809 0.002976190476190476 0.002976190476190476
0 0.4494047619047619 0.7380952380952381 0.05357142857142857 0.02976190476190476
0 0.5416666666666666 0.7247023809523809 0.017857142857142856 0.008928571428571428
0 0.5104166666666666 0.7217261904761905 0.008928571428571428 0.002976190476190476
0 0.37797619047619047 0.6964285714285714 0.011904761904761904 0.011904761904761904
0 0.6294642857142857 0.6681547619047619 0.002976190476190476 0.002976190476190476
0 0.625 0.6622023809523809 0.011904761904761904 0.002976190476190476
0 0.6785714285714286 0.6473214285714286 0.005952380952380952 0.002976190476190476
0 0.5758928571428571 0.6339285714285714 0.10416666666666667 0.023809523809523808
0 0.6651785714285714 0.6815476190476191 0.15773809523809523 0.125
0 0.6339285714285714 0.6160714285714286 0.02976190476190476 0.005952380952380952
0 0.6011904761904762 0.6145833333333334 0.005952380952380952 0.002976190476190476
0 0.5327380952380952 0.6160714285714286 0.047619047619047616 0.005952380952380952
0 0.5386904761904762 0.6086309523809523 0.005952380952380952 0.002976190476190476
0 0.5952380952380952 0.6056547619047619 0.011904761904761904 0.002976190476190476
0 0.5074404761904762 0.6041666666666666 0.008928571428571428 0.005952380952380952
0 0.5223214285714286 0.6041666666666666 0.020833333333333332 0.011904761904761904
0 0.49851190476190477 0.5967261904761905 0.01488095238095238 0.002976190476190476
0 0.5238095238095238 0.5818452380952381 0.017857142857142856 0.002976190476190476
0 0.49404761904761907 0.5729166666666666 0.02976190476190476 0.026785714285714284
0 0.45982142857142855 0.5520833333333334 0.026785714285714284 0.002976190476190476
0 0.7351190476190477 0.5104166666666666 0.017857142857142856 0.008928571428571428
0 0.6904761904761905 0.5089285714285714 0.005952380952380952 0.005952380952380952
0 0.6577380952380952 0.5089285714285714 0.023809523809523808 0.005952380952380952
