0 0.4568452380952381 0.8452380952380952 0.05654761904761905 0.03571428571428571
0 0.39880952380952384 0.7872023809523809 0.011904761904761904 0.002976190476190476
0 0.4494047619047619 0.7782738095238095 0.005952380952380952 0.002976190476190476
0 0.38244047619047616 0.7693452380952381 0.002976190476190476 0.002976190476190476
0 0.39285714285714285 0.7485119047619048 0.005952380952380952 0.002976190476190476
0 0.6577380952380952 0.7366071428571429 0.02976190476190476 0.002976190476190476
0 0.6294642857142857 0.7336309523809523 0.002976190476190476 0.002976190476190476
0 0.6696428571428571 0.7306547619047619 0.005952380952380952 0.002976190476190476
0 0.36904761904761907 0.71875 0.005952380952380952 0.002976190476190476
0 0.3556547619047619 0.7068452380952381 0.002976190476190476 0.002976190476190476
0 0.6116071428571429 0.7068452380952381 0.05654761904761905 0.08630952380952381
0 0.43452380952380953 0.6666666666666666 0.005952380952380952 0.005952380952380952
0 0.47172619047619047 0.7083333333333334 0.21726190476190477 0.15476190476190477
0 0.5952380952380952 0.5758928571428571 0.07738095238095238 0.03273809523809524
0 0.6413690476190477 0.5580357142857143 0.002976190476190476 0.002976190476190476
0 0.5505952380952381 0.5461309523809523 0.005952380952380952 0.002976190476190476
0 0.5223214285714286 0.5416666666666666 0.01488095238095238 0.005952380952380952
0 0.7023809523809523 0.5372023809523809 0.005952380952380952 0.002976190476190476
0 0.6711309523809523 0.5461309523809523 0.0625 0.026785714285714284
0 0.5788690476190477 0.5461309523809523 0.044642857142857144 0.026785714285714284
0 0.6294642857142857 0.5372023809523809 0.008928571428571428 0.01488095238095238
0 0.7172619047619048 0.5297619047619048 0.005952380952380952 0.005952380952380952
0 0.6279761904761905 0.5133928571428571 0.02976190476190476 0.020833333333333332
0 0.6264880952380952 0.44047619047619047 0.03869047619047619 0.023809523809523808
