0 0.5327380952380952 0.7559523809523809 0.011904761904761904 0.005952380952380952
0 0.42857142857142855 0.7529761904761905 0.005952380952380952 0.005952380952380952
0 0.44345238095238093 0.7455357142857143 0.005952380952380952 0.002976190476190476
0 0.6205357142857143 0.7321428571428571 0.026785714285714284 0.005952380952380952
0 0.5372023809523809 0.7261904761904762 0.01488095238095238 0.005952380952380952
0 0.3794642857142857 0.7008928571428571 0.008928571428571428 0.002976190476190476
0 0.375 0.6919642857142857 0.011904761904761904 0.002976190476190476
0 0.6041666666666666 0.6741071428571429 0.017857142857142856 0.01488095238095238
0 0.7172619047619048 0.6398809523809523 0.023809523809523808 0.011904761904761904
0 0.7247023809523809 0.6294642857142857 0.01488095238095238 0.002976190476190476
0 0.5833333333333334 0.6116071428571429 0.005952380952380952 0.002976190476190476
0 0.5922619047619048 0.6011904761904762 0.041666666666666664 0.011904761904761904
0 0.6041666666666666 0.5863095238095238 0.011904761904761904 0.011904761904761904
0 0.5758928571428571 0.6205357142857143 0.25297619047619047 0.15773809523809523
0 0.6502976190476191 0.5104166666666666 0.002976190476190476 0.002976190476190476
0 0.6443452380952381 0.5074404761904762 0.002976190476190476 0.002976190476190476
0 0.6919642857142857 0.5059523809523809 0.01488095238095238 0.005952380952380952
0 0.6711309523809523 0.5059523809523809 0.008928571428571428 0.005952380952380952
