0 0.4791666666666667 0.8348214285714286 0.005952380952380952 0.002976190476190476
0 0.5148809523809523 0.8110119047619048 0.011904761904761904 0.01488095238095238
0 0.47470238095238093 0.8080357142857143 0.008928571428571428 0.008928571428571428
0 0.5163690476190477 0.7946428571428571 0.01488095238095238 0.005952380952380952
0 0.47619047619047616 0.7931547619047619 0.005952380952380952 0.002976190476190476
0 0.46875 0.7931547619047619 0.002976190476190476 0.002976190476190476
0 0.43154761904761907 0.7901785714285714 0.023809523809523808 0.01488095238095238
0 0.5119047619047619 0.78125 0.005952380952380952 0.002976190476190476
0 0.5 0.7648809523809523 0.017857142857142856 0.011904761904761904
0 0.6294642857142857 0.7247023809523809 0.002976190476190476 0.002976190476190476
0 0.5401785714285714 0.75 0.050595238095238096 0.05357142857142857
0 0.6889880952380952 0.7217261904761905 0.002976190476190476 0.002976190476190476
0 0.5267857142857143 0.7172619047619048 0.017857142857142856 0.005952380952380952
0 0.6770833333333334 0.7008928571428571 0.008928571428571428 0.002976190476190476
0 0.6071428571428571 0.6190476190476191 0.005952380952380952 0.005952380952380952
0 0.5997023809523809 0.6056547619047619 0.03273809523809524 0.002976190476190476
0 0.6443452380952381 0.6651785714285714 0.12797619047619047 0.12797619047619047
0 0.5788690476190477 0.5982142857142857 0.008928571428571428 0.005952380952380952
0 0.5699404761904762 0.5967261904761905 0.002976190476190476 0.002976190476190476
0 0.53125 0.5877976190476191 0.0744047619047619 0.044642857142857144
0 0.6815476190476191 0.4895833333333333 0.023809523809523808 0.008928571428571428
