0 0.6383928571428571 0.6919642857142857 0.002976190476190476 0.002976190476190476
0 0.6383928571428571 0.6800595238095238 0.002976190476190476 0.002976190476190476
0 0.4494047619047619 0.6800595238095238 0.005952380952380952 0.002976190476190476
0 0.5833333333333334 0.7053571428571429 0.10714285714285714 0.08928571428571429
0 0.49107142857142855 0.6622023809523809 0.005952380952380952 0.002976190476190476
0 0.4806547619047619 0.6607142857142857 0.008928571428571428 0.005952380952380952
0 0.45982142857142855 0.6607142857142857 0.008928571428571428 0.005952380952380952
0 0.4538690476190476 0.7083333333333334 0.15178571428571427 0.10119047619047619
0 0.37202380952380953 0.6592261904761905 0.005952380952380952 0.002976190476190476
0 0.49107142857142855 0.6532738095238095 0.005952380952380952 0.008928571428571428
0 0.40029761904761907 0.6473214285714286 0.06845238095238096 0.01488095238095238
0 0.4226190476190476 0.6354166666666666 0.023809523809523808 0.002976190476190476
0 0.6860119047619048 0.5416666666666666 0.026785714285714284 0.005952380952380952
0 0.6160714285714286 0.5208333333333334 0.005952380952380952 0.005952380952380952
0 0.6101190476190477 0.5119047619047619 0.005952380952380952 0.005952380952380952
