0 0.5550595238095238 0.8288690476190477 0.01488095238095238 0.008928571428571428
0 0.5386904761904762 0.7544642857142857 0.011904761904761904 0.002976190476190476
0 0.40327380952380953 0.7366071428571429 0.002976190476190476 0.002976190476190476
0 0.5952380952380952 0.7336309523809523 0.005952380952380952 0.008928571428571428
0 0.5401785714285714 0.7247023809523809 0.008928571428571428 0.002976190476190476
0 0.4494047619047619 0.7395833333333334 0.05357142857142857 0.03273809523809524
0 0.5089285714285714 0.71875 0.02976190476190476 0.008928571428571428
0 0.4419642857142857 0.7157738095238095 0.008928571428571428 0.002976190476190476
0 0.47023809523809523 0.7142857142857143 0.017857142857142856 0.005952380952380952
0 0.4523809523809524 0.7127976190476191 0.005952380952380952 0.002976190476190476
0 0.5997023809523809 0.7068452380952381 0.002976190476190476 0.002976190476190476
0 0.37797619047619047 0.6979166666666666 0.017857142857142856 0.008928571428571428
0 0.6770833333333334 0.6502976190476191 0.008928571428571428 0.008928571428571428
0 0.5744047619047619 0.6473214285714286 0.005952380952380952 0.002976190476190476
0 0.5788690476190477 0.6235119047619048 0.002976190476190476 0.002976190476190476
0 0.6636904761904762 0.6815476190476191 0.16071428571428573 0.125
0 0.6443452380952381 0.6205357142857143 0.008928571428571428 0.002976190476190476
0 0.6279761904761905 0.6160714285714286 0.017857142857142856 0.005952380952380952
0 0.5982142857142857 0.6086309523809523 0.005952380952380952 0.002976190476190476
0 0.49851190476190477 0.6086309523809523 0.002976190476190476 0.002976190476190476
0 0.6130952380952381 0.6071428571428571 0.017857142857142856 0.005952380952380952
0 0.5372023809523809 0.6056547619047619 0.008928571428571428 0.002976190476190476
0 0.5565476190476191 0.625 0.11904761904761904 0.047619047619047616
0 0.5297619047619048 0.59375 0.011904761904761904 0.002976190476190476
0 0.5580357142857143 0.5803571428571429 0.01488095238095238 0.005952380952380952
0 0.5446428571428571 0.5699404761904762 0.005952380952380952 0.002976190476190476
0 0.5089285714285714 0.5788690476190477 0.07142857142857142 0.03869047619047619
0 0.5163690476190477 0.5580357142857143 0.002976190476190476 0.002976190476190476
0 0.6696428571428571 0.5372023809523809 0.005952380952380952 0.002976190476190476
0 0.6592261904761905 0.5386904761904762 0.008928571428571428 0.005952380952380952
0 0.6622023809523809 0.53125 0.008928571428571428 0.002976190476190476
0 0.625 0.53125 0.005952380952380952 0.002976190476190476
0 0.6532738095238095 0.5282738095238095 0.002976190476190476 0.002976190476190476
0 0.7366071428571429 0.5089285714285714 0.01488095238095238 0.005952380952380952
0 0.6904761904761905 0.5074404761904762 0.005952380952380952 0.002976190476190476
0 0.6532738095238095 0.5059523809523809 0.03273809523809524 0.017857142857142856
0 0.6651785714285714 0.4955357142857143 0.002976190476190476 0.002976190476190476
