0 0.5059523809523809 0.8139880952380952 0.005952380952380952 0.002976190476190476
0 0.6101190476190477 0.8125 0.011904761904761904 0.005952380952380952
0 0.5788690476190477 0.8110119047619048 0.01488095238095238 0.008928571428571428
0 0.6071428571428571 0.8050595238095238 0.017857142857142856 0.002976190476190476
0 0.4270833333333333 0.7842261904761905 0.026785714285714284 0.026785714285714284
0 0.47172619047619047 0.7217261904761905 0.020833333333333332 0.002976190476190476
0 0.6116071428571429 0.6830357142857143 0.002976190476190476 0.002976190476190476
0 0.7038690476190477 0.6488095238095238 0.002976190476190476 0.005952380952380952
0 0.5669642857142857 0.6473214285714286 0.002976190476190476 0.002976190476190476
0 0.5505952380952381 0.6488095238095238 0.011904761904761904 0.005952380952380952
0 0.4330357142857143 0.6383928571428571 0.002976190476190476 0.002976190476190476
0 0.5729166666666666 0.6354166666666666 0.008928571428571428 0.002976190476190476
0 0.5565476190476191 0.6339285714285714 0.017857142857142856 0.011904761904761904
0 0.6369047619047619 0.6205357142857143 0.017857142857142856 0.002976190476190476
0 0.45535714285714285 0.625 0.05952380952380952 0.017857142857142856
0 0.6294642857142857 0.6145833333333334 0.002976190476190476 0.002976190476190476
0 0.5476190476190477 0.7068452380952381 0.44642857142857145 0.20535714285714285
0 0.6473214285714286 0.6101190476190477 0.05654761904761905 0.017857142857142856
0 0.6264880952380952 0.5119047619047619 0.008928571428571428 0.005952380952380952
0 0.7098214285714286 0.5044642857142857 0.002976190476190476 0.002976190476190476
0 0.6934523809523809 0.5089285714285714 0.02976190476190476 0.017857142857142856
0 0.6875 0.4955357142857143 0.011904761904761904 0.002976190476190476
0 0.7053571428571429 0.48214285714285715 0.023809523809523808 0.011904761904761904
