0 0.4568452380952381 0.84375 0.050595238095238096 0.03869047619047619
0 0.39732142857142855 0.7872023809523809 0.008928571428571428 0.002976190476190476
0 0.38244047619047616 0.7723214285714286 0.002976190476190476 0.002976190476190476
0 0.5580357142857143 0.7559523809523809 0.008928571428571428 0.005952380952380952
0 0.38839285714285715 0.7544642857142857 0.01488095238095238 0.002976190476190476
0 0.5714285714285714 0.7529761904761905 0.005952380952380952 0.005952380952380952
0 0.6473214285714286 0.7485119047619048 0.002976190476190476 0.002976190476190476
0 0.36904761904761907 0.7008928571428571 0.011904761904761904 0.002976190476190476
0 0.3556547619047619 0.7008928571428571 0.002976190476190476 0.002976190476190476
0 0.6101190476190477 0.7142857142857143 0.05357142857142857 0.07142857142857142
0 0.6205357142857143 0.6696428571428571 0.01488095238095238 0.011904761904761904
0 0.46130952380952384 0.7098214285714286 0.18452380952380953 0.15773809523809523
0 0.5461309523809523 0.5550595238095238 0.002976190476190476 0.002976190476190476
0 0.6964285714285714 0.5431547619047619 0.005952380952380952 0.002976190476190476
0 0.6666666666666666 0.5446428571428571 0.06547619047619048 0.017857142857142856
0 0.5744047619047619 0.5476190476190477 0.05357142857142857 0.023809523809523808
0 0.6279761904761905 0.5357142857142857 0.005952380952380952 0.005952380952380952
0 0.6279761904761905 0.5148809523809523 0.02976190476190476 0.023809523809523808
