0 0.6279761904761905 0.7991071428571429 0.011904761904761904 0.002976190476190476
0 0.6235119047619048 0.7916666666666666 0.01488095238095238 0.005952380952380952
0 0.6458333333333334 0.7872023809523809 0.005952380952380952 0.002976190476190476
0 0.6220238095238095 0.7842261904761905 0.011904761904761904 0.002976190476190476
0 0.6101190476190477 0.7782738095238095 0.005952380952380952 0.002976190476190476
0 0.6175595238095238 0.7723214285714286 0.002976190476190476 0.002976190476190476
0 0.4211309523809524 0.7157738095238095 0.002976190476190476 0.002976190476190476
0 0.42857142857142855 0.7142857142857143 0.005952380952380952 0.005952380952380952
0 0.5788690476190477 0.7038690476190477 0.002976190476190476 0.002976190476190476
0 0.4211309523809524 0.6994047619047619 0.002976190476190476 0.005952380952380952
0 0.6488095238095238 0.6815476190476191 0.03571428571428571 0.017857142857142856
0 0.6279761904761905 0.6681547619047619 0.011904761904761904 0.002976190476190476
0 0.5193452380952381 0.7291666666666666 0.33035714285714285 0.17261904761904762
0 0.6770833333333334 0.5431547619047619 0.020833333333333332 0.002976190476190476
0 0.5877976190476191 0.5476190476190477 0.008928571428571428 0.011904761904761904
0 0.5967261904761905 0.5431547619047619 0.008928571428571428 0.008928571428571428
0 0.5892857142857143 0.5342261904761905 0.017857142857142856 0.002976190476190476
0 0.6934523809523809 0.5282738095238095 0.011904761904761904 0.002976190476190476
0 0.6130952380952381 0.5252976190476191 0.005952380952380952 0.002976190476190476
0 0.6755952380952381 0.5044642857142857 0.005952380952380952 0.002976190476190476
0 0.65625 0.5148809523809523 0.03273809523809524 0.03571428571428571
