0 0.5922619047619048 0.8020833333333334 0.005952380952380952 0.002976190476190476
0 0.5639880952380952 0.7782738095238095 0.002976190476190476 0.002976190476190476
0 0.3913690476190476 0.7663690476190477 0.002976190476190476 0.002976190476190476
0 0.5372023809523809 0.7544642857142857 0.008928571428571428 0.002976190476190476
0 0.5788690476190477 0.7306547619047619 0.002976190476190476 0.002976190476190476
0 0.5029761904761905 0.7023809523809523 0.047619047619047616 0.011904761904761904
0 0.6026785714285714 0.6889880952380952 0.002976190476190476 0.002976190476190476
0 0.5952380952380952 0.6889880952380952 0.005952380952380952 0.002976190476190476
0 0.6383928571428571 0.7395833333333334 0.17559523809523808 0.12797619047619047
0 0.44494047619047616 0.7247023809523809 0.18154761904761904 0.1636904761904762
0 0.7633928571428571 0.6175595238095238 0.026785714285714284 0.01488095238095238
0 0.6755952380952381 0.5446428571428571 0.023809523809523808 0.005952380952380952
0 0.6413690476190477 0.5372023809523809 0.020833333333333332 0.002976190476190476
0 0.6383928571428571 0.5223214285714286 0.0625 0.026785714285714284
0 0.6889880952380952 0.49702380952380953 0.05654761904761905 0.017857142857142856
