0 0.47470238095238093 0.7514880952380952 0.008928571428571428 0.002976190476190476
0 0.41369047619047616 0.7038690476190477 0.05357142857142857 0.05654761904761905
0 0.4955357142857143 0.6741071428571429 0.002976190476190476 0.002976190476190476
0 0.4270833333333333 0.6711309523809523 0.026785714285714284 0.002976190476190476
0 0.46577380952380953 0.6681547619047619 0.002976190476190476 0.002976190476190476
0 0.5431547619047619 0.7113095238095238 0.19345238095238096 0.09523809523809523
0 0.6309523809523809 0.5773809523809523 0.005952380952380952 0.005952380952380952
0 0.6205357142857143 0.5758928571428571 0.002976190476190476 0.002976190476190476
0 0.6026785714285714 0.5729166666666666 0.002976190476190476 0.002976190476190476
0 0.5892857142857143 0.5744047619047619 0.005952380952380952 0.005952380952380952
0 0.6160714285714286 0.5699404761904762 0.005952380952380952 0.002976190476190476
0 0.6264880952380952 0.5639880952380952 0.008928571428571428 0.008928571428571428
0 0.625 0.5535714285714286 0.005952380952380952 0.005952380952380952
0 0.6294642857142857 0.5193452380952381 0.008928571428571428 0.020833333333333332
