0 0.5029761904761905 0.7723214285714286 0.005952380952380952 0.002976190476190476
0 0.7291666666666666 0.7619047619047619 0.023809523809523808 0.017857142857142856
0 0.7023809523809523 0.7336309523809523 0.011904761904761904 0.002976190476190476
0 0.3913690476190476 0.6830357142857143 0.002976190476190476 0.002976190476190476
0 0.5595238095238095 0.6800595238095238 0.017857142857142856 0.008928571428571428
0 0.40625 0.6830357142857143 0.020833333333333332 0.03273809523809524
0 0.5922619047619048 0.6696428571428571 0.017857142857142856 0.017857142857142856
0 0.5416666666666666 0.7127976190476191 0.2916666666666667 0.12797619047619047
0 0.4211309523809524 0.6547619047619048 0.044642857142857144 0.011904761904761904
0 0.7872023809523809 0.6294642857142857 0.03869047619047619 0.020833333333333332
0 0.7827380952380952 0.6145833333333334 0.017857142857142856 0.002976190476190476
0 0.7723214285714286 0.6086309523809523 0.002976190476190476 0.002976190476190476
0 0.6770833333333334 0.5535714285714286 0.01488095238095238 0.005952380952380952
0 0.6681547619047619 0.5491071428571429 0.002976190476190476 0.002976190476190476
0 0.7291666666666666 0.5282738095238095 0.017857142857142856 0.008928571428571428
0 0.6532738095238095 0.5193452380952381 0.12202380952380952 0.05654761904761905
