0 0.5029761904761905 0.8154761904761905 0.011904761904761904 0.005952380952380952
0 0.5729166666666666 0.7991071428571429 0.008928571428571428 0.002976190476190476
0 0.5729166666666666 0.7797619047619048 0.008928571428571428 0.005952380952380952
0 0.5982142857142857 0.71875 0.005952380952380952 0.002976190476190476
0 0.5252976190476191 0.7202380952380952 0.002976190476190476 0.005952380952380952
0 0.5758928571428571 0.7127976190476191 0.002976190476190476 0.002976190476190476
0 0.7247023809523809 0.6979166666666666 0.008928571428571428 0.002976190476190476
0 0.6994047619047619 0.6994047619047619 0.005952380952380952 0.005952380952380952
0 0.6875 0.6964285714285714 0.011904761904761904 0.005952380952380952
0 0.5997023809523809 0.6919642857142857 0.002976190476190476 0.002976190476190476
0 0.6904761904761905 0.6770833333333334 0.005952380952380952 0.002976190476190476
0 0.6413690476190477 0.7380952380952381 0.16964285714285715 0.13095238095238096
0 0.4375 0.7351190476190477 0.17261904761904762 0.13690476190476192
0 0.6130952380952381 0.6666666666666666 0.005952380952380952 0.005952380952380952
0 0.6696428571428571 0.6622023809523809 0.005952380952380952 0.002976190476190476
0 0.6577380952380952 0.6651785714285714 0.011904761904761904 0.008928571428571428
0 0.6190476190476191 0.6607142857142857 0.011904761904761904 0.005952380952380952
0 0.6473214285714286 0.65625 0.008928571428571428 0.002976190476190476
0 0.6324404761904762 0.65625 0.002976190476190476 0.002976190476190476
0 0.6681547619047619 0.6502976190476191 0.002976190476190476 0.002976190476190476
0 0.6428571428571429 0.6473214285714286 0.017857142857142856 0.008928571428571428
0 0.7619047619047619 0.6145833333333334 0.02976190476190476 0.01488095238095238
0 0.5119047619047619 0.5729166666666666 0.041666666666666664 0.01488095238095238
0 0.5 0.5550595238095238 0.011904761904761904 0.008928571428571428
0 0.7321428571428571 0.5148809523809523 0.023809523809523808 0.011904761904761904
0 0.6443452380952381 0.5252976190476191 0.05654761904761905 0.03869047619047619
0 0.6800595238095238 0.5029761904761905 0.05654761904761905 0.03571428571428571
