0 0.5357142857142857 0.7514880952380952 0.017857142857142856 0.008928571428571428
0 0.6324404761904762 0.7336309523809523 0.002976190476190476 0.002976190476190476
0 0.4330357142857143 0.7351190476190477 0.008928571428571428 0.005952380952380952
0 0.44047619047619047 0.7380952380952381 0.041666666666666664 0.02976190476190476
0 0.6205357142857143 0.7276785714285714 0.020833333333333332 0.01488095238095238
0 0.625 0.7098214285714286 0.011904761904761904 0.008928571428571428
0 0.38244047619047616 0.6979166666666666 0.002976190476190476 0.002976190476190476
0 0.6071428571428571 0.6726190476190477 0.02976190476190476 0.023809523809523808
0 0.5342261904761905 0.6636904761904762 0.01488095238095238 0.005952380952380952
0 0.6279761904761905 0.65625 0.21428571428571427 0.11011904761904762
0 0.5907738095238095 0.5967261904761905 0.002976190476190476 0.002976190476190476
0 0.6041666666666666 0.5818452380952381 0.017857142857142856 0.008928571428571428
0 0.4211309523809524 0.5699404761904762 0.01488095238095238 0.002976190476190476
0 0.49255952380952384 0.5699404761904762 0.08630952380952381 0.05654761904761905
0 0.6934523809523809 0.5044642857142857 0.023809523809523808 0.008928571428571428
0 0.6592261904761905 0.5059523809523809 0.03273809523809524 0.011904761904761904
