0 0.6056547619047619 0.8318452380952381 0.01488095238095238 0.008928571428571428
0 0.49851190476190477 0.8110119047619048 0.01488095238095238 0.01488095238095238
0 0.6651785714285714 0.8020833333333334 0.002976190476190476 0.002976190476190476
0 0.46577380952380953 0.7901785714285714 0.01488095238095238 0.002976190476190476
0 0.5744047619047619 0.7276785714285714 0.017857142857142856 0.002976190476190476
0 0.43154761904761907 0.7068452380952381 0.02976190476190476 0.002976190476190476
0 0.59375 0.7023809523809523 0.008928571428571428 0.005952380952380952
0 0.7217261904761905 0.6979166666666666 0.002976190476190476 0.002976190476190476
0 0.5952380952380952 0.6934523809523809 0.005952380952380952 0.005952380952380952
0 0.4419642857142857 0.7380952380952381 0.15178571428571427 0.125
0 0.6398809523809523 0.7276785714285714 0.16666666666666666 0.13392857142857142
0 0.6130952380952381 0.6592261904761905 0.005952380952380952 0.002976190476190476
0 0.6473214285714286 0.6473214285714286 0.020833333333333332 0.008928571428571428
0 0.6235119047619048 0.625 0.002976190476190476 0.005952380952380952
0 0.5372023809523809 0.6145833333333334 0.002976190476190476 0.002976190476190476
0 0.7574404761904762 0.625 0.03869047619047619 0.03571428571428571
0 0.5059523809523809 0.5788690476190477 0.011904761904761904 0.002976190476190476
0 0.5223214285714286 0.5729166666666666 0.01488095238095238 0.002976190476190476
0 0.48214285714285715 0.5669642857142857 0.017857142857142856 0.002976190476190476
0 0.5014880952380952 0.5565476190476191 0.03273809523809524 0.011904761904761904
0 0.6622023809523809 0.5372023809523809 0.002976190476190476 0.002976190476190476
0 0.6934523809523809 0.5148809523809523 0.011904761904761904 0.011904761904761904
0 0.6458333333333334 0.5252976190476191 0.06547619047619048 0.03869047619047619
0 0.6770833333333334 0.5 0.03273809523809524 0.005952380952380952
0 0.6949404761904762 0.4895833333333333 0.01488095238095238 0.008928571428571428
