0 0.48214285714285715 0.8110119047619048 0.011904761904761904 0.002976190476190476
0 0.5520833333333334 0.8050595238095238 0.020833333333333332 0.002976190476190476
0 0.5401785714285714 0.7574404761904762 0.002976190476190476 0.002976190476190476
0 0.5431547619047619 0.7514880952380952 0.01488095238095238 0.002976190476190476
0 0.5357142857142857 0.7336309523809523 0.03571428571428571 0.002976190476190476
0 0.4791666666666667 0.7306547619047619 0.03571428571428571 0.002976190476190476
0 0.5461309523809523 0.7127976190476191 0.03869047619047619 0.002976190476190476
0 0.5967261904761905 0.6949404761904762 0.002976190476190476 0.002976190476190476
0 0.38095238095238093 0.6726190476190477 0.005952380952380952 0.005952380952380952
0 0.6860119047619048 0.65625 0.002976190476190476 0.002976190476190476
0 0.6800595238095238 0.6532738095238095 0.002976190476190476 0.002976190476190476
0 0.4211309523809524 0.6979166666666666 0.08630952380952381 0.09226190476190477
0 0.5580357142857143 0.6398809523809523 0.026785714285714284 0.017857142857142856
0 0.4270833333333333 0.6369047619047619 0.044642857142857144 0.023809523809523808
0 0.6205357142857143 0.6175595238095238 0.002976190476190476 0.002976190476190476
0 0.6086309523809523 0.7172619047619048 0.33035714285714285 0.21428571428571427
0 0.6458333333333334 0.6160714285714286 0.03571428571428571 0.011904761904761904
0 0.4791666666666667 0.5877976190476191 0.005952380952380952 0.002976190476190476
0 0.5148809523809523 0.5669642857142857 0.005952380952380952 0.002976190476190476
0 0.6235119047619048 0.5148809523809523 0.020833333333333332 0.005952380952380952
0 0.6994047619047619 0.5119047619047619 0.017857142857142856 0.011904761904761904
0 0.7083333333333334 0.48214285714285715 0.011904761904761904 0.005952380952380952
