0 0.5714285714285714 0.8229166666666666 0.011904761904761904 0.008928571428571428
0 0.43005952380952384 0.7782738095238095 0.01488095238095238 0.01488095238095238
0 0.4255952380952381 0.7395833333333334 0.011904761904761904 0.002976190476190476
0 0.49702380952380953 0.7038690476190477 0.005952380952380952 0.002976190476190476
0 0.6741071428571429 0.6889880952380952 0.002976190476190476 0.002976190476190476
0 0.4107142857142857 0.6547619047619048 0.023809523809523808 0.011904761904761904
0 0.48660714285714285 0.7261904761904762 0.2767857142857143 0.16666666666666666
0 0.40029761904761907 0.6383928571428571 0.002976190476190476 0.002976190476190476
0 0.41369047619047616 0.6369047619047619 0.017857142857142856 0.005952380952380952
0 0.5535714285714286 0.6339285714285714 0.011904761904761904 0.005952380952380952
0 0.6383928571428571 0.6205357142857143 0.008928571428571428 0.002976190476190476
0 0.46279761904761907 0.6235119047619048 0.03869047619047619 0.01488095238095238
0 0.6726190476190477 0.6770833333333334 0.19047619047619047 0.15178571428571427
0 0.5818452380952381 0.5729166666666666 0.03273809523809524 0.020833333333333332
0 0.6741071428571429 0.49851190476190477 0.002976190476190476 0.002976190476190476
0 0.6904761904761905 0.5059523809523809 0.02976190476190476 0.02976190476190476
0 0.7023809523809523 0.48660714285714285 0.011904761904761904 0.002976190476190476
0 0.7083333333333334 0.4806547619047619 0.005952380952380952 0.002976190476190476
