0 0.5997023809523809 0.8407738095238095 0.020833333333333332 0.01488095238095238
0 0.49702380952380953 0.8169642857142857 0.017857142857142856 0.008928571428571428
0 0.5059523809523809 0.7991071428571429 0.005952380952380952 0.002976190476190476
0 0.5684523809523809 0.7276785714285714 0.011904761904761904 0.002976190476190476
0 0.7232142857142857 0.6994047619047619 0.005952380952380952 0.005952380952380952
0 0.7217261904761905 0.6889880952380952 0.002976190476190476 0.002976190476190476
0 0.44494047619047616 0.7247023809523809 0.1636904761904762 0.09226190476190477
0 0.7708333333333334 0.6651785714285714 0.017857142857142856 0.008928571428571428
0 0.6369047619047619 0.71875 0.17857142857142858 0.11607142857142858
0 0.6577380952380952 0.6502976190476191 0.005952380952380952 0.002976190476190476
0 0.65625 0.6443452380952381 0.008928571428571428 0.002976190476190476
0 0.6547619047619048 0.6235119047619048 0.005952380952380952 0.002976190476190476
0 0.6309523809523809 0.6235119047619048 0.023809523809523808 0.008928571428571428
0 0.7619047619047619 0.6354166666666666 0.05357142857142857 0.044642857142857144
0 0.5401785714285714 0.6160714285714286 0.008928571428571428 0.005952380952380952
0 0.49107142857142855 0.6116071428571429 0.005952380952380952 0.002976190476190476
0 0.5773809523809523 0.5818452380952381 0.011904761904761904 0.002976190476190476
0 0.4642857142857143 0.5788690476190477 0.005952380952380952 0.002976190476190476
0 0.48214285714285715 0.5669642857142857 0.023809523809523808 0.002976190476190476
0 0.5014880952380952 0.5550595238095238 0.026785714285714284 0.008928571428571428
0 0.6547619047619048 0.5372023809523809 0.005952380952380952 0.002976190476190476
0 0.6383928571428571 0.5386904761904762 0.020833333333333332 0.011904761904761904
0 0.6532738095238095 0.5193452380952381 0.08035714285714286 0.026785714285714284
0 0.7023809523809523 0.5 0.011904761904761904 0.005952380952380952
