0 0.5699404761904762 0.7574404761904762 0.002976190476190476 0.002976190476190476
0 0.44494047619047616 0.7247023809523809 0.002976190476190476 0.002976190476190476
0 0.5610119047619048 0.6949404761904762 0.026785714285714284 0.002976190476190476
0 0.3913690476190476 0.6741071428571429 0.008928571428571428 0.002976190476190476
0 0.4181547619047619 0.6979166666666666 0.044642857142857144 0.05654761904761905
0 0.5386904761904762 0.7098214285714286 0.22023809523809523 0.10416666666666667
0 0.6264880952380952 0.5550595238095238 0.044642857142857144 0.01488095238095238
0 0.6755952380952381 0.5431547619047619 0.06547619047619048 0.020833333333333332
0 0.7276785714285714 0.53125 0.002976190476190476 0.002976190476190476
0 0.7380952380952381 0.5297619047619048 0.005952380952380952 0.005952380952380952
0 0.7068452380952381 0.5282738095238095 0.002976190476190476 0.002976190476190476
0 0.625 0.5208333333333334 0.041666666666666664 0.041666666666666664
0 0.6309523809523809 0.49404761904761907 0.02976190476190476 0.005952380952380952
