0 0.5654761904761905 0.7395833333333334 0.011904761904761904 0.002976190476190476
0 0.6949404761904762 0.7336309523809523 0.002976190476190476 0.002976190476190476
0 0.4479166666666667 0.7440476190476191 0.11011904761904762 0.041666666666666664
0 0.37648809523809523 0.6964285714285714 0.008928571428571428 0.011904761904761904
0 0.6428571428571429 0.7113095238095238 0.17857142857142858 0.09523809523809523
0 0.6264880952380952 0.6354166666666666 0.002976190476190476 0.002976190476190476
0 0.6949404761904762 0.6324404761904762 0.002976190476190476 0.002976190476190476
0 0.6056547619047619 0.6339285714285714 0.008928571428571428 0.005952380952380952
0 0.6190476190476191 0.6294642857142857 0.005952380952380952 0.002976190476190476
0 0.7470238095238095 0.6473214285714286 0.08333333333333333 0.050595238095238096
0 0.6607142857142857 0.6294642857142857 0.07142857142857142 0.01488095238095238
0 0.5610119047619048 0.6279761904761905 0.03869047619047619 0.011904761904761904
0 0.5446428571428571 0.6160714285714286 0.011904761904761904 0.005952380952380952
0 0.5074404761904762 0.6056547619047619 0.002976190476190476 0.002976190476190476
0 0.5714285714285714 0.5877976190476191 0.03571428571428571 0.01488095238095238
0 0.48214285714285715 0.5788690476190477 0.005952380952380952 0.002976190476190476
0 0.4836309523809524 0.5699404761904762 0.020833333333333332 0.002976190476190476
0 0.6622023809523809 0.5297619047619048 0.044642857142857144 0.011904761904761904
0 0.71875 0.5104166666666666 0.008928571428571428 0.002976190476190476
0 0.6473214285714286 0.5074404761904762 0.03273809523809524 0.01488095238095238
0 0.6726190476190477 0.4895833333333333 0.011904761904761904 0.002976190476190476
