0 0.59375 0.7514880952380952 0.002976190476190476 0.002976190476190476
0 0.6294642857142857 0.7217261904761905 0.002976190476190476 0.002976190476190476
0 0.5997023809523809 0.71875 0.002976190476190476 0.002976190476190476
0 0.6532738095238095 0.7127976190476191 0.002976190476190476 0.002976190476190476
0 0.5565476190476191 0.6949404761904762 0.011904761904761904 0.002976190476190476
0 0.6056547619047619 0.6875 0.008928571428571428 0.005952380952380952
0 0.5223214285714286 0.7113095238095238 0.25297619047619047 0.1130952380952381
0 0.8154761904761905 0.6235119047619048 0.005952380952380952 0.002976190476190476
0 0.7886904761904762 0.6205357142857143 0.005952380952380952 0.002976190476190476
0 0.6264880952380952 0.5550595238095238 0.03869047619047619 0.01488095238095238
0 0.7276785714285714 0.5282738095238095 0.01488095238095238 0.008928571428571428
0 0.6056547619047619 0.49851190476190477 0.002976190476190476 0.002976190476190476
0 0.6577380952380952 0.5223214285714286 0.10714285714285714 0.06845238095238096
