0 0.5520833333333334 0.7916666666666666 0.01488095238095238 0.005952380952380952
0 0.6056547619047619 0.7306547619047619 0.002976190476190476 0.002976190476190476
0 0.39285714285714285 0.7127976190476191 0.03571428571428571 0.008928571428571428
0 0.5119047619047619 0.7544642857142857 0.20238095238095238 0.10416666666666667
0 0.39732142857142855 0.6919642857142857 0.026785714285714284 0.01488095238095238
0 0.3898809523809524 0.6741071428571429 0.017857142857142856 0.01488095238095238
0 0.38392857142857145 0.6532738095238095 0.047619047619047616 0.01488095238095238
0 0.40625 0.6383928571428571 0.008928571428571428 0.002976190476190476
0 0.44047619047619047 0.6324404761904762 0.005952380952380952 0.002976190476190476
0 0.4538690476190476 0.6279761904761905 0.008928571428571428 0.005952380952380952
0 0.46577380952380953 0.6235119047619048 0.002976190476190476 0.002976190476190476
0 0.6800595238095238 0.6785714285714286 0.18154761904761904 0.14285714285714285
0 0.6622023809523809 0.6116071428571429 0.026785714285714284 0.008928571428571428
0 0.6443452380952381 0.6086309523809523 0.002976190476190476 0.002976190476190476
0 0.6354166666666666 0.6086309523809523 0.002976190476190476 0.002976190476190476
0 0.5 0.5669642857142857 0.011904761904761904 0.002976190476190476
0 0.5788690476190477 0.5699404761904762 0.026785714285714284 0.01488095238095238
0 0.6904761904761905 0.5089285714285714 0.023809523809523808 0.011904761904761904
0 0.6339285714285714 0.5059523809523809 0.011904761904761904 0.005952380952380952
0 0.6651785714285714 0.49851190476190477 0.01488095238095238 0.002976190476190476
0 0.6919642857142857 0.49404761904761907 0.020833333333333332 0.005952380952380952
