0 0.5133928571428571 0.7559523809523809 0.08035714285714286 0.017857142857142856
0 0.5610119047619048 0.7470238095238095 0.008928571428571428 0.005952380952380952
0 0.46130952380952384 0.7440476190476191 0.011904761904761904 0.005952380952380952
0 0.5372023809523809 0.7366071428571429 0.03869047619047619 0.002976190476190476
0 0.4806547619047619 0.7336309523809523 0.03869047619047619 0.002976190476190476
0 0.4494047619047619 0.7336309523809523 0.005952380952380952 0.002976190476190476
0 0.5595238095238095 0.6651785714285714 0.023809523809523808 0.002976190476190476
0 0.6145833333333334 0.7008928571428571 0.08035714285714286 0.08630952380952381
0 0.42857142857142855 0.6964285714285714 0.06547619047619048 0.07738095238095238
0 0.5758928571428571 0.65625 0.008928571428571428 0.002976190476190476
0 0.5163690476190477 0.6532738095238095 0.002976190476190476 0.002976190476190476
0 0.5044642857142857 0.6532738095238095 0.01488095238095238 0.002976190476190476
0 0.46875 0.6502976190476191 0.020833333333333332 0.002976190476190476
0 0.44642857142857145 0.6502976190476191 0.011904761904761904 0.002976190476190476
0 0.6190476190476191 0.5669642857142857 0.023809523809523808 0.020833333333333332
0 0.6264880952380952 0.5520833333333334 0.01488095238095238 0.002976190476190476
0 0.6875 0.5416666666666666 0.02976190476190476 0.017857142857142856
0 0.6279761904761905 0.5178571428571429 0.03571428571428571 0.02976190476190476
0 0.6130952380952381 0.5044642857142857 0.005952380952380952 0.002976190476190476
