0 0.4255952380952381 0.7574404761904762 0.005952380952380952 0.002976190476190476
0 0.53125 0.7514880952380952 0.020833333333333332 0.008928571428571428
0 0.4255952380952381 0.75 0.017857142857142856 0.005952380952380952
0 0.43898809523809523 0.7425595238095238 0.026785714285714284 0.008928571428571428
0 0.6160714285714286 0.7336309523809523 0.005952380952380952 0.002976190476190476
0 0.4494047619047619 0.7276785714285714 0.005952380952380952 0.002976190476190476
0 0.6741071428571429 0.6875 0.03869047619047619 0.011904761904761904
0 0.6071428571428571 0.6800595238095238 0.017857142857142856 0.008928571428571428
0 0.6011904761904762 0.6696428571428571 0.017857142857142856 0.005952380952380952
0 0.6889880952380952 0.6622023809523809 0.002976190476190476 0.002976190476190476
0 0.6190476190476191 0.6116071428571429 0.005952380952380952 0.002976190476190476
0 0.6086309523809523 0.6101190476190477 0.008928571428571428 0.005952380952380952
0 0.5967261904761905 0.5892857142857143 0.03273809523809524 0.023809523809523808
0 0.5327380952380952 0.5788690476190477 0.017857142857142856 0.008928571428571428
0 0.4255952380952381 0.5699404761904762 0.011904761904761904 0.002976190476190476
0 0.5818452380952381 0.6101190476190477 0.2648809523809524 0.13690476190476192
0 0.6964285714285714 0.5059523809523809 0.011904761904761904 0.005952380952380952
0 0.6681547619047619 0.5029761904761905 0.020833333333333332 0.005952380952380952
