0 0.5758928571428571 0.8125 0.01488095238095238 0.005952380952380952
0 0.5520833333333334 0.8110119047619048 0.002976190476190476 0.002976190476190476
0 0.5818452380952381 0.8050595238095238 0.002976190476190476 0.002976190476190476
0 0.43601190476190477 0.7991071428571429 0.002976190476190476 0.002976190476190476
0 0.4211309523809524 0.7842261904761905 0.020833333333333332 0.01488095238095238
0 0.41220238095238093 0.7395833333333334 0.002976190476190476 0.002976190476190476
0 0.4895833333333333 0.7157738095238095 0.008928571428571428 0.002976190476190476
0 0.5550595238095238 0.7038690476190477 0.020833333333333332 0.020833333333333332
0 0.6101190476190477 0.6860119047619048 0.005952380952380952 0.008928571428571428
0 0.34970238095238093 0.6785714285714286 0.01488095238095238 0.005952380952380952
0 0.3601190476190476 0.6681547619047619 0.017857142857142856 0.002976190476190476
0 0.6994047619047619 0.6502976190476191 0.005952380952380952 0.002976190476190476
0 0.6279761904761905 0.6443452380952381 0.011904761904761904 0.002976190476190476
0 0.3958333333333333 0.6517857142857143 0.047619047619047616 0.017857142857142856
0 0.5684523809523809 0.6383928571428571 0.005952380952380952 0.002976190476190476
0 0.6324404761904762 0.6354166666666666 0.01488095238095238 0.002976190476190476
0 0.43452380952380953 0.6354166666666666 0.005952380952380952 0.002976190476190476
0 0.5610119047619048 0.6294642857142857 0.008928571428571428 0.002976190476190476
0 0.4568452380952381 0.6279761904761905 0.026785714285714284 0.005952380952380952
0 0.6681547619047619 0.6190476190476191 0.01488095238095238 0.005952380952380952
0 0.6428571428571429 0.6175595238095238 0.005952380952380952 0.002976190476190476
0 0.6264880952380952 0.6175595238095238 0.008928571428571428 0.002976190476190476
0 0.6502976190476191 0.6101190476190477 0.026785714285714284 0.005952380952380952
0 0.5729166666666666 0.7083333333333334 0.3898809523809524 0.20833333333333334
0 0.6026785714285714 0.6056547619047619 0.002976190476190476 0.002976190476190476
0 0.5833333333333334 0.5729166666666666 0.011904761904761904 0.002976190476190476
0 0.6220238095238095 0.5133928571428571 0.023809523809523808 0.008928571428571428
0 0.6964285714285714 0.5089285714285714 0.02976190476190476 0.017857142857142856
0 0.6919642857142857 0.4955357142857143 0.002976190476190476 0.002976190476190476
0 0.7098214285714286 0.4806547619047619 0.026785714285714284 0.008928571428571428
0 0.6800595238095238 0.47470238095238093 0.008928571428571428 0.002976190476190476
0 0.6726190476190477 0.46875 0.023809523809523808 0.008928571428571428
