0 0.6026785714285714 0.8333333333333334 0.020833333333333332 0.011904761904761904
0 0.49851190476190477 0.8110119047619048 0.01488095238095238 0.01488095238095238
0 0.6636904761904762 0.8020833333333334 0.005952380952380952 0.002976190476190476
0 0.5729166666666666 0.7276785714285714 0.01488095238095238 0.002976190476190476
0 0.43898809523809523 0.7068452380952381 0.01488095238095238 0.002976190476190476
0 0.37351190476190477 0.7068452380952381 0.002976190476190476 0.002976190476190476
0 0.7247023809523809 0.6979166666666666 0.002976190476190476 0.002976190476190476
0 0.5952380952380952 0.6934523809523809 0.005952380952380952 0.005952380952380952
0 0.4419642857142857 0.7380952380952381 0.15773809523809523 0.125
0 0.7723214285714286 0.6651785714285714 0.01488095238095238 0.002976190476190476
0 0.6383928571428571 0.7276785714285714 0.16964285714285715 0.13392857142857142
0 0.6517857142857143 0.6488095238095238 0.017857142857142856 0.011904761904761904
0 0.6354166666666666 0.6443452380952381 0.002976190476190476 0.002976190476190476
0 0.6309523809523809 0.6235119047619048 0.017857142857142856 0.008928571428571428
0 0.5386904761904762 0.6145833333333334 0.005952380952380952 0.002976190476190476
0 0.7559523809523809 0.6339285714285714 0.041666666666666664 0.047619047619047616
0 0.5059523809523809 0.5788690476190477 0.011904761904761904 0.002976190476190476
0 0.5252976190476191 0.5729166666666666 0.008928571428571428 0.002976190476190476
0 0.4836309523809524 0.5669642857142857 0.020833333333333332 0.002976190476190476
0 0.5 0.5565476190476191 0.02976190476190476 0.011904761904761904
0 0.6592261904761905 0.5372023809523809 0.002976190476190476 0.002976190476190476
0 0.6934523809523809 0.5148809523809523 0.005952380952380952 0.005952380952380952
0 0.6517857142857143 0.5252976190476191 0.07738095238095238 0.03869047619047619
0 0.6726190476190477 0.5014880952380952 0.017857142857142856 0.002976190476190476
0 0.6934523809523809 0.4895833333333333 0.011904761904761904 0.008928571428571428
