0 0.48660714285714285 0.8199404761904762 0.002976190476190476 0.002976190476190476
0 0.5877976190476191 0.8125 0.020833333333333332 0.017857142857142856
0 0.5997023809523809 0.7961309523809523 0.002976190476190476 0.002976190476190476
0 0.5059523809523809 0.7842261904761905 0.023809523809523808 0.002976190476190476
0 0.6011904761904762 0.7782738095238095 0.005952380952380952 0.002976190476190476
0 0.6666666666666666 0.7633928571428571 0.005952380952380952 0.002976190476190476
0 0.7232142857142857 0.7470238095238095 0.017857142857142856 0.011904761904761904
0 0.6904761904761905 0.7410714285714286 0.005952380952380952 0.005952380952380952
0 0.5863095238095238 0.6889880952380952 0.005952380952380952 0.002976190476190476
0 0.5803571428571429 0.6651785714285714 0.023809523809523808 0.002976190476190476
0 0.6532738095238095 0.65625 0.002976190476190476 0.002976190476190476
0 0.6086309523809523 0.65625 0.002976190476190476 0.002976190476190476
0 0.6607142857142857 0.6532738095238095 0.005952380952380952 0.002976190476190476
0 0.5461309523809523 0.6443452380952381 0.002976190476190476 0.002976190476190476
0 0.5491071428571429 0.7127976190476191 0.33035714285714285 0.15178571428571427
0 0.41220238095238093 0.6324404761904762 0.002976190476190476 0.002976190476190476
0 0.4330357142857143 0.6294642857142857 0.002976190476190476 0.002976190476190476
0 0.7782738095238095 0.6279761904761905 0.03273809523809524 0.02976190476190476
0 0.6369047619047619 0.5431547619047619 0.005952380952380952 0.002976190476190476
0 0.6830357142857143 0.5416666666666666 0.008928571428571428 0.005952380952380952
0 0.6235119047619048 0.5372023809523809 0.002976190476190476 0.002976190476190476
0 0.6175595238095238 0.5252976190476191 0.002976190476190476 0.002976190476190476
0 0.6845238095238095 0.5119047619047619 0.017857142857142856 0.005952380952380952
0 0.6517857142857143 0.5208333333333334 0.041666666666666664 0.041666666666666664
0 0.6294642857142857 0.49851190476190477 0.002976190476190476 0.002976190476190476
