0 0.5699404761904762 0.8497023809523809 0.01488095238095238 0.01488095238095238
0 0.5714285714285714 0.8258928571428571 0.011904761904761904 0.002976190476190476
0 0.5684523809523809 0.8184523809523809 0.005952380952380952 0.005952380952380952
0 0.5148809523809523 0.8154761904761905 0.011904761904761904 0.005952380952380952
0 0.4583333333333333 0.7991071428571429 0.005952380952380952 0.002976190476190476
0 0.5877976190476191 0.7514880952380952 0.008928571428571428 0.002976190476190476
0 0.5877976190476191 0.7455357142857143 0.002976190476190476 0.002976190476190476
0 0.43005952380952384 0.7276785714285714 0.008928571428571428 0.002976190476190476
0 0.4255952380952381 0.7217261904761905 0.011904761904761904 0.002976190476190476
0 0.7083333333333334 0.7157738095238095 0.005952380952380952 0.002976190476190476
0 0.3943452380952381 0.6860119047619048 0.03273809523809524 0.020833333333333332
0 0.38244047619047616 0.6696428571428571 0.020833333333333332 0.005952380952380952
0 0.5922619047619048 0.6398809523809523 0.005952380952380952 0.005952380952380952
0 0.6235119047619048 0.6354166666666666 0.002976190476190476 0.002976190476190476
0 0.6116071428571429 0.6413690476190477 0.026785714285714284 0.01488095238095238
0 0.5833333333333334 0.6309523809523809 0.011904761904761904 0.005952380952380952
0 0.6116071428571429 0.7127976190476191 0.3125 0.2113095238095238
0 0.5699404761904762 0.5654761904761905 0.01488095238095238 0.005952380952380952
0 0.6934523809523809 0.49255952380952384 0.041666666666666664 0.008928571428571428
0 0.6889880952380952 0.48214285714285715 0.020833333333333332 0.005952380952380952
0 0.6577380952380952 0.48214285714285715 0.023809523809523808 0.005952380952380952
