0 0.4895833333333333 0.8154761904761905 0.01488095238095238 0.005952380952380952
0 0.6755952380952381 0.8050595238095238 0.005952380952380952 0.002976190476190476
0 0.6607142857142857 0.8050595238095238 0.005952380952380952 0.002976190476190476
0 0.6279761904761905 0.7946428571428571 0.02976190476190476 0.017857142857142856
0 0.6160714285714286 0.7797619047619048 0.017857142857142856 0.005952380952380952
0 0.6175595238095238 0.7723214285714286 0.002976190476190476 0.002976190476190476
0 0.5059523809523809 0.7008928571428571 0.10119047619047619 0.044642857142857144
0 0.6383928571428571 0.6770833333333334 0.03273809523809524 0.008928571428571428
0 0.5163690476190477 0.7276785714285714 0.33035714285714285 0.17559523809523808
0 0.5863095238095238 0.5446428571428571 0.023809523809523808 0.011904761904761904
0 0.6726190476190477 0.5431547619047619 0.041666666666666664 0.01488095238095238
0 0.5863095238095238 0.5342261904761905 0.017857142857142856 0.002976190476190476
0 0.6845238095238095 0.5267857142857143 0.041666666666666664 0.005952380952380952
0 0.6056547619047619 0.5252976190476191 0.044642857142857144 0.002976190476190476
0 0.6458333333333334 0.5297619047619048 0.02976190476190476 0.017857142857142856
0 0.6235119047619048 0.5193452380952381 0.002976190476190476 0.002976190476190476
0 0.7247023809523809 0.5133928571428571 0.002976190476190476 0.002976190476190476
0 0.6502976190476191 0.5133928571428571 0.03273809523809524 0.01488095238095238
0 0.6934523809523809 0.5059523809523809 0.017857142857142856 0.005952380952380952
0 0.6770833333333334 0.5014880952380952 0.002976190476190476 0.002976190476190476
0 0.7053571428571429 0.49255952380952384 0.011904761904761904 0.002976190476190476
