0 0.6026785714285714 0.8169642857142857 0.002976190476190476 0.002976190476190476
0 0.43601190476190477 0.7857142857142857 0.01488095238095238 0.011904761904761904
0 0.6919642857142857 0.7738095238095238 0.020833333333333332 0.005952380952380952
0 0.5401785714285714 0.7113095238095238 0.008928571428571428 0.005952380952380952
0 0.53125 0.7068452380952381 0.002976190476190476 0.002976190476190476
0 0.7098214285714286 0.6889880952380952 0.002976190476190476 0.002976190476190476
0 0.5952380952380952 0.6889880952380952 0.011904761904761904 0.002976190476190476
0 0.6949404761904762 0.6592261904761905 0.002976190476190476 0.002976190476190476
0 0.6741071428571429 0.6532738095238095 0.002976190476190476 0.002976190476190476
0 0.6309523809523809 0.6517857142857143 0.005952380952380952 0.005952380952380952
0 0.38839285714285715 0.6473214285714286 0.008928571428571428 0.002976190476190476
0 0.5595238095238095 0.6383928571428571 0.02976190476190476 0.020833333333333332
0 0.5461309523809523 0.7232142857142857 0.33630952380952384 0.19642857142857142
0 0.7544642857142857 0.6398809523809523 0.050595238095238096 0.05952380952380952
0 0.6636904761904762 0.5267857142857143 0.017857142857142856 0.005952380952380952
0 0.6071428571428571 0.5238095238095238 0.005952380952380952 0.005952380952380952
0 0.6622023809523809 0.5193452380952381 0.008928571428571428 0.002976190476190476
0 0.6979166666666666 0.5148809523809523 0.008928571428571428 0.005952380952380952
0 0.6279761904761905 0.5178571428571429 0.02976190476190476 0.011904761904761904
