0 0.46875 0.8422619047619048 0.03273809523809524 0.03571428571428571
0 0.46577380952380953 0.8050595238095238 0.020833333333333332 0.01488095238095238
0 0.44494047619047616 0.8005952380952381 0.008928571428571428 0.005952380952380952
0 0.4642857142857143 0.7946428571428571 0.005952380952380952 0.005952380952380952
0 0.6413690476190477 0.7425595238095238 0.002976190476190476 0.002976190476190476
0 0.6532738095238095 0.7321428571428571 0.026785714285714284 0.005952380952380952
0 0.3601190476190476 0.71875 0.005952380952380952 0.002976190476190476
0 0.5238095238095238 0.6949404761904762 0.05357142857142857 0.01488095238095238
0 0.5014880952380952 0.7142857142857143 0.30654761904761907 0.16666666666666666
0 0.6785714285714286 0.5565476190476191 0.017857142857142856 0.005952380952380952
0 0.5744047619047619 0.5446428571428571 0.05952380952380952 0.02976190476190476
0 0.6428571428571429 0.5297619047619048 0.03571428571428571 0.017857142857142856
0 0.6517857142857143 0.5208333333333334 0.011904761904761904 0.005952380952380952
0 0.6294642857142857 0.5133928571428571 0.020833333333333332 0.002976190476190476
0 0.6116071428571429 0.5104166666666666 0.002976190476190476 0.002976190476190476
