0 0.5252976190476191 0.7366071428571429 0.03869047619047619 0.002976190476190476
0 0.46726190476190477 0.7351190476190477 0.041666666666666664 0.017857142857142856
0 0.3705357142857143 0.7276785714285714 0.002976190476190476 0.002976190476190476
0 0.5416666666666666 0.7068452380952381 0.02976190476190476 0.008928571428571428
0 0.46577380952380953 0.6681547619047619 0.002976190476190476 0.002976190476190476
0 0.4226190476190476 0.6994047619047619 0.07738095238095238 0.06547619047619048
0 0.5550595238095238 0.7113095238095238 0.16964285714285715 0.09523809523809523
0 0.4895833333333333 0.6532738095238095 0.008928571428571428 0.002976190476190476
0 0.6309523809523809 0.5744047619047619 0.005952380952380952 0.005952380952380952
0 0.6339285714285714 0.5595238095238095 0.023809523809523808 0.017857142857142856
0 0.6264880952380952 0.5282738095238095 0.002976190476190476 0.002976190476190476
0 0.6309523809523809 0.5148809523809523 0.011904761904761904 0.017857142857142856
