0 0.5059523809523809 0.7470238095238095 0.11904761904761904 0.02976190476190476
0 0.38839285714285715 0.6919642857142857 0.002976190476190476 0.002976190476190476
0 0.6101190476190477 0.7008928571428571 0.08333333333333333 0.08630952380952381
0 0.3854166666666667 0.6577380952380952 0.008928571428571428 0.005952380952380952
0 0.40476190476190477 0.6488095238095238 0.023809523809523808 0.005952380952380952
0 0.3898809523809524 0.6443452380952381 0.005952380952380952 0.002976190476190476
0 0.4494047619047619 0.6845238095238095 0.1130952380952381 0.10119047619047619
0 0.7068452380952381 0.5461309523809523 0.002976190476190476 0.002976190476190476
0 0.6622023809523809 0.5446428571428571 0.008928571428571428 0.005952380952380952
0 0.6547619047619048 0.5416666666666666 0.011904761904761904 0.005952380952380952
0 0.6830357142857143 0.5401785714285714 0.03869047619047619 0.020833333333333332
0 0.625 0.5208333333333334 0.041666666666666664 0.047619047619047616
