0 0.6056547619047619 0.8169642857142857 0.002976190476190476 0.002976190476190476
0 0.59375 0.8169642857142857 0.01488095238095238 0.002976190476190476
0 0.6026785714285714 0.8095238095238095 0.002976190476190476 0.005952380952380952
0 0.43154761904761907 0.7872023809523809 0.005952380952380952 0.002976190476190476
0 0.6979166666666666 0.7752976190476191 0.01488095238095238 0.002976190476190476
0 0.6815476190476191 0.7529761904761905 0.011904761904761904 0.005952380952380952
0 0.6770833333333334 0.7440476190476191 0.01488095238095238 0.005952380952380952
0 0.71875 0.7544642857142857 0.044642857142857144 0.03273809523809524
0 0.7083333333333334 0.7247023809523809 0.023809523809523808 0.002976190476190476
0 0.5416666666666666 0.6904761904761905 0.017857142857142856 0.005952380952380952
0 0.5610119047619048 0.6800595238095238 0.026785714285714284 0.008928571428571428
0 0.5580357142857143 0.6711309523809523 0.008928571428571428 0.002976190476190476
0 0.3898809523809524 0.6711309523809523 0.005952380952380952 0.002976190476190476
0 0.39880952380952384 0.6830357142857143 0.023809523809523808 0.03273809523809524
0 0.5818452380952381 0.6696428571428571 0.03869047619047619 0.017857142857142856
0 0.5520833333333334 0.7172619047619048 0.3244047619047619 0.13690476190476192
0 0.42410714285714285 0.6532738095238095 0.044642857142857144 0.01488095238095238
0 0.41369047619047616 0.6398809523809523 0.017857142857142856 0.005952380952380952
0 0.43601190476190477 0.6235119047619048 0.03273809523809524 0.008928571428571428
0 0.7842261904761905 0.6264880952380952 0.05654761904761905 0.026785714285714284
0 0.5401785714285714 0.6101190476190477 0.01488095238095238 0.005952380952380952
0 0.6845238095238095 0.5342261904761905 0.05357142857142857 0.020833333333333332
0 0.6101190476190477 0.5297619047619048 0.03571428571428571 0.011904761904761904
0 0.6458333333333334 0.5163690476190477 0.06547619047619048 0.044642857142857144
