0 0.6011904761904762 0.8392857142857143 0.023809523809523808 0.017857142857142856
0 0.49851190476190477 0.8125 0.01488095238095238 0.011904761904761904
0 0.5014880952380952 0.7976190476190477 0.01488095238095238 0.005952380952380952
0 0.6532738095238095 0.7931547619047619 0.002976190476190476 0.002976190476190476
0 0.5699404761904762 0.7276785714285714 0.01488095238095238 0.002976190476190476
0 0.4375 0.7068452380952381 0.011904761904761904 0.002976190476190476
0 0.7232142857142857 0.6994047619047619 0.005952380952380952 0.005952380952380952
0 0.7217261904761905 0.6889880952380952 0.002976190476190476 0.002976190476190476
0 0.6398809523809523 0.7291666666666666 0.17261904761904762 0.10714285714285714
0 0.44494047619047616 0.7247023809523809 0.1636904761904762 0.09821428571428571
0 0.7708333333333334 0.6666666666666666 0.017857142857142856 0.005952380952380952
0 0.6651785714285714 0.6666666666666666 0.008928571428571428 0.011904761904761904
0 0.65625 0.6488095238095238 0.008928571428571428 0.011904761904761904
0 0.6294642857142857 0.6235119047619048 0.020833333333333332 0.008928571428571428
0 0.7559523809523809 0.6354166666666666 0.041666666666666664 0.044642857142857144
0 0.5386904761904762 0.6145833333333334 0.005952380952380952 0.002976190476190476
0 0.5089285714285714 0.5788690476190477 0.005952380952380952 0.002976190476190476
0 0.4836309523809524 0.5669642857142857 0.020833333333333332 0.002976190476190476
0 0.5044642857142857 0.5565476190476191 0.026785714285714284 0.011904761904761904
0 0.6934523809523809 0.5148809523809523 0.005952380952380952 0.005952380952380952
0 0.6517857142857143 0.5252976190476191 0.07738095238095238 0.03869047619047619
0 0.6770833333333334 0.5014880952380952 0.002976190476190476 0.002976190476190476
0 0.6934523809523809 0.49255952380952384 0.011904761904761904 0.002976190476190476
