0 0.5520833333333334 0.8333333333333334 0.020833333333333332 0.011904761904761904
0 0.5357142857142857 0.7574404761904762 0.011904761904761904 0.002976190476190476
0 0.6339285714285714 0.7425595238095238 0.011904761904761904 0.002976190476190476
0 0.47767857142857145 0.7366071428571429 0.002976190476190476 0.002976190476190476
0 0.6532738095238095 0.7217261904761905 0.002976190476190476 0.002976190476190476
0 0.4895833333333333 0.7351190476190477 0.16964285714285715 0.041666666666666664
0 0.3794642857142857 0.7008928571428571 0.01488095238095238 0.008928571428571428
0 0.6473214285714286 0.6354166666666666 0.008928571428571428 0.002976190476190476
0 0.6086309523809523 0.6264880952380952 0.002976190476190476 0.002976190476190476
0 0.5029761904761905 0.6175595238095238 0.005952380952380952 0.002976190476190476
0 0.5491071428571429 0.5922619047619048 0.008928571428571428 0.005952380952380952
0 0.5267857142857143 0.5803571428571429 0.011904761904761904 0.005952380952380952
0 0.5863095238095238 0.6383928571428571 0.30357142857142855 0.19345238095238096
0 0.7380952380952381 0.5104166666666666 0.017857142857142856 0.008928571428571428
0 0.6904761904761905 0.5089285714285714 0.017857142857142856 0.005952380952380952
