0 0.5089285714285714 0.7663690476190477 0.011904761904761904 0.002976190476190476
0 0.48214285714285715 0.7663690476190477 0.005952380952380952 0.002976190476190476
0 0.43005952380952384 0.7425595238095238 0.01488095238095238 0.002976190476190476
0 0.6116071428571429 0.7366071428571429 0.002976190476190476 0.002976190476190476
0 0.40029761904761907 0.7276785714285714 0.002976190476190476 0.002976190476190476
0 0.3869047619047619 0.7098214285714286 0.005952380952380952 0.002976190476190476
0 0.5416666666666666 0.7038690476190477 0.005952380952380952 0.002976190476190476
0 0.5967261904761905 0.7038690476190477 0.08035714285714286 0.08035714285714286
0 0.47172619047619047 0.7113095238095238 0.16964285714285715 0.10119047619047619
0 0.39880952380952384 0.6592261904761905 0.011904761904761904 0.002976190476190476
0 0.4226190476190476 0.65625 0.005952380952380952 0.002976190476190476
0 0.4583333333333333 0.6547619047619048 0.05357142857142857 0.005952380952380952
0 0.5877976190476191 0.5758928571428571 0.002976190476190476 0.002976190476190476
0 0.5952380952380952 0.5744047619047619 0.005952380952380952 0.005952380952380952
0 0.625 0.5699404761904762 0.023809523809523808 0.020833333333333332
0 0.5520833333333334 0.5401785714285714 0.01488095238095238 0.002976190476190476
0 0.6264880952380952 0.5238095238095238 0.01488095238095238 0.005952380952380952
0 0.6279761904761905 0.5104166666666666 0.011904761904761904 0.01488095238095238
