0 0.6413690476190477 0.7366071428571429 0.002976190476190476 0.002976190476190476
0 0.6339285714285714 0.7366071428571429 0.005952380952380952 0.002976190476190476
0 0.46279761904761907 0.7336309523809523 0.008928571428571428 0.002976190476190476
0 0.5386904761904762 0.7261904761904762 0.011904761904761904 0.005952380952380952
0 0.4479166666666667 0.7366071428571429 0.044642857142857144 0.026785714285714284
0 0.37797619047619047 0.6964285714285714 0.017857142857142856 0.011904761904761904
0 0.6071428571428571 0.6116071428571429 0.005952380952380952 0.002976190476190476
0 0.5997023809523809 0.6116071428571429 0.002976190476190476 0.002976190476190476
0 0.5863095238095238 0.6026785714285714 0.023809523809523808 0.002976190476190476
0 0.5372023809523809 0.6026785714285714 0.002976190476190476 0.002976190476190476
0 0.6175595238095238 0.6636904761904762 0.25297619047619047 0.14285714285714285
0 0.5267857142857143 0.5803571428571429 0.005952380952380952 0.005952380952380952
0 0.4895833333333333 0.5729166666666666 0.044642857142857144 0.026785714285714284
0 0.46130952380952384 0.5550595238095238 0.011904761904761904 0.01488095238095238
0 0.45535714285714285 0.5431547619047619 0.005952380952380952 0.002976190476190476
0 0.6696428571428571 0.5252976190476191 0.011904761904761904 0.002976190476190476
0 0.7336309523809523 0.5104166666666666 0.01488095238095238 0.002976190476190476
0 0.6904761904761905 0.5059523809523809 0.011904761904761904 0.005952380952380952
0 0.65625 0.5059523809523809 0.026785714285714284 0.011904761904761904
