0 0.4642857142857143 0.8407738095238095 0.047619047619047616 0.03869047619047619
0 0.47619047619047616 0.7872023809523809 0.011904761904761904 0.002976190476190476
0 0.37648809523809523 0.7485119047619048 0.008928571428571428 0.002976190476190476
0 0.6473214285714286 0.7336309523809523 0.008928571428571428 0.002976190476190476
0 0.6651785714285714 0.7321428571428571 0.01488095238095238 0.005952380952380952
0 0.6413690476190477 0.7217261904761905 0.01488095238095238 0.002976190476190476
0 0.5535714285714286 0.7038690476190477 0.011904761904761904 0.002976190476190476
0 0.5431547619047619 0.7038690476190477 0.002976190476190476 0.002976190476190476
0 0.53125 0.6979166666666666 0.01488095238095238 0.002976190476190476
0 0.5074404761904762 0.6964285714285714 0.020833333333333332 0.005952380952380952
0 0.3705357142857143 0.6919642857142857 0.002976190476190476 0.002976190476190476
0 0.5282738095238095 0.6919642857142857 0.044642857142857144 0.008928571428571428
0 0.49404761904761907 0.7098214285714286 0.2916666666666667 0.1636904761904762
0 0.6279761904761905 0.5684523809523809 0.005952380952380952 0.005952380952380952
0 0.6800595238095238 0.5550595238095238 0.020833333333333332 0.002976190476190476
0 0.6413690476190477 0.5372023809523809 0.01488095238095238 0.002976190476190476
0 0.5744047619047619 0.5446428571428571 0.05952380952380952 0.02976190476190476
0 0.6354166666666666 0.5267857142857143 0.01488095238095238 0.005952380952380952
0 0.6354166666666666 0.5193452380952381 0.002976190476190476 0.002976190476190476
0 0.6235119047619048 0.5119047619047619 0.026785714285714284 0.005952380952380952
