0 0.49702380952380953 0.8244047619047619 0.017857142857142856 0.011904761904761904
0 0.49404761904761907 0.8139880952380952 0.005952380952380952 0.002976190476190476
0 0.5595238095238095 0.8035714285714286 0.005952380952380952 0.005952380952380952
0 0.5520833333333334 0.7991071428571429 0.002976190476190476 0.002976190476190476
0 0.6666666666666666 0.7872023809523809 0.017857142857142856 0.020833333333333332
0 0.4375 0.7842261904761905 0.023809523809523808 0.01488095238095238
0 0.7038690476190477 0.6860119047619048 0.002976190476190476 0.002976190476190476
0 0.6011904761904762 0.6592261904761905 0.02976190476190476 0.008928571428571428
0 0.5491071428571429 0.7247023809523809 0.34226190476190477 0.19940476190476192
0 0.5580357142857143 0.6354166666666666 0.03869047619047619 0.026785714285714284
0 0.7619047619047619 0.6383928571428571 0.047619047619047616 0.05654761904761905
0 0.6458333333333334 0.5163690476190477 0.05952380952380952 0.03273809523809524
0 0.6383928571428571 0.49851190476190477 0.008928571428571428 0.002976190476190476
0 0.6547619047619048 0.4955357142857143 0.017857142857142856 0.002976190476190476
