0 0.4479166666666667 0.7395833333333334 0.09821428571428571 0.044642857142857144
0 0.37797619047619047 0.6934523809523809 0.017857142857142856 0.005952380952380952
0 0.37351190476190477 0.6800595238095238 0.002976190476190476 0.002976190476190476
0 0.7217261904761905 0.65625 0.002976190476190476 0.002976190476190476
0 0.4895833333333333 0.6592261904761905 0.026785714285714284 0.008928571428571428
0 0.4642857142857143 0.6458333333333334 0.023809523809523808 0.011904761904761904
0 0.6324404761904762 0.6235119047619048 0.002976190476190476 0.002976190476190476
0 0.5491071428571429 0.625 0.026785714285714284 0.005952380952380952
0 0.6636904761904762 0.6860119047619048 0.24404761904761904 0.13392857142857142
0 0.5029761904761905 0.6190476190476191 0.02976190476190476 0.005952380952380952
0 0.5580357142857143 0.5803571428571429 0.0625 0.02976190476190476
0 0.5104166666666666 0.5669642857142857 0.01488095238095238 0.008928571428571428
0 0.47619047619047616 0.5654761904761905 0.017857142857142856 0.005952380952380952
0 0.6979166666666666 0.5252976190476191 0.008928571428571428 0.002976190476190476
0 0.6607142857142857 0.5252976190476191 0.041666666666666664 0.008928571428571428
0 0.6666666666666666 0.5193452380952381 0.011904761904761904 0.002976190476190476
0 0.6324404761904762 0.5193452380952381 0.008928571428571428 0.002976190476190476
0 0.7306547619047619 0.5074404761904762 0.020833333333333332 0.008928571428571428
0 0.7113095238095238 0.5014880952380952 0.011904761904761904 0.002976190476190476
0 0.6502976190476191 0.5059523809523809 0.03273809523809524 0.011904761904761904
0 0.6592261904761905 0.49255952380952384 0.002976190476190476 0.002976190476190476
0 0.6726190476190477 0.49107142857142855 0.017857142857142856 0.005952380952380952
