0 0.5372023809523809 0.8110119047619048 0.008928571428571428 0.002976190476190476
0 0.43898809523809523 0.78125 0.01488095238095238 0.008928571428571428
0 0.5446428571428571 0.7098214285714286 0.017857142857142856 0.002976190476190476
0 0.3482142857142857 0.6770833333333334 0.005952380952380952 0.002976190476190476
0 0.5699404761904762 0.6785714285714286 0.03273809523809524 0.011904761904761904
0 0.5625 0.6413690476190477 0.03571428571428571 0.020833333333333332
0 0.6577380952380952 0.6264880952380952 0.011904761904761904 0.002976190476190476
0 0.5386904761904762 0.7261904761904762 0.35714285714285715 0.20238095238095238
0 0.7157738095238095 0.6205357142857143 0.002976190476190476 0.002976190476190476
0 0.6398809523809523 0.6175595238095238 0.011904761904761904 0.002976190476190476
0 0.7470238095238095 0.6458333333333334 0.06547619047619048 0.07142857142857142
0 0.5625 0.6086309523809523 0.02976190476190476 0.01488095238095238
0 0.6071428571428571 0.5282738095238095 0.005952380952380952 0.002976190476190476
0 0.6636904761904762 0.5238095238095238 0.02976190476190476 0.011904761904761904
0 0.6994047619047619 0.5119047619047619 0.017857142857142856 0.005952380952380952
0 0.6488095238095238 0.49255952380952384 0.011904761904761904 0.002976190476190476
0 0.6622023809523809 0.4851190476190476 0.01488095238095238 0.011904761904761904
