0 0.5505952380952381 0.8273809523809523 0.023809523809523808 0.017857142857142856
0 0.6443452380952381 0.7485119047619048 0.020833333333333332 0.002976190476190476
0 0.47172619047619047 0.7455357142857143 0.002976190476190476 0.002976190476190476
0 0.6770833333333334 0.7366071428571429 0.002976190476190476 0.002976190476190476
0 0.40922619047619047 0.7306547619047619 0.002976190476190476 0.002976190476190476
0 0.4836309523809524 0.7366071428571429 0.16964285714285715 0.044642857142857144
0 0.5610119047619048 0.7098214285714286 0.002976190476190476 0.002976190476190476
0 0.3794642857142857 0.7008928571428571 0.020833333333333332 0.008928571428571428
0 0.5729166666666666 0.6502976190476191 0.03273809523809524 0.008928571428571428
0 0.6160714285714286 0.6264880952380952 0.005952380952380952 0.002976190476190476
0 0.5074404761904762 0.6235119047619048 0.002976190476190476 0.002976190476190476
0 0.5907738095238095 0.6205357142857143 0.002976190476190476 0.002976190476190476
0 0.7157738095238095 0.6190476190476191 0.020833333333333332 0.005952380952380952
0 0.6443452380952381 0.6800595238095238 0.20535714285714285 0.12797619047619047
0 0.5565476190476191 0.6279761904761905 0.13095238095238096 0.03571428571428571
0 0.5297619047619048 0.6056547619047619 0.023809523809523808 0.002976190476190476
0 0.5089285714285714 0.6056547619047619 0.005952380952380952 0.002976190476190476
0 0.5729166666666666 0.5967261904761905 0.002976190476190476 0.002976190476190476
0 0.49107142857142855 0.5967261904761905 0.005952380952380952 0.002976190476190476
0 0.5625 0.59375 0.011904761904761904 0.002976190476190476
0 0.5788690476190477 0.5848214285714286 0.008928571428571428 0.002976190476190476
0 0.5550595238095238 0.5803571428571429 0.03273809523809524 0.005952380952380952
0 0.48214285714285715 0.5714285714285714 0.05357142857142857 0.023809523809523808
0 0.46279761904761907 0.5535714285714286 0.020833333333333332 0.005952380952380952
0 0.6443452380952381 0.5104166666666666 0.01488095238095238 0.002976190476190476
0 0.7321428571428571 0.5089285714285714 0.03571428571428571 0.011904761904761904
0 0.6875 0.5074404761904762 0.017857142857142856 0.008928571428571428
0 0.6607142857142857 0.49404761904761907 0.017857142857142856 0.005952380952380952
