0 0.5595238095238095 0.7410714285714286 0.005952380952380952 0.005952380952380952
0 0.5610119047619048 0.7336309523809523 0.002976190476190476 0.002976190476190476
0 0.5550595238095238 0.7336309523809523 0.002976190476190476 0.002976190476190476
0 0.5550595238095238 0.7098214285714286 0.026785714285714284 0.002976190476190476
0 0.5089285714285714 0.7023809523809523 0.07142857142857142 0.011904761904761904
0 0.6264880952380952 0.6666666666666666 0.002976190476190476 0.005952380952380952
0 0.6175595238095238 0.6666666666666666 0.008928571428571428 0.005952380952380952
0 0.5208333333333334 0.7291666666666666 0.34523809523809523 0.17857142857142858
0 0.6383928571428571 0.6398809523809523 0.01488095238095238 0.005952380952380952
0 0.5104166666666666 0.625 0.008928571428571428 0.005952380952380952
0 0.49255952380952384 0.6235119047619048 0.002976190476190476 0.002976190476190476
0 0.75 0.6130952380952381 0.017857142857142856 0.005952380952380952
0 0.5074404761904762 0.5729166666666666 0.03869047619047619 0.008928571428571428
0 0.5863095238095238 0.5431547619047619 0.005952380952380952 0.002976190476190476
0 0.6398809523809523 0.5401785714285714 0.005952380952380952 0.002976190476190476
0 0.6741071428571429 0.5431547619047619 0.03273809523809524 0.01488095238095238
0 0.5907738095238095 0.53125 0.020833333333333332 0.002976190476190476
0 0.7276785714285714 0.5133928571428571 0.01488095238095238 0.008928571428571428
0 0.6651785714285714 0.5133928571428571 0.10416666666666667 0.050595238095238096
