0 0.5133928571428571 0.8214285714285714 0.008928571428571428 0.011904761904761904
0 0.5386904761904762 0.75 0.005952380952380952 0.005952380952380952
0 0.5327380952380952 0.7395833333333334 0.011904761904761904 0.008928571428571428
0 0.5327380952380952 0.7306547619047619 0.005952380952380952 0.002976190476190476
0 0.6681547619047619 0.7247023809523809 0.01488095238095238 0.008928571428571428
0 0.6651785714285714 0.7157738095238095 0.002976190476190476 0.002976190476190476
0 0.6056547619047619 0.7098214285714286 0.002976190476190476 0.002976190476190476
0 0.6443452380952381 0.7023809523809523 0.044642857142857144 0.047619047619047616
0 0.65625 0.6770833333333334 0.002976190476190476 0.002976190476190476
0 0.6502976190476191 0.6681547619047619 0.002976190476190476 0.002976190476190476
0 0.6398809523809523 0.6681547619047619 0.005952380952380952 0.002976190476190476
0 0.6294642857142857 0.6354166666666666 0.008928571428571428 0.002976190476190476
0 0.5818452380952381 0.5863095238095238 0.22916666666666666 0.1130952380952381
0 0.49107142857142855 0.5282738095238095 0.005952380952380952 0.002976190476190476
0 0.46577380952380953 0.5282738095238095 0.008928571428571428 0.002976190476190476
0 0.6726190476190477 0.4895833333333333 0.011904761904761904 0.008928571428571428
