0 0.5133928571428571 0.8244047619047619 0.020833333333333332 0.017857142857142856
0 0.46875 0.8110119047619048 0.026785714285714284 0.008928571428571428
0 0.5372023809523809 0.7604166666666666 0.020833333333333332 0.008928571428571428
0 0.5446428571428571 0.7514880952380952 0.005952380952380952 0.002976190476190476
0 0.5401785714285714 0.7425595238095238 0.03273809523809524 0.008928571428571428
0 0.5446428571428571 0.7336309523809523 0.017857142857142856 0.002976190476190476
0 0.65625 0.7083333333333334 0.0744047619047619 0.047619047619047616
0 0.39285714285714285 0.6235119047619048 0.017857142857142856 0.008928571428571428
0 0.6339285714285714 0.5744047619047619 0.03571428571428571 0.011904761904761904
0 0.6071428571428571 0.5669642857142857 0.023809523809523808 0.01488095238095238
0 0.5848214285714286 0.5863095238095238 0.22321428571428573 0.10714285714285714
0 0.6741071428571429 0.4895833333333333 0.020833333333333332 0.008928571428571428
