0 0.4017857142857143 0.8154761904761905 0.03571428571428571 0.023809523809523808
0 0.4851190476190476 0.7752976190476191 0.005952380952380952 0.002976190476190476
0 0.4479166666666667 0.7574404761904762 0.008928571428571428 0.002976190476190476
0 0.4226190476190476 0.75 0.03571428571428571 0.017857142857142856
0 0.38839285714285715 0.7038690476190477 0.002976190476190476 0.002976190476190476
0 0.5089285714285714 0.7142857142857143 0.25595238095238093 0.10714285714285714
0 0.4375 0.6622023809523809 0.005952380952380952 0.002976190476190476
0 0.4211309523809524 0.6532738095238095 0.03869047619047619 0.01488095238095238
0 0.40029761904761907 0.6443452380952381 0.002976190476190476 0.002976190476190476
0 0.5982142857142857 0.5877976190476191 0.005952380952380952 0.002976190476190476
0 0.5952380952380952 0.5758928571428571 0.011904761904761904 0.002976190476190476
0 0.6354166666666666 0.5639880952380952 0.01488095238095238 0.002976190476190476
0 0.6845238095238095 0.5461309523809523 0.023809523809523808 0.008928571428571428
0 0.5535714285714286 0.5416666666666666 0.047619047619047616 0.011904761904761904
0 0.6979166666666666 0.5297619047619048 0.01488095238095238 0.005952380952380952
0 0.6220238095238095 0.5119047619047619 0.02976190476190476 0.017857142857142856
