0 0.5684523809523809 0.8556547619047619 0.023809523809523808 0.020833333333333332
0 0.5133928571428571 0.8392857142857143 0.01488095238095238 0.011904761904761904
0 0.4806547619047619 0.8348214285714286 0.01488095238095238 0.020833333333333332
0 0.5148809523809523 0.8229166666666666 0.005952380952380952 0.002976190476190476
0 0.47619047619047616 0.8035714285714286 0.023809523809523808 0.023809523809523808
0 0.5208333333333334 0.8020833333333334 0.02976190476190476 0.03273809523809524
0 0.48660714285714285 0.7574404761904762 0.002976190476190476 0.002976190476190476
0 0.4880952380952381 0.7366071428571429 0.03571428571428571 0.002976190476190476
0 0.49255952380952384 0.7098214285714286 0.002976190476190476 0.002976190476190476
0 0.5223214285714286 0.7425595238095238 0.10416666666666667 0.08035714285714286
0 0.38839285714285715 0.6919642857142857 0.008928571428571428 0.002976190476190476
0 0.3854166666666667 0.6800595238095238 0.01488095238095238 0.01488095238095238
0 0.5520833333333334 0.6056547619047619 0.020833333333333332 0.002976190476190476
0 0.6502976190476191 0.6651785714285714 0.13988095238095238 0.12797619047619047
0 0.6681547619047619 0.6026785714285714 0.002976190476190476 0.002976190476190476
0 0.6443452380952381 0.6041666666666666 0.008928571428571428 0.005952380952380952
0 0.5357142857142857 0.59375 0.005952380952380952 0.002976190476190476
0 0.5 0.5372023809523809 0.005952380952380952 0.002976190476190476
0 0.49255952380952384 0.5535714285714286 0.05654761904761905 0.03571428571428571
0 0.6547619047619048 0.5014880952380952 0.005952380952380952 0.002976190476190476
0 0.6369047619047619 0.5014880952380952 0.011904761904761904 0.002976190476190476
0 0.6785714285714286 0.49107142857142855 0.02976190476190476 0.005952380952380952
