0 0.6681547619047619 0.7872023809523809 0.002976190476190476 0.002976190476190476
0 0.5907738095238095 0.7038690476190477 0.002976190476190476 0.002976190476190476
0 0.6994047619047619 0.6830357142857143 0.005952380952380952 0.002976190476190476
0 0.4166666666666667 0.6830357142857143 0.005952380952380952 0.002976190476190476
0 0.6398809523809523 0.7395833333333334 0.16666666666666666 0.12797619047619047
0 0.4419642857142857 0.7440476190476191 0.15773809523809523 0.13690476190476192
0 0.6622023809523809 0.6711309523809523 0.008928571428571428 0.002976190476190476
0 0.7574404761904762 0.6413690476190477 0.002976190476190476 0.002976190476190476
0 0.6354166666666666 0.6264880952380952 0.026785714285714284 0.008928571428571428
0 0.7559523809523809 0.6235119047619048 0.03571428571428571 0.026785714285714284
0 0.5997023809523809 0.5357142857142857 0.008928571428571428 0.005952380952380952
0 0.6354166666666666 0.5252976190476191 0.050595238095238096 0.03273809523809524
0 0.6830357142857143 0.5 0.01488095238095238 0.005952380952380952
0 0.6622023809523809 0.5044642857142857 0.044642857142857144 0.01488095238095238
0 0.6964285714285714 0.4880952380952381 0.017857142857142856 0.005952380952380952
