0 0.39880952380952384 0.8154761904761905 0.02976190476190476 0.023809523809523808
0 0.4479166666666667 0.7574404761904762 0.008928571428571428 0.002976190476190476
0 0.4270833333333333 0.7514880952380952 0.01488095238095238 0.002976190476190476
0 0.5119047619047619 0.7485119047619048 0.005952380952380952 0.002976190476190476
0 0.4181547619047619 0.7455357142857143 0.008928571428571428 0.002976190476190476
0 0.4419642857142857 0.7247023809523809 0.002976190476190476 0.002976190476190476
0 0.3913690476190476 0.7038690476190477 0.002976190476190476 0.002976190476190476
0 0.5104166666666666 0.7142857142857143 0.25297619047619047 0.10714285714285714
0 0.42857142857142855 0.6502976190476191 0.023809523809523808 0.008928571428571428
0 0.6041666666666666 0.59375 0.005952380952380952 0.002976190476190476
0 0.5877976190476191 0.5758928571428571 0.002976190476190476 0.002976190476190476
0 0.5565476190476191 0.5431547619047619 0.047619047619047616 0.01488095238095238
0 0.6979166666666666 0.5297619047619048 0.01488095238095238 0.005952380952380952
0 0.6220238095238095 0.5148809523809523 0.02976190476190476 0.011904761904761904
0 0.6190476190476191 0.5044642857142857 0.017857142857142856 0.002976190476190476
0 0.6056547619047619 0.5014880952380952 0.002976190476190476 0.002976190476190476
