0 0.45982142857142855 0.7306547619047619 0.002976190476190476 0.002976190476190476
0 0.5223214285714286 0.6860119047619048 0.002976190476190476 0.002976190476190476
0 0.47470238095238093 0.6875 0.020833333333333332 0.005952380952380952
0 0.3854166666666667 0.6800595238095238 0.002976190476190476 0.002976190476190476
0 0.5044642857142857 0.6785714285714286 0.01488095238095238 0.005952380952380952
0 0.43452380952380953 0.7008928571428571 0.08928571428571429 0.0625
0 0.5431547619047619 0.7113095238095238 0.19345238095238096 0.10119047619047619
0 0.5803571428571429 0.6101190476190477 0.03571428571428571 0.005952380952380952
0 0.5952380952380952 0.59375 0.041666666666666664 0.01488095238095238
0 0.5967261904761905 0.5714285714285714 0.050595238095238096 0.017857142857142856
0 0.5714285714285714 0.5476190476190477 0.005952380952380952 0.005952380952380952
0 0.5625 0.5386904761904762 0.02976190476190476 0.005952380952380952
0 0.6354166666666666 0.5193452380952381 0.002976190476190476 0.002976190476190476
0 0.6205357142857143 0.5163690476190477 0.008928571428571428 0.002976190476190476
0 0.6339285714285714 0.49404761904761907 0.017857142857142856 0.005952380952380952
