0 0.6413690476190477 0.7202380952380952 0.002976190476190476 0.005952380952380952
0 0.6845238095238095 0.7157738095238095 0.005952380952380952 0.002976190476190476
0 0.5089285714285714 0.7232142857142857 0.2261904761904762 0.10714285714285714
0 0.6473214285714286 0.6904761904761905 0.05654761904761905 0.06547619047619048
0 0.47619047619047616 0.6547619047619048 0.02976190476190476 0.005952380952380952
0 0.43154761904761907 0.6532738095238095 0.047619047619047616 0.01488095238095238
0 0.59375 0.6413690476190477 0.008928571428571428 0.002976190476190476
0 0.5758928571428571 0.6532738095238095 0.0625 0.026785714285714284
0 0.5669642857142857 0.6383928571428571 0.008928571428571428 0.002976190476190476
0 0.7946428571428571 0.6264880952380952 0.017857142857142856 0.01488095238095238
0 0.6071428571428571 0.5610119047619048 0.011904761904761904 0.008928571428571428
0 0.5997023809523809 0.53125 0.01488095238095238 0.002976190476190476
0 0.6741071428571429 0.5252976190476191 0.12797619047619047 0.050595238095238096
