0 0.6056547619047619 0.71875 0.002976190476190476 0.002976190476190476
0 0.6651785714285714 0.7127976190476191 0.002976190476190476 0.002976190476190476
0 0.6502976190476191 0.7127976190476191 0.008928571428571428 0.002976190476190476
0 0.6145833333333334 0.6711309523809523 0.002976190476190476 0.002976190476190476
0 0.5178571428571429 0.7202380952380952 0.23809523809523808 0.10119047619047619
0 0.6398809523809523 0.6830357142857143 0.041666666666666664 0.06845238095238096
0 0.8005952380952381 0.6309523809523809 0.005952380952380952 0.005952380952380952
0 0.8169642857142857 0.6235119047619048 0.002976190476190476 0.002976190476190476
0 0.7842261904761905 0.6205357142857143 0.026785714285714284 0.002976190476190476
0 0.6235119047619048 0.5550595238095238 0.03273809523809524 0.01488095238095238
0 0.7291666666666666 0.5267857142857143 0.023809523809523808 0.011904761904761904
0 0.6086309523809523 0.5163690476190477 0.002976190476190476 0.002976190476190476
0 0.6547619047619048 0.5223214285714286 0.1130952380952381 0.06845238095238096
