0 0.4955357142857143 0.8199404761904762 0.002976190476190476 0.002976190476190476
0 0.43452380952380953 0.7901785714285714 0.017857142857142856 0.002976190476190476
0 0.7232142857142857 0.7470238095238095 0.005952380952380952 0.005952380952380952
0 0.59375 0.6889880952380952 0.008928571428571428 0.002976190476190476
0 0.5773809523809523 0.6889880952380952 0.011904761904761904 0.002976190476190476
0 0.6622023809523809 0.6860119047619048 0.002976190476190476 0.002976190476190476
0 0.6592261904761905 0.6800595238095238 0.002976190476190476 0.002976190476190476
0 0.6607142857142857 0.6726190476190477 0.017857142857142856 0.005952380952380952
0 0.5848214285714286 0.6651785714285714 0.002976190476190476 0.002976190476190476
0 0.6592261904761905 0.6577380952380952 0.01488095238095238 0.017857142857142856
0 0.6383928571428571 0.6547619047619048 0.020833333333333332 0.011904761904761904
0 0.5535714285714286 0.6443452380952381 0.023809523809523808 0.008928571428571428
0 0.5520833333333334 0.7261904761904762 0.33630952380952384 0.19642857142857142
0 0.39732142857142855 0.6264880952380952 0.008928571428571428 0.002976190476190476
0 0.7693452380952381 0.6339285714285714 0.03869047619047619 0.05357142857142857
0 0.6041666666666666 0.5252976190476191 0.017857142857142856 0.002976190476190476
0 0.6547619047619048 0.5193452380952381 0.02976190476190476 0.026785714285714284
0 0.6473214285714286 0.5014880952380952 0.002976190476190476 0.002976190476190476
