0 0.5104166666666666 0.8258928571428571 0.01488095238095238 0.01488095238095238
0 0.4732142857142857 0.8095238095238095 0.005952380952380952 0.005952380952380952
0 0.5342261904761905 0.7633928571428571 0.002976190476190476 0.002976190476190476
0 0.5267857142857143 0.7425595238095238 0.005952380952380952 0.002976190476190476
0 0.5357142857142857 0.7306547619047619 0.005952380952380952 0.002976190476190476
0 0.6919642857142857 0.7247023809523809 0.01488095238095238 0.002976190476190476
0 0.6741071428571429 0.7247023809523809 0.008928571428571428 0.002976190476190476
0 0.5297619047619048 0.7247023809523809 0.005952380952380952 0.002976190476190476
0 0.6383928571428571 0.6949404761904762 0.002976190476190476 0.002976190476190476
0 0.6458333333333334 0.7068452380952381 0.047619047619047616 0.03869047619047619
0 0.6428571428571429 0.6800595238095238 0.005952380952380952 0.002976190476190476
0 0.6428571428571429 0.6443452380952381 0.005952380952380952 0.002976190476190476
0 0.5997023809523809 0.6324404761904762 0.008928571428571428 0.002976190476190476
0 0.39285714285714285 0.6264880952380952 0.005952380952380952 0.002976190476190476
0 0.6145833333333334 0.6071428571428571 0.1636904761904762 0.06547619047619048
0 0.4955357142857143 0.5446428571428571 0.050595238095238096 0.023809523809523808
0 0.6726190476190477 0.48660714285714285 0.017857142857142856 0.002976190476190476
