0 0.4851190476190476 0.8422619047619048 0.011904761904761904 0.005952380952380952
0 0.6026785714285714 0.7574404761904762 0.008928571428571428 0.002976190476190476
0 0.5565476190476191 0.7351190476190477 0.03571428571428571 0.017857142857142856
0 0.6949404761904762 0.7247023809523809 0.002976190476190476 0.002976190476190476
0 0.5178571428571429 0.7247023809523809 0.011904761904761904 0.002976190476190476
0 0.4538690476190476 0.7425595238095238 0.12797619047619047 0.044642857142857144
0 0.6011904761904762 0.6830357142857143 0.017857142857142856 0.008928571428571428
0 0.37202380952380953 0.6904761904761905 0.023809523809523808 0.02976190476190476
0 0.6026785714285714 0.6741071428571429 0.002976190476190476 0.002976190476190476
0 0.7172619047619048 0.6681547619047619 0.011904761904761904 0.002976190476190476
0 0.6547619047619048 0.7098214285714286 0.16071428571428573 0.09226190476190477
0 0.5744047619047619 0.6354166666666666 0.02976190476190476 0.002976190476190476
0 0.65625 0.6264880952380952 0.05654761904761905 0.008928571428571428
0 0.5625 0.6264880952380952 0.02976190476190476 0.008928571428571428
0 0.7455357142857143 0.6443452380952381 0.0744047619047619 0.050595238095238096
0 0.5535714285714286 0.6145833333333334 0.005952380952380952 0.002976190476190476
0 0.5446428571428571 0.6160714285714286 0.005952380952380952 0.005952380952380952
0 0.49702380952380953 0.6145833333333334 0.005952380952380952 0.002976190476190476
0 0.48660714285714285 0.6130952380952381 0.002976190476190476 0.005952380952380952
0 0.5074404761904762 0.6071428571428571 0.008928571428571428 0.005952380952380952
0 0.4836309523809524 0.5818452380952381 0.002976190476190476 0.002976190476190476
0 0.5669642857142857 0.5818452380952381 0.03869047619047619 0.008928571428571428
0 0.4806547619047619 0.5714285714285714 0.020833333333333332 0.011904761904761904
0 0.6636904761904762 0.5238095238095238 0.041666666666666664 0.011904761904761904
0 0.7276785714285714 0.5074404761904762 0.01488095238095238 0.002976190476190476
0 0.6398809523809523 0.5104166666666666 0.02976190476190476 0.008928571428571428
0 0.7008928571428571 0.5014880952380952 0.026785714285714284 0.008928571428571428
0 0.6755952380952381 0.49107142857142855 0.017857142857142856 0.005952380952380952
