0 0.5148809523809523 0.8229166666666666 0.017857142857142856 0.01488095238095238
0 0.5386904761904762 0.7514880952380952 0.005952380952380952 0.002976190476190476
0 0.5327380952380952 0.7395833333333334 0.005952380952380952 0.002976190476190476
0 0.5252976190476191 0.7366071428571429 0.002976190476190476 0.002976190476190476
0 0.53125 0.7306547619047619 0.002976190476190476 0.002976190476190476
0 0.6473214285714286 0.7083333333333334 0.044642857142857144 0.02976190476190476
0 0.6473214285714286 0.6845238095238095 0.020833333333333332 0.005952380952380952
0 0.5877976190476191 0.5803571428571429 0.020833333333333332 0.005952380952380952
0 0.5595238095238095 0.5714285714285714 0.023809523809523808 0.005952380952380952
0 0.5907738095238095 0.6056547619047619 0.19345238095238096 0.08035714285714286
0 0.6101190476190477 0.5669642857142857 0.011904761904761904 0.008928571428571428
0 0.4836309523809524 0.5654761904761905 0.002976190476190476 0.005952380952380952
0 0.6741071428571429 0.48660714285714285 0.008928571428571428 0.002976190476190476
