0 0.4583333333333333 0.8318452380952381 0.005952380952380952 0.002976190476190476
0 0.6413690476190477 0.8139880952380952 0.01488095238095238 0.002976190476190476
0 0.6398809523809523 0.8095238095238095 0.03571428571428571 0.005952380952380952
0 0.4211309523809524 0.7886904761904762 0.020833333333333332 0.005952380952380952
0 0.5952380952380952 0.7098214285714286 0.005952380952380952 0.002976190476190476
0 0.5758928571428571 0.7068452380952381 0.002976190476190476 0.002976190476190476
0 0.5580357142857143 0.6994047619047619 0.008928571428571428 0.005952380952380952
0 0.59375 0.6949404761904762 0.008928571428571428 0.008928571428571428
0 0.5997023809523809 0.6845238095238095 0.002976190476190476 0.005952380952380952
0 0.6934523809523809 0.65625 0.017857142857142856 0.002976190476190476
0 0.6160714285714286 0.6532738095238095 0.005952380952380952 0.002976190476190476
0 0.6755952380952381 0.6488095238095238 0.005952380952380952 0.005952380952380952
0 0.6324404761904762 0.6473214285714286 0.008928571428571428 0.008928571428571428
0 0.6696428571428571 0.6398809523809523 0.005952380952380952 0.005952380952380952
0 0.6398809523809523 0.6383928571428571 0.005952380952380952 0.002976190476190476
0 0.5595238095238095 0.6413690476190477 0.023809523809523808 0.01488095238095238
0 0.5535714285714286 0.6294642857142857 0.005952380952380952 0.002976190476190476
0 0.4226190476190476 0.6264880952380952 0.005952380952380952 0.002976190476190476
0 0.40922619047619047 0.6264880952380952 0.002976190476190476 0.002976190476190476
0 0.65625 0.6205357142857143 0.002976190476190476 0.002976190476190476
0 0.6413690476190477 0.6175595238095238 0.008928571428571428 0.002976190476190476
0 0.6354166666666666 0.6116071428571429 0.002976190476190476 0.002976190476190476
0 0.5520833333333334 0.7157738095238095 0.44345238095238093 0.21726190476190477
0 0.5997023809523809 0.6056547619047619 0.002976190476190476 0.002976190476190476
0 0.5208333333333334 0.5684523809523809 0.02976190476190476 0.017857142857142856
0 0.6651785714285714 0.5238095238095238 0.020833333333333332 0.011904761904761904
0 0.6607142857142857 0.5104166666666666 0.005952380952380952 0.002976190476190476
0 0.6220238095238095 0.5163690476190477 0.02976190476190476 0.01488095238095238
0 0.6979166666666666 0.5104166666666666 0.026785714285714284 0.01488095238095238
0 0.7113095238095238 0.4806547619047619 0.017857142857142856 0.008928571428571428
0 0.6726190476190477 0.46875 0.023809523809523808 0.008928571428571428
