0 0.6741071428571429 0.8020833333333334 0.002976190476190476 0.002976190476190476
0 0.5744047619047619 0.7961309523809523 0.005952380952380952 0.002976190476190476
0 0.5818452380952381 0.7872023809523809 0.002976190476190476 0.002976190476190476
0 0.3943452380952381 0.7633928571428571 0.008928571428571428 0.002976190476190476
0 0.5833333333333334 0.7113095238095238 0.011904761904761904 0.005952380952380952
0 0.5089285714285714 0.7068452380952381 0.005952380952380952 0.002976190476190476
0 0.7023809523809523 0.6979166666666666 0.005952380952380952 0.002976190476190476
0 0.6324404761904762 0.7395833333333334 0.14583333333333334 0.12797619047619047
0 0.6130952380952381 0.6651785714285714 0.005952380952380952 0.002976190476190476
0 0.6235119047619048 0.6636904761904762 0.008928571428571428 0.005952380952380952
0 0.4419642857142857 0.7336309523809523 0.1636904761904762 0.14583333333333334
0 0.6458333333333334 0.6607142857142857 0.02976190476190476 0.017857142857142856
0 0.4166666666666667 0.6547619047619048 0.023809523809523808 0.011904761904761904
0 0.5074404761904762 0.6205357142857143 0.026785714285714284 0.008928571428571428
0 0.7589285714285714 0.6175595238095238 0.03571428571428571 0.01488095238095238
0 0.4880952380952381 0.5654761904761905 0.011904761904761904 0.005952380952380952
0 0.6741071428571429 0.5431547619047619 0.020833333333333332 0.002976190476190476
0 0.6101190476190477 0.5133928571428571 0.005952380952380952 0.002976190476190476
0 0.6279761904761905 0.5044642857142857 0.017857142857142856 0.002976190476190476
0 0.6547619047619048 0.5148809523809523 0.10714285714285714 0.041666666666666664
