0 0.5967261904761905 0.7425595238095238 0.002976190476190476 0.002976190476190476
0 0.5744047619047619 0.7410714285714286 0.011904761904761904 0.005952380952380952
0 0.5059523809523809 0.7485119047619048 0.11904761904761904 0.026785714285714284
0 0.5982142857142857 0.7351190476190477 0.017857142857142856 0.005952380952380952
0 0.6026785714285714 0.6889880952380952 0.002976190476190476 0.002976190476190476
0 0.6294642857142857 0.6994047619047619 0.044642857142857144 0.047619047619047616
0 0.4211309523809524 0.7008928571428571 0.050595238095238096 0.0625
0 0.6309523809523809 0.6666666666666666 0.02976190476190476 0.011904761904761904
0 0.5803571428571429 0.6636904761904762 0.011904761904761904 0.005952380952380952
0 0.4642857142857143 0.65625 0.08928571428571429 0.008928571428571428
0 0.5773809523809523 0.6458333333333334 0.03571428571428571 0.017857142857142856
0 0.6532738095238095 0.5491071428571429 0.09821428571428571 0.03869047619047619
0 0.7113095238095238 0.5282738095238095 0.011904761904761904 0.002976190476190476
0 0.5639880952380952 0.5104166666666666 0.002976190476190476 0.002976190476190476
0 0.6235119047619048 0.5178571428571429 0.044642857142857144 0.02976190476190476
