0 0.46130952380952384 0.8616071428571429 0.023809523809523808 0.008928571428571428
0 0.46875 0.8526785714285714 0.002976190476190476 0.002976190476190476
0 0.4523809523809524 0.8497023809523809 0.005952380952380952 0.002976190476190476
0 0.40327380952380953 0.8169642857142857 0.01488095238095238 0.01488095238095238
0 0.4479166666666667 0.7782738095238095 0.002976190476190476 0.002976190476190476
0 0.3645833333333333 0.7083333333333334 0.01488095238095238 0.005952380952380952
0 0.3601190476190476 0.7008928571428571 0.011904761904761904 0.002976190476190476
0 0.5089285714285714 0.7098214285714286 0.2619047619047619 0.12202380952380952
0 0.375 0.6354166666666666 0.005952380952380952 0.002976190476190476
0 0.5803571428571429 0.5863095238095238 0.005952380952380952 0.005952380952380952
0 0.5922619047619048 0.5818452380952381 0.005952380952380952 0.002976190476190476
0 0.6041666666666666 0.5788690476190477 0.005952380952380952 0.002976190476190476
0 0.6324404761904762 0.5729166666666666 0.03273809523809524 0.03273809523809524
0 0.6220238095238095 0.5535714285714286 0.005952380952380952 0.005952380952380952
0 0.5252976190476191 0.5431547619047619 0.008928571428571428 0.002976190476190476
0 0.5446428571428571 0.5401785714285714 0.011904761904761904 0.002976190476190476
0 0.7232142857142857 0.5357142857142857 0.005952380952380952 0.005952380952380952
0 0.6904761904761905 0.5431547619047619 0.047619047619047616 0.020833333333333332
0 0.6279761904761905 0.5357142857142857 0.011904761904761904 0.017857142857142856
0 0.6264880952380952 0.5133928571428571 0.020833333333333332 0.020833333333333332
0 0.6294642857142857 0.44642857142857145 0.020833333333333332 0.005952380952380952
0 0.6205357142857143 0.4375 0.020833333333333332 0.005952380952380952
0 0.6279761904761905 0.43005952380952384 0.005952380952380952 0.002976190476190476
0 0.6413690476190477 0.4211309523809524 0.01488095238095238 0.020833333333333332
