0 0.5714285714285714 0.8586309523809523 0.017857142857142856 0.008928571428571428
0 0.5133928571428571 0.84375 0.002976190476190476 0.002976190476190476
0 0.47470238095238093 0.8407738095238095 0.002976190476190476 0.002976190476190476
0 0.5119047619047619 0.8258928571428571 0.005952380952380952 0.002976190476190476
0 0.47023809523809523 0.8139880952380952 0.011904761904761904 0.002976190476190476
0 0.5148809523809523 0.8110119047619048 0.017857142857142856 0.020833333333333332
0 0.4732142857142857 0.8050595238095238 0.017857142857142856 0.008928571428571428
0 0.5252976190476191 0.7574404761904762 0.002976190476190476 0.002976190476190476
0 0.5 0.7604166666666666 0.011904761904761904 0.008928571428571428
0 0.5401785714285714 0.7485119047619048 0.050595238095238096 0.05654761904761905
0 0.5193452380952381 0.7157738095238095 0.026785714285714284 0.002976190476190476
0 0.5967261904761905 0.7127976190476191 0.002976190476190476 0.002976190476190476
0 0.6041666666666666 0.7098214285714286 0.005952380952380952 0.002976190476190476
0 0.6116071428571429 0.6175595238095238 0.020833333333333332 0.008928571428571428
0 0.5580357142857143 0.6041666666666666 0.020833333333333332 0.005952380952380952
0 0.6473214285714286 0.6636904761904762 0.13392857142857142 0.13095238095238096
0 0.5431547619047619 0.5997023809523809 0.002976190476190476 0.002976190476190476
0 0.5372023809523809 0.59375 0.01488095238095238 0.002976190476190476
0 0.49255952380952384 0.5505952380952381 0.06845238095238096 0.041666666666666664
0 0.6770833333333334 0.4895833333333333 0.026785714285714284 0.008928571428571428
