0 0.4166666666666667 0.7991071428571429 0.011904761904761904 0.002976190476190476
0 0.6785714285714286 0.78125 0.017857142857142856 0.002976190476190476
0 0.5610119047619048 0.7395833333333334 0.002976190476190476 0.002976190476190476
0 0.5625 0.7336309523809523 0.005952380952380952 0.002976190476190476
0 0.5238095238095238 0.7038690476190477 0.09523809523809523 0.01488095238095238
0 0.6205357142857143 0.6651785714285714 0.01488095238095238 0.008928571428571428
0 0.6369047619047619 0.6532738095238095 0.02976190476190476 0.01488095238095238
0 0.5163690476190477 0.7291666666666666 0.33630952380952384 0.17857142857142858
0 0.5104166666666666 0.6235119047619048 0.008928571428571428 0.008928571428571428
0 0.7529761904761905 0.6116071428571429 0.017857142857142856 0.002976190476190476
0 0.5148809523809523 0.5714285714285714 0.023809523809523808 0.005952380952380952
0 0.5863095238095238 0.5446428571428571 0.023809523809523808 0.011904761904761904
0 0.6741071428571429 0.5431547619047619 0.03869047619047619 0.01488095238095238
0 0.5877976190476191 0.5327380952380952 0.026785714285714284 0.005952380952380952
0 0.6815476190476191 0.5297619047619048 0.017857142857142856 0.005952380952380952
0 0.6651785714285714 0.5119047619047619 0.10416666666666667 0.047619047619047616
