0 0.5357142857142857 0.7544642857142857 0.011904761904761904 0.008928571428571428
0 0.4270833333333333 0.7485119047619048 0.008928571428571428 0.002976190476190476
0 0.44047619047619047 0.7410714285714286 0.011904761904761904 0.011904761904761904
0 0.4419642857142857 0.7336309523809523 0.002976190476190476 0.002976190476190476
0 0.6324404761904762 0.7306547619047619 0.002976190476190476 0.002976190476190476
0 0.6175595238095238 0.7321428571428571 0.008928571428571428 0.005952380952380952
0 0.5401785714285714 0.7261904761904762 0.01488095238095238 0.005952380952380952
0 0.6696428571428571 0.6934523809523809 0.005952380952380952 0.005952380952380952
0 0.37648809523809523 0.6934523809523809 0.008928571428571428 0.005952380952380952
0 0.6086309523809523 0.6741071428571429 0.020833333333333332 0.01488095238095238
0 0.7157738095238095 0.6369047619047619 0.020833333333333332 0.017857142857142856
0 0.6056547619047619 0.6175595238095238 0.002976190476190476 0.002976190476190476
0 0.5833333333333334 0.6145833333333334 0.005952380952380952 0.002976190476190476
0 0.5788690476190477 0.6026785714285714 0.008928571428571428 0.002976190476190476
0 0.6026785714285714 0.6026785714285714 0.020833333333333332 0.008928571428571428
0 0.5758928571428571 0.6205357142857143 0.24702380952380953 0.15773809523809523
0 0.6488095238095238 0.5089285714285714 0.017857142857142856 0.005952380952380952
0 0.6934523809523809 0.5074404761904762 0.011904761904761904 0.008928571428571428
