0 0.59375 0.8169642857142857 0.01488095238095238 0.002976190476190476
0 0.5119047619047619 0.7782738095238095 0.005952380952380952 0.002976190476190476
0 0.7276785714285714 0.7559523809523809 0.03273809523809524 0.02976190476190476
0 0.7053571428571429 0.7395833333333334 0.005952380952380952 0.002976190476190476
0 0.7053571428571429 0.7321428571428571 0.017857142857142856 0.005952380952380952
0 0.7053571428571429 0.7247023809523809 0.023809523809523808 0.002976190476190476
0 0.5416666666666666 0.6919642857142857 0.005952380952380952 0.002976190476190476
0 0.5639880952380952 0.6800595238095238 0.020833333333333332 0.008928571428571428
0 0.6681547619047619 0.6741071428571429 0.002976190476190476 0.002976190476190476
0 0.5595238095238095 0.6711309523809523 0.005952380952380952 0.002976190476190476
0 0.40029761904761907 0.6830357142857143 0.020833333333333332 0.03273809523809524
0 0.5892857142857143 0.6696428571428571 0.023809523809523808 0.017857142857142856
0 0.5714285714285714 0.6636904761904762 0.017857142857142856 0.005952380952380952
0 0.5446428571428571 0.7142857142857143 0.2976190476190476 0.13095238095238096
0 0.4226190476190476 0.6547619047619048 0.041666666666666664 0.011904761904761904
0 0.7901785714285714 0.6294642857142857 0.03869047619047619 0.020833333333333332
0 0.43452380952380953 0.6235119047619048 0.02976190476190476 0.008928571428571428
0 0.7738095238095238 0.6145833333333334 0.03571428571428571 0.002976190476190476
0 0.5372023809523809 0.6101190476190477 0.008928571428571428 0.005952380952380952
0 0.7306547619047619 0.5282738095238095 0.01488095238095238 0.002976190476190476
0 0.6547619047619048 0.5193452380952381 0.125 0.050595238095238096
