0 0.5714285714285714 0.8526785714285714 0.017857142857142856 0.01488095238095238
0 0.7351190476190477 0.7380952380952381 0.011904761904761904 0.011904761904761904
0 0.7098214285714286 0.7157738095238095 0.008928571428571428 0.002976190476190476
0 0.59375 0.7098214285714286 0.002976190476190476 0.002976190476190476
0 0.71875 0.7038690476190477 0.01488095238095238 0.002976190476190476
0 0.5238095238095238 0.7589285714285714 0.13095238095238096 0.11904761904761904
0 0.3913690476190476 0.6889880952380952 0.008928571428571428 0.008928571428571428
0 0.39285714285714285 0.6770833333333334 0.005952380952380952 0.002976190476190476
0 0.3913690476190476 0.6681547619047619 0.01488095238095238 0.002976190476190476
0 0.6101190476190477 0.6398809523809523 0.023809523809523808 0.011904761904761904
0 0.5863095238095238 0.6324404761904762 0.017857142857142856 0.01488095238095238
0 0.6845238095238095 0.6755952380952381 0.15476190476190477 0.11904761904761904
0 0.6235119047619048 0.6086309523809523 0.008928571428571428 0.002976190476190476
0 0.7410714285714286 0.6071428571428571 0.005952380952380952 0.005952380952380952
0 0.5877976190476191 0.6056547619047619 0.01488095238095238 0.002976190476190476
0 0.5625 0.6056547619047619 0.011904761904761904 0.002976190476190476
0 0.5357142857142857 0.5892857142857143 0.011904761904761904 0.005952380952380952
0 0.5922619047619048 0.5699404761904762 0.005952380952380952 0.002976190476190476
0 0.5833333333333334 0.5699404761904762 0.005952380952380952 0.002976190476190476
0 0.6875 0.49107142857142855 0.02976190476190476 0.017857142857142856
