0 0.4806547619047619 0.7663690476190477 0.002976190476190476 0.002976190476190476
0 0.6369047619047619 0.6889880952380952 0.005952380952380952 0.002976190476190476
0 0.5491071428571429 0.6860119047619048 0.008928571428571428 0.002976190476190476
0 0.6086309523809523 0.6964285714285714 0.05654761904761905 0.041666666666666664
0 0.5014880952380952 0.71875 0.22916666666666666 0.09821428571428571
0 0.40327380952380953 0.6681547619047619 0.002976190476190476 0.002976190476190476
0 0.6235119047619048 0.6681547619047619 0.020833333333333332 0.008928571428571428
0 0.44345238095238093 0.6592261904761905 0.1130952380952381 0.01488095238095238
0 0.5952380952380952 0.5714285714285714 0.041666666666666664 0.017857142857142856
0 0.5654761904761905 0.5431547619047619 0.017857142857142856 0.002976190476190476
0 0.6889880952380952 0.5372023809523809 0.020833333333333332 0.008928571428571428
0 0.6904761904761905 0.5282738095238095 0.017857142857142856 0.002976190476190476
0 0.6205357142857143 0.5208333333333334 0.020833333333333332 0.005952380952380952
0 0.5758928571428571 0.5104166666666666 0.002976190476190476 0.002976190476190476
0 0.6190476190476191 0.5104166666666666 0.017857142857142856 0.008928571428571428
