0 0.5684523809523809 0.8541666666666666 0.03571428571428571 0.023809523809523808
0 0.47470238095238093 0.7574404761904762 0.002976190476190476 0.002976190476190476
0 0.7276785714285714 0.7098214285714286 0.008928571428571428 0.002976190476190476
0 0.48660714285714285 0.7098214285714286 0.002976190476190476 0.002976190476190476
0 0.5193452380952381 0.7738095238095238 0.12797619047619047 0.14285714285714285
0 0.4494047619047619 0.7038690476190477 0.05952380952380952 0.008928571428571428
0 0.38839285714285715 0.6815476190476191 0.026785714285714284 0.023809523809523808
0 0.38392857142857145 0.6651785714285714 0.017857142857142856 0.002976190476190476
0 0.7395833333333334 0.65625 0.008928571428571428 0.002976190476190476
0 0.7440476190476191 0.6294642857142857 0.005952380952380952 0.008928571428571428
0 0.6770833333333334 0.6264880952380952 0.002976190476190476 0.008928571428571428
0 0.6145833333333334 0.6175595238095238 0.026785714285714284 0.002976190476190476
0 0.7425595238095238 0.6086309523809523 0.01488095238095238 0.002976190476190476
0 0.65625 0.6726190476190477 0.14583333333333334 0.13095238095238096
0 0.5550595238095238 0.6041666666666666 0.01488095238095238 0.005952380952380952
0 0.5357142857142857 0.6026785714285714 0.011904761904761904 0.002976190476190476
0 0.53125 0.5967261904761905 0.008928571428571428 0.002976190476190476
0 0.5089285714285714 0.5818452380952381 0.005952380952380952 0.002976190476190476
0 0.5 0.5699404761904762 0.005952380952380952 0.002976190476190476
0 0.5625 0.5639880952380952 0.017857142857142856 0.008928571428571428
0 0.5223214285714286 0.5580357142857143 0.020833333333333332 0.002976190476190476
0 0.6845238095238095 0.49851190476190477 0.005952380952380952 0.002976190476190476
0 0.6904761904761905 0.48660714285714285 0.03571428571428571 0.01488095238095238
0 0.6636904761904762 0.4806547619047619 0.011904761904761904 0.002976190476190476
