0 0.6116071428571429 0.7991071428571429 0.002976190476190476 0.002976190476190476
0 0.5163690476190477 0.7991071428571429 0.002976190476190476 0.002976190476190476
0 0.65625 0.7991071428571429 0.026785714285714284 0.008928571428571428
0 0.5357142857142857 0.7782738095238095 0.005952380952380952 0.002976190476190476
0 0.5729166666666666 0.7366071428571429 0.008928571428571428 0.002976190476190476
0 0.5625 0.7098214285714286 0.005952380952380952 0.002976190476190476
0 0.5699404761904762 0.7038690476190477 0.002976190476190476 0.002976190476190476
0 0.5104166666666666 0.7083333333333334 0.044642857142857144 0.011904761904761904
0 0.5863095238095238 0.6994047619047619 0.017857142857142856 0.005952380952380952
0 0.4181547619047619 0.6979166666666666 0.002976190476190476 0.002976190476190476
0 0.6577380952380952 0.6741071428571429 0.005952380952380952 0.002976190476190476
0 0.65625 0.6681547619047619 0.002976190476190476 0.002976190476190476
0 0.6696428571428571 0.6622023809523809 0.011904761904761904 0.002976190476190476
0 0.6592261904761905 0.6502976190476191 0.002976190476190476 0.002976190476190476
0 0.5208333333333334 0.7276785714285714 0.34523809523809523 0.17559523809523808
0 0.5877976190476191 0.5446428571428571 0.002976190476190476 0.005952380952380952
0 0.6755952380952381 0.5431547619047619 0.02976190476190476 0.01488095238095238
0 0.6264880952380952 0.5223214285714286 0.002976190476190476 0.002976190476190476
0 0.6160714285714286 0.5223214285714286 0.011904761904761904 0.002976190476190476
0 0.7157738095238095 0.5178571428571429 0.01488095238095238 0.011904761904761904
0 0.6547619047619048 0.5208333333333334 0.023809523809523808 0.017857142857142856
0 0.6517857142857143 0.5074404761904762 0.017857142857142856 0.002976190476190476
0 0.6889880952380952 0.5044642857142857 0.03273809523809524 0.008928571428571428
0 0.6681547619047619 0.49851190476190477 0.002976190476190476 0.002976190476190476
0 0.7038690476190477 0.49404761904761907 0.01488095238095238 0.005952380952380952
0 0.6994047619047619 0.48660714285714285 0.005952380952380952 0.002976190476190476
