0 0.46577380952380953 0.8497023809523809 0.020833333333333332 0.026785714285714284
0 0.46726190476190477 0.8273809523809523 0.011904761904761904 0.005952380952380952
0 0.5788690476190477 0.8080357142857143 0.020833333333333332 0.01488095238095238
0 0.6369047619047619 0.7663690476190477 0.005952380952380952 0.002976190476190476
0 0.5788690476190477 0.6994047619047619 0.01488095238095238 0.005952380952380952
0 0.5520833333333334 0.6994047619047619 0.026785714285714284 0.005952380952380952
0 0.5178571428571429 0.6994047619047619 0.03571428571428571 0.011904761904761904
0 0.5014880952380952 0.6949404761904762 0.002976190476190476 0.002976190476190476
0 0.4330357142857143 0.6830357142857143 0.002976190476190476 0.002976190476190476
0 0.7053571428571429 0.6741071428571429 0.005952380952380952 0.002976190476190476
0 0.6443452380952381 0.6711309523809523 0.002976190476190476 0.002976190476190476
0 0.6383928571428571 0.6636904761904762 0.008928571428571428 0.005952380952380952
0 0.6264880952380952 0.6741071428571429 0.020833333333333332 0.026785714285714284
0 0.40476190476190477 0.6383928571428571 0.005952380952380952 0.002976190476190476
0 0.5044642857142857 0.7232142857142857 0.30654761904761907 0.18452380952380953
0 0.5848214285714286 0.5877976190476191 0.026785714285714284 0.01488095238095238
0 0.6592261904761905 0.5461309523809523 0.002976190476190476 0.002976190476190476
0 0.6488095238095238 0.5342261904761905 0.011904761904761904 0.002976190476190476
0 0.5773809523809523 0.5476190476190477 0.047619047619047616 0.02976190476190476
0 0.6502976190476191 0.5223214285714286 0.008928571428571428 0.002976190476190476
0 0.5357142857142857 0.5267857142857143 0.023809523809523808 0.017857142857142856
