0 0.4494047619047619 0.7425595238095238 0.08333333333333333 0.03869047619047619
0 0.37797619047619047 0.6919642857142857 0.005952380952380952 0.002976190476190476
0 0.375 0.6770833333333334 0.011904761904761904 0.002976190476190476
0 0.6741071428571429 0.6681547619047619 0.002976190476190476 0.002976190476190476
0 0.6681547619047619 0.6651785714285714 0.002976190476190476 0.002976190476190476
0 0.6681547619047619 0.6994047619047619 0.16964285714285715 0.10119047619047619
0 0.7217261904761905 0.6502976190476191 0.002976190476190476 0.002976190476190476
0 0.7470238095238095 0.6443452380952381 0.011904761904761904 0.002976190476190476
0 0.6056547619047619 0.6413690476190477 0.002976190476190476 0.002976190476190476
0 0.71875 0.6205357142857143 0.002976190476190476 0.002976190476190476
0 0.6904761904761905 0.6294642857142857 0.125 0.020833333333333332
0 0.5089285714285714 0.6235119047619048 0.02976190476190476 0.008928571428571428
0 0.5550595238095238 0.6175595238095238 0.002976190476190476 0.002976190476190476
0 0.5610119047619048 0.6264880952380952 0.050595238095238096 0.020833333333333332
0 0.5252976190476191 0.6130952380952381 0.008928571428571428 0.005952380952380952
0 0.5372023809523809 0.6086309523809523 0.002976190476190476 0.002976190476190476
0 0.5119047619047619 0.6056547619047619 0.011904761904761904 0.002976190476190476
0 0.5669642857142857 0.59375 0.008928571428571428 0.002976190476190476
0 0.5014880952380952 0.59375 0.002976190476190476 0.002976190476190476
0 0.49107142857142855 0.5744047619047619 0.047619047619047616 0.017857142857142856
0 0.6651785714285714 0.5372023809523809 0.002976190476190476 0.002976190476190476
0 0.6502976190476191 0.5342261904761905 0.002976190476190476 0.002976190476190476
0 0.6711309523809523 0.5267857142857143 0.01488095238095238 0.005952380952380952
0 0.6517857142857143 0.5267857142857143 0.017857142857142856 0.005952380952380952
0 0.6666666666666666 0.5193452380952381 0.005952380952380952 0.002976190476190476
0 0.6339285714285714 0.5193452380952381 0.005952380952380952 0.002976190476190476
0 0.6651785714285714 0.5104166666666666 0.01488095238095238 0.002976190476190476
0 0.7291666666666666 0.5074404761904762 0.02976190476190476 0.008928571428571428
