0 0.43005952380952384 0.7842261904761905 0.008928571428571428 0.002976190476190476
0 0.6175595238095238 0.7470238095238095 0.002976190476190476 0.005952380952380952
0 0.6041666666666666 0.7351190476190477 0.011904761904761904 0.005952380952380952
0 0.5550595238095238 0.7127976190476191 0.002976190476190476 0.002976190476190476
0 0.5550595238095238 0.7068452380952381 0.002976190476190476 0.002976190476190476
0 0.5327380952380952 0.7574404761904762 0.16071428571428573 0.10416666666666667
0 0.4375 0.7202380952380952 0.041666666666666664 0.02976190476190476
0 0.41964285714285715 0.7038690476190477 0.005952380952380952 0.002976190476190476
0 0.3943452380952381 0.7053571428571429 0.01488095238095238 0.005952380952380952
0 0.6145833333333334 0.6800595238095238 0.002976190476190476 0.002976190476190476
0 0.4017857142857143 0.6860119047619048 0.023809523809523808 0.026785714285714284
0 0.41517857142857145 0.6547619047619048 0.01488095238095238 0.011904761904761904
0 0.3854166666666667 0.6517857142857143 0.044642857142857144 0.011904761904761904
0 0.7008928571428571 0.6443452380952381 0.002976190476190476 0.002976190476190476
0 0.5639880952380952 0.6413690476190477 0.008928571428571428 0.002976190476190476
0 0.5610119047619048 0.6324404761904762 0.01488095238095238 0.008928571428571428
0 0.4479166666666667 0.6279761904761905 0.044642857142857144 0.011904761904761904
0 0.6770833333333334 0.6830357142857143 0.18154761904761904 0.15773809523809523
0 0.5997023809523809 0.5669642857142857 0.008928571428571428 0.002976190476190476
0 0.6681547619047619 0.5282738095238095 0.002976190476190476 0.002976190476190476
0 0.6458333333333334 0.5252976190476191 0.005952380952380952 0.002976190476190476
0 0.6279761904761905 0.5119047619047619 0.005952380952380952 0.005952380952380952
0 0.6949404761904762 0.5089285714285714 0.01488095238095238 0.011904761904761904
0 0.6934523809523809 0.49851190476190477 0.011904761904761904 0.002976190476190476
