0 0.4419642857142857 0.7514880952380952 0.008928571428571428 0.002976190476190476
0 0.4181547619047619 0.7485119047619048 0.002976190476190476 0.002976190476190476
0 0.6056547619047619 0.7336309523809523 0.002976190476190476 0.002976190476190476
0 0.6116071428571429 0.7247023809523809 0.002976190476190476 0.002976190476190476
0 0.4017857142857143 0.7157738095238095 0.005952380952380952 0.002976190476190476
0 0.38839285714285715 0.7098214285714286 0.002976190476190476 0.002976190476190476
0 0.5357142857142857 0.7008928571428571 0.005952380952380952 0.002976190476190476
0 0.5163690476190477 0.7008928571428571 0.020833333333333332 0.002976190476190476
0 0.5 0.6800595238095238 0.023809523809523808 0.002976190476190476
0 0.625 0.6681547619047619 0.023809523809523808 0.008928571428571428
0 0.42857142857142855 0.6651785714285714 0.005952380952380952 0.002976190476190476
0 0.43452380952380953 0.6592261904761905 0.005952380952380952 0.002976190476190476
0 0.5148809523809523 0.7098214285714286 0.25 0.10416666666666667
0 0.5669642857142857 0.5758928571428571 0.002976190476190476 0.002976190476190476
0 0.5982142857142857 0.5699404761904762 0.05357142857142857 0.020833333333333332
