0 0.46875 0.8497023809523809 0.026785714285714284 0.026785714285714284
0 0.47172619047619047 0.8169642857142857 0.002976190476190476 0.002976190476190476
0 0.46875 0.8080357142857143 0.002976190476190476 0.002976190476190476
0 0.5863095238095238 0.7663690476190477 0.005952380952380952 0.002976190476190476
0 0.6622023809523809 0.7633928571428571 0.002976190476190476 0.002976190476190476
0 0.6294642857142857 0.7544642857142857 0.01488095238095238 0.002976190476190476
0 0.6443452380952381 0.7440476190476191 0.01488095238095238 0.005952380952380952
0 0.43005952380952384 0.6383928571428571 0.01488095238095238 0.002976190476190476
0 0.5148809523809523 0.7172619047619048 0.30357142857142855 0.17261904761904762
0 0.5625 0.5863095238095238 0.017857142857142856 0.005952380952380952
0 0.5863095238095238 0.5863095238095238 0.023809523809523808 0.011904761904761904
0 0.5327380952380952 0.5461309523809523 0.005952380952380952 0.002976190476190476
0 0.5773809523809523 0.5461309523809523 0.047619047619047616 0.026785714285714284
0 0.7544642857142857 0.5282738095238095 0.002976190476190476 0.002976190476190476
0 0.7232142857142857 0.5297619047619048 0.023809523809523808 0.005952380952380952
0 0.7008928571428571 0.5252976190476191 0.002976190476190476 0.002976190476190476
0 0.6607142857142857 0.5386904761904762 0.08333333333333333 0.041666666666666664
0 0.6428571428571429 0.5119047619047619 0.005952380952380952 0.005952380952380952
0 0.6145833333333334 0.5074404761904762 0.002976190476190476 0.002976190476190476
0 0.6696428571428571 0.49702380952380953 0.005952380952380952 0.005952380952380952
