0 0.4583333333333333 0.8705357142857143 0.017857142857142856 0.002976190476190476
0 0.39732142857142855 0.8199404761904762 0.01488095238095238 0.008928571428571428
0 0.4419642857142857 0.7455357142857143 0.002976190476190476 0.002976190476190476
0 0.5952380952380952 0.7276785714285714 0.041666666666666664 0.020833333333333332
0 0.3869047619047619 0.7098214285714286 0.005952380952380952 0.002976190476190476
0 0.6354166666666666 0.6889880952380952 0.008928571428571428 0.002976190476190476
0 0.5401785714285714 0.6860119047619048 0.01488095238095238 0.002976190476190476
0 0.5208333333333334 0.6800595238095238 0.005952380952380952 0.002976190476190476
0 0.6145833333333334 0.6949404761904762 0.03869047619047619 0.03869047619047619
0 0.6220238095238095 0.6681547619047619 0.023809523809523808 0.008928571428571428
0 0.4806547619047619 0.7083333333333334 0.19345238095238096 0.11904761904761904
0 0.43898809523809523 0.6443452380952381 0.008928571428571428 0.002976190476190476
0 0.5848214285714286 0.5773809523809523 0.008928571428571428 0.005952380952380952
0 0.6324404761904762 0.5714285714285714 0.008928571428571428 0.011904761904761904
0 0.6949404761904762 0.5491071428571429 0.008928571428571428 0.002976190476190476
0 0.5565476190476191 0.5431547619047619 0.02976190476190476 0.002976190476190476
0 0.6904761904761905 0.5342261904761905 0.02976190476190476 0.01488095238095238
0 0.6235119047619048 0.5208333333333334 0.020833333333333332 0.005952380952380952
0 0.6220238095238095 0.5104166666666666 0.023809523809523808 0.008928571428571428
0 0.5758928571428571 0.5089285714285714 0.020833333333333332 0.005952380952380952
