0 0.5520833333333334 0.8348214285714286 0.002976190476190476 0.002976190476190476
0 0.5476190476190477 0.8244047619047619 0.023809523809523808 0.011904761904761904
0 0.4494047619047619 0.7633928571428571 0.005952380952380952 0.002976190476190476
0 0.4895833333333333 0.7395833333333334 0.002976190476190476 0.002976190476190476
0 0.40922619047619047 0.7306547619047619 0.008928571428571428 0.002976190476190476
0 0.4791666666666667 0.7366071428571429 0.17261904761904762 0.044642857142857144
0 0.5595238095238095 0.7098214285714286 0.005952380952380952 0.002976190476190476
0 0.37797619047619047 0.7008928571428571 0.023809523809523808 0.008928571428571428
0 0.6711309523809523 0.6681547619047619 0.002976190476190476 0.002976190476190476
0 0.5714285714285714 0.6502976190476191 0.03571428571428571 0.008928571428571428
0 0.6145833333333334 0.6383928571428571 0.020833333333333332 0.01488095238095238
0 0.5639880952380952 0.6205357142857143 0.008928571428571428 0.002976190476190476
0 0.7157738095238095 0.6190476190476191 0.020833333333333332 0.005952380952380952
0 0.6473214285714286 0.6830357142857143 0.2113095238095238 0.13392857142857142
0 0.5476190476190477 0.6264880952380952 0.10119047619047619 0.026785714285714284
0 0.5461309523809523 0.6116071428571429 0.008928571428571428 0.002976190476190476
0 0.5059523809523809 0.6145833333333334 0.041666666666666664 0.008928571428571428
0 0.5327380952380952 0.6056547619047619 0.017857142857142856 0.002976190476190476
0 0.5104166666666666 0.6056547619047619 0.008928571428571428 0.002976190476190476
0 0.5639880952380952 0.5877976190476191 0.050595238095238096 0.020833333333333332
0 0.4836309523809524 0.5729166666666666 0.05654761904761905 0.020833333333333332
0 0.47023809523809523 0.5550595238095238 0.005952380952380952 0.002976190476190476
0 0.6904761904761905 0.5104166666666666 0.005952380952380952 0.002976190476190476
0 0.7321428571428571 0.5074404761904762 0.03571428571428571 0.008928571428571428
0 0.6845238095238095 0.5044642857142857 0.005952380952380952 0.002976190476190476
0 0.6443452380952381 0.5074404761904762 0.020833333333333332 0.008928571428571428
0 0.6666666666666666 0.49107142857142855 0.02976190476190476 0.005952380952380952
