0 0.5610119047619048 0.8229166666666666 0.002976190476190476 0.002976190476190476
0 0.5729166666666666 0.8214285714285714 0.01488095238095238 0.005952380952380952
0 0.4226190476190476 0.7276785714285714 0.011904761904761904 0.002976190476190476
0 0.43154761904761907 0.71875 0.02976190476190476 0.008928571428571428
0 0.5654761904761905 0.7098214285714286 0.03571428571428571 0.002976190476190476
0 0.42857142857142855 0.7098214285714286 0.005952380952380952 0.002976190476190476
0 0.5267857142857143 0.7589285714285714 0.15476190476190477 0.1130952380952381
0 0.5535714285714286 0.7023809523809523 0.017857142857142856 0.005952380952380952
0 0.3943452380952381 0.6889880952380952 0.03273809523809524 0.020833333333333332
0 0.3854166666666667 0.6696428571428571 0.020833333333333332 0.005952380952380952
0 0.6205357142857143 0.6651785714285714 0.002976190476190476 0.002976190476190476
0 0.41369047619047616 0.65625 0.011904761904761904 0.002976190476190476
0 0.375 0.65625 0.02976190476190476 0.002976190476190476
0 0.4017857142857143 0.6502976190476191 0.005952380952380952 0.002976190476190476
0 0.6875 0.6175595238095238 0.005952380952380952 0.002976190476190476
0 0.6711309523809523 0.6130952380952381 0.020833333333333332 0.005952380952380952
0 0.6770833333333334 0.6785714285714286 0.1875 0.14285714285714285
0 0.59375 0.5818452380952381 0.002976190476190476 0.002976190476190476
0 0.5773809523809523 0.5699404761904762 0.02976190476190476 0.020833333333333332
0 0.6934523809523809 0.49255952380952384 0.03571428571428571 0.008928571428571428
0 0.6607142857142857 0.4836309523809524 0.017857142857142856 0.002976190476190476
