0 0.5952380952380952 0.8095238095238095 0.02976190476190476 0.023809523809523808
0 0.5669642857142857 0.78125 0.002976190476190476 0.002976190476190476
0 0.5997023809523809 0.7782738095238095 0.002976190476190476 0.002976190476190476
0 0.5773809523809523 0.6860119047619048 0.005952380952380952 0.002976190476190476
0 0.38839285714285715 0.6681547619047619 0.002976190476190476 0.002976190476190476
0 0.6681547619047619 0.6622023809523809 0.002976190476190476 0.002976190476190476
0 0.6324404761904762 0.6622023809523809 0.008928571428571428 0.002976190476190476
0 0.5729166666666666 0.6711309523809523 0.0625 0.026785714285714284
0 0.5535714285714286 0.7113095238095238 0.3392857142857143 0.16071428571428573
0 0.7767857142857143 0.6339285714285714 0.05357142857142857 0.047619047619047616
0 0.6875 0.5357142857142857 0.023809523809523808 0.011904761904761904
0 0.5982142857142857 0.5327380952380952 0.023809523809523808 0.005952380952380952
0 0.7098214285714286 0.5267857142857143 0.01488095238095238 0.005952380952380952
0 0.6294642857142857 0.5104166666666666 0.002976190476190476 0.002976190476190476
0 0.6488095238095238 0.5163690476190477 0.03571428571428571 0.03273809523809524
