0 0.46726190476190477 0.8616071428571429 0.03571428571428571 0.008928571428571428
0 0.42857142857142855 0.8497023809523809 0.011904761904761904 0.002976190476190476
0 0.45982142857142855 0.8497023809523809 0.026785714285714284 0.008928571428571428
0 0.46279761904761907 0.8363095238095238 0.008928571428571428 0.005952380952380952
0 0.40773809523809523 0.8125 0.011904761904761904 0.011904761904761904
0 0.49702380952380953 0.78125 0.005952380952380952 0.002976190476190476
0 0.3943452380952381 0.78125 0.002976190476190476 0.002976190476190476
0 0.4479166666666667 0.7782738095238095 0.002976190476190476 0.002976190476190476
0 0.5669642857142857 0.75 0.008928571428571428 0.005952380952380952
0 0.4017857142857143 0.7485119047619048 0.005952380952380952 0.002976190476190476
0 0.6726190476190477 0.7366071428571429 0.011904761904761904 0.002976190476190476
0 0.6726190476190477 0.7306547619047619 0.005952380952380952 0.002976190476190476
0 0.5997023809523809 0.7291666666666666 0.050595238095238096 0.03571428571428571
0 0.36607142857142855 0.7083333333333334 0.017857142857142856 0.005952380952380952
0 0.3586309523809524 0.7008928571428571 0.008928571428571428 0.002976190476190476
0 0.6235119047619048 0.6860119047619048 0.03273809523809524 0.044642857142857144
0 0.5133928571428571 0.65625 0.01488095238095238 0.002976190476190476
0 0.46875 0.7098214285714286 0.18154761904761904 0.12797619047619047
0 0.37351190476190477 0.6354166666666666 0.002976190476190476 0.002976190476190476
0 0.5967261904761905 0.5818452380952381 0.020833333333333332 0.008928571428571428
0 0.6473214285714286 0.5595238095238095 0.002976190476190476 0.005952380952380952
0 0.6279761904761905 0.5714285714285714 0.02976190476190476 0.03571428571428571
0 0.5773809523809523 0.5476190476190477 0.011904761904761904 0.005952380952380952
0 0.5491071428571429 0.5461309523809523 0.002976190476190476 0.002976190476190476
0 0.5252976190476191 0.5431547619047619 0.002976190476190476 0.002976190476190476
0 0.5119047619047619 0.5431547619047619 0.005952380952380952 0.002976190476190476
0 0.5416666666666666 0.5401785714285714 0.005952380952380952 0.002976190476190476
0 0.7217261904761905 0.5357142857142857 0.01488095238095238 0.005952380952380952
0 0.6889880952380952 0.5431547619047619 0.044642857142857144 0.020833333333333332
0 0.6279761904761905 0.5357142857142857 0.011904761904761904 0.017857142857142856
0 0.625 0.5133928571428571 0.02976190476190476 0.020833333333333332
0 0.6279761904761905 0.4419642857142857 0.023809523809523808 0.01488095238095238
0 0.625 0.43005952380952384 0.005952380952380952 0.002976190476190476
0 0.6398809523809523 0.4226190476190476 0.011904761904761904 0.017857142857142856
