0 0.5773809523809523 0.8199404761904762 0.005952380952380952 0.002976190476190476
0 0.5773809523809523 0.8125 0.011904761904761904 0.005952380952380952
0 0.5505952380952381 0.8110119047619048 0.005952380952380952 0.002976190476190476
0 0.5818452380952381 0.8050595238095238 0.002976190476190476 0.002976190476190476
0 0.4330357142857143 0.7991071428571429 0.002976190476190476 0.002976190476190476
0 0.4211309523809524 0.7857142857142857 0.020833333333333332 0.011904761904761904
0 0.40922619047619047 0.7395833333333334 0.002976190476190476 0.002976190476190476
0 0.6071428571428571 0.6860119047619048 0.011904761904761904 0.008928571428571428
0 0.35267857142857145 0.6785714285714286 0.026785714285714284 0.005952380952380952
0 0.33482142857142855 0.6770833333333334 0.002976190476190476 0.002976190476190476
0 0.3586309523809524 0.6696428571428571 0.020833333333333332 0.005952380952380952
0 0.7008928571428571 0.6502976190476191 0.002976190476190476 0.002976190476190476
0 0.6235119047619048 0.6473214285714286 0.002976190476190476 0.002976190476190476
0 0.39732142857142855 0.6547619047619048 0.044642857142857144 0.017857142857142856
0 0.6324404761904762 0.6443452380952381 0.008928571428571428 0.002976190476190476
0 0.6785714285714286 0.6383928571428571 0.005952380952380952 0.002976190476190476
0 0.41220238095238093 0.6398809523809523 0.002976190476190476 0.005952380952380952
0 0.6383928571428571 0.6354166666666666 0.002976190476190476 0.002976190476190476
0 0.6294642857142857 0.6354166666666666 0.008928571428571428 0.002976190476190476
0 0.5684523809523809 0.6369047619047619 0.005952380952380952 0.005952380952380952
0 0.5610119047619048 0.6398809523809523 0.008928571428571428 0.011904761904761904
0 0.5610119047619048 0.6294642857142857 0.008928571428571428 0.002976190476190476
0 0.4494047619047619 0.6294642857142857 0.03571428571428571 0.01488095238095238
0 0.6636904761904762 0.6190476190476191 0.011904761904761904 0.005952380952380952
0 0.6413690476190477 0.6175595238095238 0.002976190476190476 0.002976190476190476
0 0.6279761904761905 0.6175595238095238 0.005952380952380952 0.002976190476190476
0 0.6205357142857143 0.6175595238095238 0.002976190476190476 0.002976190476190476
0 0.6488095238095238 0.6101190476190477 0.023809523809523808 0.005952380952380952
0 0.5729166666666666 0.7098214285714286 0.3898809523809524 0.2113095238095238
0 0.5208333333333334 0.5684523809523809 0.011904761904761904 0.005952380952380952
0 0.6711309523809523 0.5193452380952381 0.008928571428571428 0.002976190476190476
0 0.6220238095238095 0.5148809523809523 0.023809523809523808 0.011904761904761904
0 0.6964285714285714 0.5089285714285714 0.02976190476190476 0.017857142857142856
0 0.7083333333333334 0.4806547619047619 0.02976190476190476 0.008928571428571428
0 0.6741071428571429 0.47023809523809523 0.026785714285714284 0.011904761904761904
