0 0.4181547619047619 0.6830357142857143 0.002976190476190476 0.002976190476190476
0 0.6383928571428571 0.7395833333333334 0.1636904761904762 0.12797619047619047
0 0.4419642857142857 0.7425595238095238 0.15773809523809523 0.13988095238095238
0 0.6592261904761905 0.6711309523809523 0.002976190476190476 0.002976190476190476
0 0.6369047619047619 0.6264880952380952 0.023809523809523808 0.008928571428571428
0 0.7604166666666666 0.6205357142857143 0.026785714285714284 0.020833333333333332
0 0.6845238095238095 0.5431547619047619 0.005952380952380952 0.002976190476190476
0 0.5997023809523809 0.5357142857142857 0.008928571428571428 0.005952380952380952
0 0.6086309523809523 0.5193452380952381 0.002976190476190476 0.002976190476190476
0 0.6517857142857143 0.5193452380952381 0.07738095238095238 0.044642857142857144
0 0.6964285714285714 0.4880952380952381 0.017857142857142856 0.005952380952380952
