0 0.43154761904761907 0.7604166666666666 0.011904761904761904 0.008928571428571428
0 0.5282738095238095 0.7514880952380952 0.01488095238095238 0.008928571428571428
0 0.5550595238095238 0.7247023809523809 0.01488095238095238 0.008928571428571428
0 0.5342261904761905 0.7232142857142857 0.01488095238095238 0.005952380952380952
0 0.5119047619047619 0.7157738095238095 0.011904761904761904 0.002976190476190476
0 0.6026785714285714 0.6755952380952381 0.008928571428571428 0.005952380952380952
0 0.5848214285714286 0.6175595238095238 0.20535714285714285 0.08630952380952381
0 0.4732142857142857 0.5595238095238095 0.03571428571428571 0.03571428571428571
0 0.6681547619047619 0.5059523809523809 0.01488095238095238 0.005952380952380952
0 0.6383928571428571 0.5014880952380952 0.002976190476190476 0.002976190476190476
