0 0.5297619047619048 0.8110119047619048 0.011904761904761904 0.008928571428571428
0 0.6681547619047619 0.7247023809523809 0.002976190476190476 0.002976190476190476
0 0.6517857142857143 0.71875 0.047619047619047616 0.01488095238095238
0 0.40029761904761907 0.6175595238095238 0.01488095238095238 0.002976190476190476
0 0.6622023809523809 0.6056547619047619 0.020833333333333332 0.002976190476190476
0 0.6071428571428571 0.5997023809523809 0.017857142857142856 0.002976190476190476
0 0.6592261904761905 0.5952380952380952 0.03869047619047619 0.011904761904761904
0 0.6235119047619048 0.5877976190476191 0.01488095238095238 0.002976190476190476
0 0.59375 0.5877976190476191 0.026785714285714284 0.008928571428571428
0 0.5535714285714286 0.5744047619047619 0.09523809523809523 0.023809523809523808
0 0.5208333333333334 0.5610119047619048 0.011904761904761904 0.002976190476190476
