0 0.5684523809523809 0.8511904761904762 0.023809523809523808 0.017857142857142856
0 0.47172619047619047 0.8377976190476191 0.008928571428571428 0.002976190476190476
0 0.4836309523809524 0.8348214285714286 0.002976190476190476 0.002976190476190476
0 0.5714285714285714 0.8258928571428571 0.005952380952380952 0.002976190476190476
0 0.5148809523809523 0.8258928571428571 0.005952380952380952 0.002976190476190476
0 0.4583333333333333 0.7991071428571429 0.011904761904761904 0.002976190476190476
0 0.7113095238095238 0.6800595238095238 0.011904761904761904 0.002976190476190476
0 0.3869047619047619 0.6860119047619048 0.017857142857142856 0.020833333333333332
0 0.3854166666666667 0.6696428571428571 0.01488095238095238 0.005952380952380952
0 0.6026785714285714 0.6383928571428571 0.050595238095238096 0.020833333333333332
0 0.6116071428571429 0.71875 0.30654761904761907 0.22321428571428573
0 0.6622023809523809 0.6086309523809523 0.008928571428571428 0.002976190476190476
0 0.5520833333333334 0.6056547619047619 0.002976190476190476 0.002976190476190476
0 0.5684523809523809 0.5639880952380952 0.005952380952380952 0.002976190476190476
0 0.6904761904761905 0.49107142857142855 0.047619047619047616 0.005952380952380952
0 0.6875 0.48214285714285715 0.023809523809523808 0.005952380952380952
0 0.6666666666666666 0.4806547619047619 0.005952380952380952 0.002976190476190476
0 0.6517857142857143 0.4806547619047619 0.005952380952380952 0.002976190476190476
