0 0.5505952380952381 0.8616071428571429 0.005952380952380952 0.002976190476190476
0 0.5714285714285714 0.8556547619047619 0.023809523809523808 0.020833333333333332
0 0.47767857142857145 0.8377976190476191 0.002976190476190476 0.002976190476190476
0 0.46577380952380953 0.7931547619047619 0.002976190476190476 0.002976190476190476
0 0.5758928571428571 0.7306547619047619 0.01488095238095238 0.008928571428571428
0 0.6815476190476191 0.7038690476190477 0.005952380952380952 0.008928571428571428
0 0.5163690476190477 0.7648809523809523 0.11011904761904762 0.13690476190476192
0 0.3898809523809524 0.6830357142857143 0.011904761904761904 0.01488095238095238
0 0.7261904761904762 0.6651785714285714 0.011904761904761904 0.002976190476190476
0 0.6026785714285714 0.6383928571428571 0.044642857142857144 0.020833333333333332
0 0.7366071428571429 0.6235119047619048 0.002976190476190476 0.002976190476190476
0 0.6815476190476191 0.6741071428571429 0.15476190476190477 0.12797619047619047
0 0.6696428571428571 0.6116071428571429 0.011904761904761904 0.002976190476190476
0 0.6220238095238095 0.6086309523809523 0.005952380952380952 0.002976190476190476
0 0.5773809523809523 0.6056547619047619 0.05952380952380952 0.008928571428571428
0 0.5684523809523809 0.5654761904761905 0.005952380952380952 0.005952380952380952
0 0.49851190476190477 0.5639880952380952 0.020833333333333332 0.008928571428571428
0 0.6889880952380952 0.49107142857142855 0.03869047619047619 0.011904761904761904
