0 0.5580357142857143 0.7395833333333334 0.01488095238095238 0.002976190476190476
0 0.4494047619047619 0.7410714285714286 0.08928571428571429 0.03571428571428571
0 0.37797619047619047 0.6919642857142857 0.005952380952380952 0.002976190476190476
0 0.6026785714285714 0.6681547619047619 0.002976190476190476 0.002976190476190476
0 0.5729166666666666 0.6413690476190477 0.008928571428571428 0.002976190476190476
0 0.6101190476190477 0.6324404761904762 0.041666666666666664 0.008928571428571428
0 0.6741071428571429 0.6860119047619048 0.19345238095238096 0.12797619047619047
0 0.6294642857142857 0.6235119047619048 0.002976190476190476 0.002976190476190476
0 0.5610119047619048 0.6294642857142857 0.044642857142857144 0.01488095238095238
0 0.5461309523809523 0.6175595238095238 0.008928571428571428 0.002976190476190476
0 0.6086309523809523 0.6145833333333334 0.002976190476190476 0.002976190476190476
0 0.5282738095238095 0.6056547619047619 0.01488095238095238 0.002976190476190476
0 0.5104166666666666 0.6056547619047619 0.002976190476190476 0.002976190476190476
0 0.5699404761904762 0.5863095238095238 0.020833333333333332 0.011904761904761904
0 0.4806547619047619 0.5788690476190477 0.01488095238095238 0.002976190476190476
0 0.4836309523809524 0.5714285714285714 0.026785714285714284 0.005952380952380952
0 0.6755952380952381 0.53125 0.011904761904761904 0.002976190476190476
0 0.6741071428571429 0.5252976190476191 0.002976190476190476 0.002976190476190476
0 0.6577380952380952 0.5267857142857143 0.005952380952380952 0.005952380952380952
0 0.6666666666666666 0.5104166666666666 0.017857142857142856 0.002976190476190476
0 0.7247023809523809 0.5089285714285714 0.03273809523809524 0.005952380952380952
0 0.6488095238095238 0.5074404761904762 0.011904761904761904 0.008928571428571428
0 0.6369047619047619 0.5044642857142857 0.005952380952380952 0.002976190476190476
0 0.6785714285714286 0.4895833333333333 0.011904761904761904 0.002976190476190476
