0 0.3943452380952381 0.7455357142857143 0.008928571428571428 0.002976190476190476
0 0.6770833333333334 0.7336309523809523 0.002976190476190476 0.002976190476190476
0 0.38392857142857145 0.7098214285714286 0.005952380952380952 0.002976190476190476
0 0.40029761904761907 0.7083333333333334 0.008928571428571428 0.005952380952380952
0 0.6383928571428571 0.6711309523809523 0.002976190476190476 0.002976190476190476
0 0.5044642857142857 0.6681547619047619 0.002976190476190476 0.002976190476190476
0 0.4895833333333333 0.6681547619047619 0.002976190476190476 0.002976190476190476
0 0.46577380952380953 0.6681547619047619 0.002976190476190476 0.002976190476190476
0 0.375 0.6681547619047619 0.011904761904761904 0.002976190476190476
0 0.35267857142857145 0.6681547619047619 0.002976190476190476 0.002976190476190476
0 0.5148809523809523 0.7142857142857143 0.25595238095238093 0.10119047619047619
0 0.4583333333333333 0.6622023809523809 0.005952380952380952 0.002976190476190476
0 0.3854166666666667 0.6622023809523809 0.008928571428571428 0.002976190476190476
0 0.46577380952380953 0.6592261904761905 0.002976190476190476 0.002976190476190476
0 0.49404761904761907 0.6577380952380952 0.023809523809523808 0.011904761904761904
0 0.42857142857142855 0.6517857142857143 0.017857142857142856 0.005952380952380952
0 0.4107142857142857 0.6488095238095238 0.005952380952380952 0.005952380952380952
0 0.3869047619047619 0.6473214285714286 0.011904761904761904 0.002976190476190476
0 0.6175595238095238 0.5982142857142857 0.026785714285714284 0.005952380952380952
0 0.6369047619047619 0.5952380952380952 0.005952380952380952 0.011904761904761904
0 0.6235119047619048 0.5877976190476191 0.01488095238095238 0.008928571428571428
0 0.6979166666666666 0.5580357142857143 0.002976190476190476 0.002976190476190476
0 0.6577380952380952 0.5535714285714286 0.017857142857142856 0.005952380952380952
0 0.6294642857142857 0.5625 0.03273809523809524 0.03571428571428571
0 0.6279761904761905 0.5401785714285714 0.005952380952380952 0.002976190476190476
0 0.7589285714285714 0.5342261904761905 0.005952380952380952 0.002976190476190476
0 0.7261904761904762 0.5342261904761905 0.005952380952380952 0.002976190476190476
0 0.75 0.5327380952380952 0.005952380952380952 0.005952380952380952
0 0.7380952380952381 0.5327380952380952 0.011904761904761904 0.005952380952380952
0 0.6860119047619048 0.5401785714285714 0.026785714285714284 0.020833333333333332
0 0.6339285714285714 0.5178571428571429 0.017857142857142856 0.03571428571428571
