0 0.5029761904761905 0.7068452380952381 0.011904761904761904 0.002976190476190476
0 0.43601190476190477 0.7038690476190477 0.008928571428571428 0.002976190476190476
0 0.5982142857142857 0.6889880952380952 0.005952380952380952 0.002976190476190476
0 0.41369047619047616 0.6860119047619048 0.005952380952380952 0.002976190476190476
0 0.6413690476190477 0.7410714285714286 0.16964285714285715 0.125
0 0.44047619047619047 0.7395833333333334 0.17261904761904762 0.14583333333333334
0 0.4107142857142857 0.6622023809523809 0.041666666666666664 0.008928571428571428
0 0.7589285714285714 0.6264880952380952 0.041666666666666664 0.03273809523809524
0 0.6770833333333334 0.5431547619047619 0.008928571428571428 0.002976190476190476
0 0.6398809523809523 0.5238095238095238 0.05952380952380952 0.03571428571428571
0 0.6696428571428571 0.49851190476190477 0.023809523809523808 0.008928571428571428
0 0.6994047619047619 0.49702380952380953 0.023809523809523808 0.017857142857142856
