0 0.5535714285714286 0.8377976190476191 0.011904761904761904 0.002976190476190476
0 0.5327380952380952 0.7514880952380952 0.017857142857142856 0.01488095238095238
0 0.6339285714285714 0.7306547619047619 0.023809523809523808 0.002976190476190476
0 0.6220238095238095 0.7247023809523809 0.005952380952380952 0.002976190476190476
0 0.49255952380952384 0.7351190476190477 0.16964285714285715 0.041666666666666664
0 0.6264880952380952 0.7142857142857143 0.008928571428571428 0.005952380952380952
0 0.3794642857142857 0.6994047619047619 0.01488095238095238 0.005952380952380952
0 0.6026785714285714 0.6532738095238095 0.002976190476190476 0.002976190476190476
0 0.6458333333333334 0.6354166666666666 0.005952380952380952 0.002976190476190476
0 0.6324404761904762 0.6145833333333334 0.008928571428571428 0.002976190476190476
0 0.6205357142857143 0.6116071428571429 0.002976190476190476 0.002976190476190476
0 0.6235119047619048 0.6547619047619048 0.22321428571428573 0.10119047619047619
0 0.59375 0.6011904761904762 0.0625 0.011904761904761904
0 0.6026785714285714 0.5863095238095238 0.020833333333333332 0.011904761904761904
0 0.5029761904761905 0.5714285714285714 0.13095238095238096 0.05952380952380952
0 0.6919642857142857 0.5089285714285714 0.01488095238095238 0.005952380952380952
