0 0.5714285714285714 0.8541666666666666 0.017857142857142856 0.011904761904761904
0 0.5714285714285714 0.84375 0.011904761904761904 0.002976190476190476
0 0.5684523809523809 0.8244047619047619 0.011904761904761904 0.005952380952380952
0 0.5699404761904762 0.8169642857142857 0.002976190476190476 0.002976190476190476
0 0.5074404761904762 0.8169642857142857 0.002976190476190476 0.002976190476190476
0 0.6056547619047619 0.8110119047619048 0.008928571428571428 0.002976190476190476
0 0.7410714285714286 0.7455357142857143 0.005952380952380952 0.002976190476190476
0 0.5877976190476191 0.7455357142857143 0.002976190476190476 0.002976190476190476
0 0.7336309523809523 0.7380952380952381 0.008928571428571428 0.005952380952380952
0 0.5877976190476191 0.7157738095238095 0.002976190476190476 0.002976190476190476
0 0.5907738095238095 0.7038690476190477 0.008928571428571428 0.002976190476190476
0 0.3898809523809524 0.6860119047619048 0.017857142857142856 0.020833333333333332
0 0.3869047619047619 0.6681547619047619 0.017857142857142856 0.008928571428571428
0 0.6220238095238095 0.6458333333333334 0.005952380952380952 0.005952380952380952
0 0.6294642857142857 0.6354166666666666 0.002976190476190476 0.002976190476190476
0 0.6071428571428571 0.6398809523809523 0.017857142857142856 0.011904761904761904
0 0.5892857142857143 0.6339285714285714 0.011904761904761904 0.011904761904761904
0 0.6071428571428571 0.7172619047619048 0.30952380952380953 0.20238095238095238
0 0.7395833333333334 0.6071428571428571 0.008928571428571428 0.005952380952380952
0 0.6071428571428571 0.6056547619047619 0.023809523809523808 0.002976190476190476
0 0.5863095238095238 0.6056547619047619 0.011904761904761904 0.002976190476190476
0 0.7276785714285714 0.6026785714285714 0.002976190476190476 0.002976190476190476
0 0.5565476190476191 0.6041666666666666 0.023809523809523808 0.005952380952380952
0 0.5401785714285714 0.5907738095238095 0.002976190476190476 0.002976190476190476
0 0.5788690476190477 0.5729166666666666 0.044642857142857144 0.020833333333333332
0 0.6875 0.4895833333333333 0.03571428571428571 0.01488095238095238
0 0.6875 0.4806547619047619 0.017857142857142856 0.002976190476190476
0 0.6622023809523809 0.47767857142857145 0.020833333333333332 0.008928571428571428
