0 0.4642857142857143 0.84375 0.041666666666666664 0.03869047619047619
0 0.4568452380952381 0.7976190476190477 0.026785714285714284 0.011904761904761904
0 0.4538690476190476 0.7752976190476191 0.002976190476190476 0.002976190476190476
0 0.39732142857142855 0.7604166666666666 0.002976190476190476 0.002976190476190476
0 0.6547619047619048 0.7366071428571429 0.02976190476190476 0.002976190476190476
0 0.6651785714285714 0.7306547619047619 0.002976190476190476 0.002976190476190476
0 0.42410714285714285 0.6383928571428571 0.008928571428571428 0.002976190476190476
0 0.5014880952380952 0.7113095238095238 0.28273809523809523 0.16071428571428573
0 0.5595238095238095 0.5863095238095238 0.011904761904761904 0.005952380952380952
0 0.5863095238095238 0.5863095238095238 0.03571428571428571 0.011904761904761904
0 0.6175595238095238 0.5818452380952381 0.008928571428571428 0.008928571428571428
0 0.6205357142857143 0.5684523809523809 0.01488095238095238 0.011904761904761904
0 0.5491071428571429 0.5520833333333334 0.002976190476190476 0.002976190476190476
0 0.5342261904761905 0.5461309523809523 0.002976190476190476 0.002976190476190476
0 0.6711309523809523 0.5461309523809523 0.05654761904761905 0.026785714285714284
0 0.6324404761904762 0.5372023809523809 0.01488095238095238 0.01488095238095238
0 0.5744047619047619 0.5446428571428571 0.047619047619047616 0.02976190476190476
0 0.7232142857142857 0.5297619047619048 0.023809523809523808 0.005952380952380952
0 0.6324404761904762 0.5163690476190477 0.026785714285714284 0.020833333333333332
0 0.6190476190476191 0.5074404761904762 0.005952380952380952 0.002976190476190476
0 0.6681547619047619 0.49851190476190477 0.002976190476190476 0.002976190476190476
0 0.6309523809523809 0.45089285714285715 0.005952380952380952 0.002976190476190476
0 0.6294642857142857 0.4419642857142857 0.002976190476190476 0.002976190476190476
0 0.6383928571428571 0.43154761904761907 0.008928571428571428 0.005952380952380952
