0 0.6443452380952381 0.7872023809523809 0.002976190476190476 0.002976190476190476
0 0.6220238095238095 0.7842261904761905 0.011904761904761904 0.002976190476190476
0 0.5773809523809523 0.7961309523809523 0.041666666666666664 0.03869047619047619
0 0.6681547619047619 0.7366071428571429 0.002976190476190476 0.002976190476190476
0 0.42857142857142855 0.7142857142857143 0.005952380952380952 0.005952380952380952
0 0.5788690476190477 0.7038690476190477 0.002976190476190476 0.002976190476190476
0 0.4226190476190476 0.7008928571428571 0.005952380952380952 0.008928571428571428
0 0.6428571428571429 0.6815476190476191 0.017857142857142856 0.017857142857142856
0 0.6264880952380952 0.6681547619047619 0.01488095238095238 0.002976190476190476
0 0.5133928571428571 0.7247023809523809 0.31845238095238093 0.16964285714285715
0 0.6949404761904762 0.5431547619047619 0.002976190476190476 0.002976190476190476
0 0.6815476190476191 0.5431547619047619 0.011904761904761904 0.002976190476190476
0 0.6651785714285714 0.5401785714285714 0.002976190476190476 0.002976190476190476
0 0.5848214285714286 0.5431547619047619 0.03273809523809524 0.020833333333333332
0 0.6889880952380952 0.5282738095238095 0.020833333333333332 0.002976190476190476
0 0.6547619047619048 0.5193452380952381 0.02976190476190476 0.026785714285714284
0 0.6666666666666666 0.49851190476190477 0.017857142857142856 0.002976190476190476
0 0.6488095238095238 0.4955357142857143 0.005952380952380952 0.002976190476190476
