0 0.5967261904761905 0.71875 0.002976190476190476 0.002976190476190476
0 0.5565476190476191 0.6949404761904762 0.011904761904761904 0.002976190476190476
0 0.41517857142857145 0.6964285714285714 0.050595238095238096 0.05952380952380952
0 0.5372023809523809 0.7098214285714286 0.22321428571428573 0.11011904761904762
0 0.6264880952380952 0.5550595238095238 0.044642857142857144 0.01488095238095238
0 0.7276785714285714 0.53125 0.008928571428571428 0.002976190476190476
0 0.7068452380952381 0.5282738095238095 0.002976190476190476 0.002976190476190476
0 0.7276785714285714 0.5252976190476191 0.01488095238095238 0.002976190476190476
0 0.6502976190476191 0.5104166666666666 0.002976190476190476 0.002976190476190476
0 0.65625 0.5282738095238095 0.10416666666666667 0.05654761904761905
0 0.6473214285714286 0.49255952380952384 0.002976190476190476 0.002976190476190476
0 0.6294642857142857 0.49404761904761907 0.026785714285714284 0.005952380952380952
