0 0.45535714285714285 0.8363095238095238 0.011904761904761904 0.011904761904761904
0 0.4583333333333333 0.8258928571428571 0.005952380952380952 0.002976190476190476
0 0.5282738095238095 0.8169642857142857 0.020833333333333332 0.002976190476190476
0 0.5089285714285714 0.8258928571428571 0.041666666666666664 0.026785714285714284
0 0.4851190476190476 0.8080357142857143 0.03571428571428571 0.002976190476190476
0 0.6696428571428571 0.7916666666666666 0.017857142857142856 0.011904761904761904
0 0.43005952380952384 0.7857142857142857 0.03869047619047619 0.011904761904761904
0 0.6577380952380952 0.7782738095238095 0.005952380952380952 0.002976190476190476
0 0.38839285714285715 0.6919642857142857 0.002976190476190476 0.002976190476190476
0 0.5446428571428571 0.6919642857142857 0.06547619047619048 0.008928571428571428
0 0.3705357142857143 0.6889880952380952 0.002976190476190476 0.002976190476190476
0 0.5074404761904762 0.6860119047619048 0.002976190476190476 0.002976190476190476
0 0.5535714285714286 0.7440476190476191 0.34523809523809523 0.16666666666666666
0 0.5729166666666666 0.6726190476190477 0.05654761904761905 0.023809523809523808
0 0.6443452380952381 0.6488095238095238 0.044642857142857144 0.017857142857142856
0 0.5550595238095238 0.6413690476190477 0.044642857142857144 0.026785714285714284
0 0.6324404761904762 0.6205357142857143 0.002976190476190476 0.002976190476190476
0 0.4107142857142857 0.6398809523809523 0.07142857142857142 0.041666666666666664
0 0.5520833333333334 0.6101190476190477 0.03869047619047619 0.011904761904761904
0 0.7663690476190477 0.6309523809523809 0.05654761904761905 0.05952380952380952
0 0.6011904761904762 0.5267857142857143 0.023809523809523808 0.005952380952380952
0 0.6413690476190477 0.5223214285714286 0.002976190476190476 0.002976190476190476
0 0.6979166666666666 0.5193452380952381 0.008928571428571428 0.002976190476190476
0 0.6979166666666666 0.5133928571428571 0.01488095238095238 0.002976190476190476
0 0.65625 0.5163690476190477 0.03869047619047619 0.03273809523809524
0 0.6279761904761905 0.4955357142857143 0.017857142857142856 0.002976190476190476
