0 0.6011904761904762 0.8452380952380952 0.017857142857142856 0.005952380952380952
0 0.4880952380952381 0.8407738095238095 0.011904761904761904 0.008928571428571428
0 0.49404761904761907 0.8184523809523809 0.005952380952380952 0.005952380952380952
0 0.6547619047619048 0.7693452380952381 0.011904761904761904 0.002976190476190476
0 0.5952380952380952 0.7633928571428571 0.005952380952380952 0.002976190476190476
0 0.5848214285714286 0.7604166666666666 0.002976190476190476 0.002976190476190476
0 0.5684523809523809 0.7589285714285714 0.011904761904761904 0.005952380952380952
0 0.4538690476190476 0.7425595238095238 0.14583333333333334 0.044642857142857144
0 0.3794642857142857 0.7127976190476191 0.002976190476190476 0.002976190476190476
0 0.38839285714285715 0.6979166666666666 0.002976190476190476 0.002976190476190476
0 0.7157738095238095 0.6904761904761905 0.01488095238095238 0.005952380952380952
0 0.5997023809523809 0.6860119047619048 0.01488095238095238 0.002976190476190476
0 0.37351190476190477 0.6919642857142857 0.020833333333333332 0.03273809523809524
0 0.7440476190476191 0.6681547619047619 0.005952380952380952 0.002976190476190476
0 0.6354166666666666 0.7142857142857143 0.1875 0.10119047619047619
0 0.6458333333333334 0.6532738095238095 0.005952380952380952 0.002976190476190476
0 0.5863095238095238 0.6354166666666666 0.005952380952380952 0.002976190476190476
0 0.7172619047619048 0.6235119047619048 0.005952380952380952 0.002976190476190476
0 0.6473214285714286 0.6264880952380952 0.044642857142857144 0.008928571428571428
0 0.7589285714285714 0.6413690476190477 0.06547619047619048 0.05654761904761905
0 0.5520833333333334 0.6145833333333334 0.002976190476190476 0.002976190476190476
0 0.5416666666666666 0.6160714285714286 0.005952380952380952 0.005952380952380952
0 0.49851190476190477 0.6145833333333334 0.002976190476190476 0.002976190476190476
0 0.49107142857142855 0.6130952380952381 0.005952380952380952 0.005952380952380952
0 0.5639880952380952 0.5818452380952381 0.026785714285714284 0.008928571428571428
0 0.47767857142857145 0.5758928571428571 0.002976190476190476 0.002976190476190476
0 0.4791666666666667 0.5684523809523809 0.011904761904761904 0.005952380952380952
0 0.6636904761904762 0.5252976190476191 0.047619047619047616 0.01488095238095238
0 0.6413690476190477 0.5119047619047619 0.03869047619047619 0.011904761904761904
0 0.7023809523809523 0.5 0.023809523809523808 0.005952380952380952
0 0.6755952380952381 0.49107142857142855 0.005952380952380952 0.005952380952380952
