0 0.6086309523809523 0.8318452380952381 0.002976190476190476 0.002976190476190476
0 0.49702380952380953 0.8318452380952381 0.005952380952380952 0.002976190476190476
0 0.5252976190476191 0.8229166666666666 0.008928571428571428 0.002976190476190476
0 0.4955357142857143 0.8214285714285714 0.002976190476190476 0.005952380952380952
0 0.46130952380952384 0.8244047619047619 0.011904761904761904 0.011904761904761904
0 0.4419642857142857 0.7901785714285714 0.008928571428571428 0.002976190476190476
0 0.43898809523809523 0.7827380952380952 0.01488095238095238 0.005952380952380952
0 0.5818452380952381 0.7366071428571429 0.03869047619047619 0.002976190476190476
0 0.5252976190476191 0.7336309523809523 0.03869047619047619 0.002976190476190476
0 0.46875 0.7306547619047619 0.03869047619047619 0.002976190476190476
0 0.4419642857142857 0.7247023809523809 0.002976190476190476 0.002976190476190476
0 0.5431547619047619 0.7127976190476191 0.002976190476190476 0.002976190476190476
0 0.5967261904761905 0.6889880952380952 0.008928571428571428 0.002976190476190476
0 0.7083333333333334 0.6845238095238095 0.005952380952380952 0.005952380952380952
0 0.7068452380952381 0.6741071428571429 0.002976190476190476 0.002976190476190476
0 0.6145833333333334 0.6592261904761905 0.002976190476190476 0.002976190476190476
0 0.39285714285714285 0.6443452380952381 0.005952380952380952 0.002976190476190476
0 0.5595238095238095 0.6413690476190477 0.03571428571428571 0.020833333333333332
0 0.5431547619047619 0.7232142857142857 0.34226190476190477 0.19642857142857142
0 0.6473214285714286 0.6205357142857143 0.002976190476190476 0.002976190476190476
0 0.6651785714285714 0.6175595238095238 0.002976190476190476 0.002976190476190476
0 0.7529761904761905 0.6413690476190477 0.047619047619047616 0.05654761904761905
0 0.6383928571428571 0.6145833333333334 0.01488095238095238 0.002976190476190476
0 0.6130952380952381 0.6160714285714286 0.005952380952380952 0.005952380952380952
0 0.5148809523809523 0.5669642857142857 0.023809523809523808 0.002976190476190476
0 0.6622023809523809 0.5282738095238095 0.002976190476190476 0.002976190476190476
0 0.6651785714285714 0.5208333333333334 0.01488095238095238 0.011904761904761904
0 0.6279761904761905 0.5163690476190477 0.017857142857142856 0.008928571428571428
0 0.7008928571428571 0.5133928571428571 0.008928571428571428 0.008928571428571428
0 0.6592261904761905 0.5104166666666666 0.002976190476190476 0.002976190476190476
