0 0.5386904761904762 0.7529761904761905 0.017857142857142856 0.005952380952380952
0 0.4226190476190476 0.7247023809523809 0.005952380952380952 0.002976190476190476
0 0.44047619047619047 0.7380952380952381 0.047619047619047616 0.03571428571428571
0 0.3794642857142857 0.6964285714285714 0.01488095238095238 0.005952380952380952
0 0.5952380952380952 0.6264880952380952 0.005952380952380952 0.002976190476190476
0 0.5788690476190477 0.6205357142857143 0.002976190476190476 0.002976190476190476
0 0.6294642857142857 0.6741071428571429 0.22321428571428573 0.12202380952380952
0 0.6205357142857143 0.6116071428571429 0.008928571428571428 0.002976190476190476
0 0.5997023809523809 0.6116071428571429 0.002976190476190476 0.002976190476190476
0 0.5416666666666666 0.6116071428571429 0.005952380952380952 0.002976190476190476
0 0.5267857142857143 0.6116071428571429 0.011904761904761904 0.002976190476190476
0 0.5178571428571429 0.6056547619047619 0.017857142857142856 0.002976190476190476
0 0.5193452380952381 0.59375 0.002976190476190476 0.002976190476190476
0 0.5074404761904762 0.5877976190476191 0.002976190476190476 0.002976190476190476
0 0.6086309523809523 0.5848214285714286 0.008928571428571428 0.002976190476190476
0 0.5119047619047619 0.5818452380952381 0.005952380952380952 0.002976190476190476
0 0.5148809523809523 0.5773809523809523 0.023809523809523808 0.005952380952380952
0 0.41964285714285715 0.5699404761904762 0.023809523809523808 0.008928571428571428
0 0.48214285714285715 0.5699404761904762 0.06547619047619048 0.05654761904761905
0 0.65625 0.5089285714285714 0.020833333333333332 0.005952380952380952
0 0.6904761904761905 0.5059523809523809 0.017857142857142856 0.005952380952380952
0 0.6458333333333334 0.5014880952380952 0.017857142857142856 0.002976190476190476
