0 0.6755952380952381 0.7395833333333334 0.005952380952380952 0.002976190476190476
0 0.40476190476190477 0.7366071428571429 0.005952380952380952 0.002976190476190476
0 0.45089285714285715 0.7395833333333334 0.0625 0.03273809523809524
0 0.5431547619047619 0.7247023809523809 0.01488095238095238 0.008928571428571428
0 0.5089285714285714 0.7217261904761905 0.005952380952380952 0.002976190476190476
0 0.37797619047619047 0.6949404761904762 0.011904761904761904 0.01488095238095238
0 0.6324404761904762 0.6681547619047619 0.002976190476190476 0.002976190476190476
0 0.6264880952380952 0.6622023809523809 0.01488095238095238 0.002976190476190476
0 0.6785714285714286 0.6473214285714286 0.005952380952380952 0.002976190476190476
0 0.6071428571428571 0.6413690476190477 0.005952380952380952 0.002976190476190476
0 0.5758928571428571 0.6339285714285714 0.09821428571428571 0.023809523809523808
0 0.6666666666666666 0.6815476190476191 0.16071428571428573 0.125
0 0.6011904761904762 0.6145833333333334 0.005952380952380952 0.002976190476190476
0 0.5342261904761905 0.6160714285714286 0.050595238095238096 0.005952380952380952
0 0.5386904761904762 0.6086309523809523 0.005952380952380952 0.002976190476190476
0 0.5952380952380952 0.6056547619047619 0.011904761904761904 0.002976190476190476
0 0.5089285714285714 0.6056547619047619 0.005952380952380952 0.002976190476190476
0 0.5252976190476191 0.6041666666666666 0.01488095238095238 0.005952380952380952
0 0.5252976190476191 0.5818452380952381 0.01488095238095238 0.002976190476190476
0 0.49107142857142855 0.5744047619047619 0.023809523809523808 0.011904761904761904
0 0.4583333333333333 0.5520833333333334 0.017857142857142856 0.002976190476190476
0 0.7321428571428571 0.5104166666666666 0.023809523809523808 0.008928571428571428
0 0.6889880952380952 0.5074404761904762 0.008928571428571428 0.002976190476190476
0 0.6592261904761905 0.5089285714285714 0.026785714285714284 0.005952380952380952
