0 0.5327380952380952 0.7514880952380952 0.017857142857142856 0.008928571428571428
0 0.4270833333333333 0.75 0.01488095238095238 0.005952380952380952
0 0.43601190476190477 0.7366071428571429 0.002976190476190476 0.002976190476190476
0 0.6190476190476191 0.7336309523809523 0.011904761904761904 0.002976190476190476
0 0.4419642857142857 0.7366071428571429 0.03273809523809524 0.020833333333333332
0 0.6071428571428571 0.6800595238095238 0.017857142857142856 0.008928571428571428
0 0.6071428571428571 0.6696428571428571 0.023809523809523808 0.005952380952380952
0 0.6190476190476191 0.6116071428571429 0.005952380952380952 0.002976190476190476
0 0.6071428571428571 0.5982142857142857 0.005952380952380952 0.005952380952380952
0 0.6026785714285714 0.5833333333333334 0.020833333333333332 0.011904761904761904
0 0.5074404761904762 0.5699404761904762 0.01488095238095238 0.002976190476190476
0 0.4226190476190476 0.5699404761904762 0.017857142857142856 0.002976190476190476
0 0.5892857142857143 0.6205357142857143 0.27976190476190477 0.15773809523809523
0 0.6934523809523809 0.5059523809523809 0.023809523809523808 0.005952380952380952
0 0.6607142857142857 0.5059523809523809 0.03571428571428571 0.011904761904761904
