0 0.5148809523809523 0.8333333333333334 0.023809523809523808 0.005952380952380952
0 0.5833333333333334 0.7723214285714286 0.005952380952380952 0.002976190476190476
0 0.46577380952380953 0.7574404761904762 0.002976190476190476 0.002976190476190476
0 0.41220238095238093 0.7455357142857143 0.002976190476190476 0.002976190476190476
0 0.44047619047619047 0.7395833333333334 0.005952380952380952 0.002976190476190476
0 0.6785714285714286 0.7336309523809523 0.011904761904761904 0.002976190476190476
0 0.6607142857142857 0.7336309523809523 0.011904761904761904 0.002976190476190476
0 0.6666666666666666 0.7276785714285714 0.005952380952380952 0.002976190476190476
0 0.5595238095238095 0.6949404761904762 0.005952380952380952 0.002976190476190476
0 0.3898809523809524 0.6919642857142857 0.005952380952380952 0.002976190476190476
0 0.40029761904761907 0.6681547619047619 0.002976190476190476 0.002976190476190476
0 0.5252976190476191 0.7113095238095238 0.25892857142857145 0.1130952380952381
0 0.5744047619047619 0.65625 0.02976190476190476 0.002976190476190476
0 0.5476190476190477 0.65625 0.017857142857142856 0.008928571428571428
0 0.48660714285714285 0.6547619047619048 0.09821428571428571 0.011904761904761904
0 0.41220238095238093 0.6502976190476191 0.008928571428571428 0.002976190476190476
0 0.6071428571428571 0.5639880952380952 0.011904761904761904 0.008928571428571428
0 0.7648809523809523 0.5342261904761905 0.005952380952380952 0.002976190476190476
0 0.7336309523809523 0.5327380952380952 0.01488095238095238 0.005952380952380952
0 0.6011904761904762 0.5282738095238095 0.005952380952380952 0.002976190476190476
0 0.6636904761904762 0.5282738095238095 0.1130952380952381 0.05654761904761905
