0 0.5446428571428571 0.7395833333333334 0.011904761904761904 0.002976190476190476
0 0.6949404761904762 0.7336309523809523 0.002976190476190476 0.002976190476190476
0 0.5639880952380952 0.7366071428571429 0.020833333333333332 0.008928571428571428
0 0.44642857142857145 0.7440476190476191 0.10714285714285714 0.041666666666666664
0 0.5267857142857143 0.7217261904761905 0.005952380952380952 0.002976190476190476
0 0.46875 0.7172619047619048 0.0744047619047619 0.011904761904761904
0 0.3794642857142857 0.7068452380952381 0.002976190476190476 0.002976190476190476
0 0.37797619047619047 0.6964285714285714 0.011904761904761904 0.011904761904761904
0 0.5982142857142857 0.6711309523809523 0.005952380952380952 0.002976190476190476
0 0.6711309523809523 0.6681547619047619 0.008928571428571428 0.002976190476190476
0 0.46875 0.6443452380952381 0.020833333333333332 0.002976190476190476
0 0.6815476190476191 0.6904761904761905 0.20833333333333334 0.13690476190476192
0 0.6651785714285714 0.6279761904761905 0.0744047619047619 0.011904761904761904
0 0.5714285714285714 0.6294642857142857 0.047619047619047616 0.01488095238095238
0 0.47023809523809523 0.6235119047619048 0.005952380952380952 0.002976190476190476
0 0.4955357142857143 0.6220238095238095 0.03273809523809524 0.011904761904761904
0 0.5535714285714286 0.6145833333333334 0.005952380952380952 0.002976190476190476
0 0.5431547619047619 0.6145833333333334 0.002976190476190476 0.002976190476190476
0 0.5104166666666666 0.6086309523809523 0.002976190476190476 0.002976190476190476
0 0.5952380952380952 0.5729166666666666 0.005952380952380952 0.002976190476190476
0 0.5178571428571429 0.5744047619047619 0.02976190476190476 0.005952380952380952
0 0.5833333333333334 0.5699404761904762 0.011904761904761904 0.002976190476190476
0 0.5639880952380952 0.5803571428571429 0.05654761904761905 0.02976190476190476
0 0.4955357142857143 0.5669642857142857 0.06845238095238096 0.026785714285714284
0 0.5342261904761905 0.5520833333333334 0.008928571428571428 0.002976190476190476
0 0.6324404761904762 0.5282738095238095 0.002976190476190476 0.002976190476190476
0 0.6666666666666666 0.5297619047619048 0.05357142857142857 0.023809523809523808
0 0.6116071428571429 0.5014880952380952 0.002976190476190476 0.002976190476190476
0 0.7008928571428571 0.49851190476190477 0.002976190476190476 0.002976190476190476
0 0.6443452380952381 0.5074404761904762 0.03869047619047619 0.020833333333333332
0 0.6666666666666666 0.4851190476190476 0.023809523809523808 0.011904761904761904
