0 0.5104166666666666 0.8258928571428571 0.01488095238095238 0.01488095238095238
0 0.5342261904761905 0.7633928571428571 0.002976190476190476 0.002976190476190476
0 0.6502976190476191 0.7068452380952381 0.050595238095238096 0.03869047619047619
0 0.6428571428571429 0.6800595238095238 0.005952380952380952 0.002976190476190476
0 0.6636904761904762 0.6354166666666666 0.005952380952380952 0.002976190476190476
0 0.6517857142857143 0.6354166666666666 0.005952380952380952 0.002976190476190476
0 0.39285714285714285 0.6264880952380952 0.005952380952380952 0.002976190476190476
0 0.40327380952380953 0.6205357142857143 0.002976190476190476 0.002976190476190476
0 0.5997023809523809 0.6205357142857143 0.03869047619047619 0.008928571428571428
0 0.6101190476190477 0.6026785714285714 0.15476190476190477 0.05654761904761905
0 0.5 0.5476190476190477 0.041666666666666664 0.017857142857142856
0 0.4836309523809524 0.5357142857142857 0.020833333333333332 0.005952380952380952
0 0.6726190476190477 0.48660714285714285 0.005952380952380952 0.002976190476190476
