0 0.6130952380952381 0.6994047619047619 0.011904761904761904 0.005952380952380952
0 0.3869047619047619 0.6919642857142857 0.005952380952380952 0.002976190476190476
0 0.5520833333333334 0.6860119047619048 0.01488095238095238 0.002976190476190476
0 0.5699404761904762 0.6830357142857143 0.008928571428571428 0.002976190476190476
0 0.6904761904761905 0.6711309523809523 0.011904761904761904 0.002976190476190476
0 0.6577380952380952 0.6696428571428571 0.011904761904761904 0.005952380952380952
0 0.5565476190476191 0.6622023809523809 0.005952380952380952 0.002976190476190476
0 0.38244047619047616 0.6622023809523809 0.002976190476190476 0.002976190476190476
0 0.42410714285714285 0.6577380952380952 0.020833333333333332 0.005952380952380952
0 0.41220238095238093 0.6502976190476191 0.002976190476190476 0.002976190476190476
0 0.5238095238095238 0.7008928571428571 0.25595238095238093 0.12202380952380952
0 0.49851190476190477 0.6413690476190477 0.002976190476190476 0.002976190476190476
0 0.43601190476190477 0.6413690476190477 0.002976190476190476 0.002976190476190476
0 0.47023809523809523 0.6383928571428571 0.017857142857142856 0.002976190476190476
0 0.44642857142857145 0.6488095238095238 0.017857142857142856 0.023809523809523808
0 0.6160714285714286 0.5580357142857143 0.02976190476190476 0.01488095238095238
0 0.6904761904761905 0.5401785714285714 0.03571428571428571 0.020833333333333332
0 0.6324404761904762 0.5163690476190477 0.002976190476190476 0.002976190476190476
0 0.6145833333333334 0.5238095238095238 0.026785714285714284 0.017857142857142856
0 0.6279761904761905 0.5074404761904762 0.017857142857142856 0.002976190476190476
