0 0.5565476190476191 0.7366071428571429 0.017857142857142856 0.002976190476190476
0 0.44494047619047616 0.7380952380952381 0.09821428571428571 0.041666666666666664
0 0.5967261904761905 0.7068452380952381 0.002976190476190476 0.002976190476190476
0 0.37648809523809523 0.6949404761904762 0.020833333333333332 0.008928571428571428
0 0.5758928571428571 0.6502976190476191 0.020833333333333332 0.002976190476190476
0 0.6026785714285714 0.6413690476190477 0.002976190476190476 0.002976190476190476
0 0.5744047619047619 0.6413690476190477 0.011904761904761904 0.002976190476190476
0 0.7723214285714286 0.6324404761904762 0.002976190476190476 0.002976190476190476
0 0.6309523809523809 0.6235119047619048 0.005952380952380952 0.002976190476190476
0 0.5788690476190477 0.6235119047619048 0.01488095238095238 0.002976190476190476
0 0.6666666666666666 0.6845238095238095 0.18452380952380953 0.13095238095238096
0 0.5491071428571429 0.625 0.03869047619047619 0.017857142857142856
0 0.5059523809523809 0.6190476190476191 0.02976190476190476 0.005952380952380952
0 0.5 0.59375 0.005952380952380952 0.002976190476190476
0 0.5744047619047619 0.5877976190476191 0.023809523809523808 0.008928571428571428
0 0.5788690476190477 0.5788690476190477 0.002976190476190476 0.002976190476190476
0 0.5416666666666666 0.5729166666666666 0.005952380952380952 0.002976190476190476
0 0.6681547619047619 0.5252976190476191 0.002976190476190476 0.002976190476190476
0 0.6458333333333334 0.5223214285714286 0.005952380952380952 0.002976190476190476
0 0.6755952380952381 0.5193452380952381 0.011904761904761904 0.002976190476190476
0 0.6860119047619048 0.5074404761904762 0.008928571428571428 0.002976190476190476
0 0.6577380952380952 0.5089285714285714 0.023809523809523808 0.005952380952380952
0 0.7306547619047619 0.5074404761904762 0.03273809523809524 0.008928571428571428
0 0.6711309523809523 0.4895833333333333 0.008928571428571428 0.002976190476190476
