0 0.4568452380952381 0.8556547619047619 0.002976190476190476 0.002976190476190476
0 0.4479166666666667 0.8467261904761905 0.008928571428571428 0.008928571428571428
0 0.40327380952380953 0.8139880952380952 0.020833333333333332 0.020833333333333332
0 0.5505952380952381 0.7663690476190477 0.017857142857142856 0.002976190476190476
0 0.6741071428571429 0.7306547619047619 0.002976190476190476 0.002976190476190476
0 0.5372023809523809 0.7038690476190477 0.002976190476190476 0.002976190476190476
0 0.5133928571428571 0.7113095238095238 0.2708333333333333 0.13690476190476192
0 0.38839285714285715 0.6458333333333334 0.002976190476190476 0.005952380952380952
0 0.37797619047619047 0.6339285714285714 0.011904761904761904 0.005952380952380952
0 0.6309523809523809 0.5684523809523809 0.03571428571428571 0.011904761904761904
0 0.5773809523809523 0.5505952380952381 0.023809523809523808 0.011904761904761904
0 0.6235119047619048 0.5119047619047619 0.020833333333333332 0.005952380952380952
