0 0.5178571428571429 0.84375 0.017857142857142856 0.008928571428571428
0 0.5178571428571429 0.8363095238095238 0.011904761904761904 0.005952380952380952
0 0.47767857142857145 0.8318452380952381 0.01488095238095238 0.002976190476190476
0 0.5193452380952381 0.8288690476190477 0.008928571428571428 0.002976190476190476
0 0.48660714285714285 0.8258928571428571 0.002976190476190476 0.002976190476190476
0 0.5163690476190477 0.8125 0.01488095238095238 0.011904761904761904
0 0.47619047619047616 0.8065476190476191 0.011904761904761904 0.011904761904761904
0 0.5163690476190477 0.7916666666666666 0.01488095238095238 0.023809523809523808
0 0.5 0.7648809523809523 0.023809523809523808 0.017857142857142856
0 0.7068452380952381 0.7306547619047619 0.002976190476190476 0.002976190476190476
0 0.47470238095238093 0.7217261904761905 0.020833333333333332 0.008928571428571428
0 0.49702380952380953 0.7157738095238095 0.005952380952380952 0.002976190476190476
0 0.5401785714285714 0.7470238095238095 0.0744047619047619 0.07142857142857142
0 0.38839285714285715 0.6919642857142857 0.002976190476190476 0.002976190476190476
0 0.5997023809523809 0.6056547619047619 0.03273809523809524 0.002976190476190476
0 0.6458333333333334 0.6666666666666666 0.125 0.13095238095238096
0 0.5773809523809523 0.5967261904761905 0.005952380952380952 0.002976190476190476
0 0.5684523809523809 0.5967261904761905 0.005952380952380952 0.002976190476190476
0 0.5461309523809523 0.5982142857142857 0.044642857142857144 0.023809523809523808
0 0.5133928571428571 0.5773809523809523 0.026785714285714284 0.017857142857142856
0 0.6770833333333334 0.4880952380952381 0.03273809523809524 0.011904761904761904
