0 0.6770833333333334 0.8050595238095238 0.01488095238095238 0.002976190476190476
0 0.5967261904761905 0.8050595238095238 0.002976190476190476 0.002976190476190476
0 0.6294642857142857 0.8020833333333334 0.008928571428571428 0.002976190476190476
0 0.4166666666666667 0.7991071428571429 0.017857142857142856 0.002976190476190476
0 0.6279761904761905 0.7946428571428571 0.017857142857142856 0.005952380952380952
0 0.6592261904761905 0.7872023809523809 0.002976190476190476 0.002976190476190476
0 0.6785714285714286 0.78125 0.005952380952380952 0.002976190476190476
0 0.6592261904761905 0.7455357142857143 0.008928571428571428 0.002976190476190476
0 0.49404761904761907 0.7455357142857143 0.005952380952380952 0.002976190476190476
0 0.5044642857142857 0.7172619047619048 0.0625 0.011904761904761904
0 0.5267857142857143 0.7038690476190477 0.08928571428571429 0.01488095238095238
0 0.6651785714285714 0.6651785714285714 0.008928571428571428 0.002976190476190476
0 0.6443452380952381 0.6651785714285714 0.002976190476190476 0.002976190476190476
0 0.3556547619047619 0.6502976190476191 0.008928571428571428 0.002976190476190476
0 0.5089285714285714 0.7276785714285714 0.3273809523809524 0.18154761904761904
0 0.3943452380952381 0.6339285714285714 0.01488095238095238 0.005952380952380952
0 0.6607142857142857 0.5580357142857143 0.017857142857142856 0.008928571428571428
0 0.6711309523809523 0.5431547619047619 0.03273809523809524 0.01488095238095238
0 0.5848214285714286 0.5416666666666666 0.03273809523809524 0.023809523809523808
0 0.7440476190476191 0.5282738095238095 0.005952380952380952 0.002976190476190476
0 0.6681547619047619 0.5252976190476191 0.0625 0.01488095238095238
0 0.6369047619047619 0.5104166666666666 0.023809523809523808 0.002976190476190476
0 0.6413690476190477 0.5044642857142857 0.008928571428571428 0.002976190476190476
0 0.6845238095238095 0.5029761904761905 0.02976190476190476 0.011904761904761904
0 0.6547619047619048 0.5 0.017857142857142856 0.005952380952380952
0 0.7098214285714286 0.4955357142857143 0.01488095238095238 0.002976190476190476
0 0.5580357142857143 0.4806547619047619 0.002976190476190476 0.002976190476190476
