0 0.5699404761904762 0.8229166666666666 0.020833333333333332 0.008928571428571428
0 0.43601190476190477 0.7842261904761905 0.002976190476190476 0.002976190476190476
0 0.5967261904761905 0.7425595238095238 0.002976190476190476 0.002976190476190476
0 0.4375 0.7232142857142857 0.041666666666666664 0.023809523809523808
0 0.5476190476190477 0.7098214285714286 0.005952380952380952 0.002976190476190476
0 0.42857142857142855 0.7098214285714286 0.017857142857142856 0.002976190476190476
0 0.3943452380952381 0.6875 0.03869047619047619 0.041666666666666664
0 0.41369047619047616 0.6532738095238095 0.017857142857142856 0.01488095238095238
0 0.3794642857142857 0.6532738095238095 0.03869047619047619 0.020833333333333332
0 0.6383928571428571 0.6205357142857143 0.002976190476190476 0.002976190476190476
0 0.6160714285714286 0.6175595238095238 0.005952380952380952 0.002976190476190476
0 0.6324404761904762 0.6145833333333334 0.008928571428571428 0.002976190476190476
0 0.6086309523809523 0.7083333333333334 0.31845238095238093 0.20833333333333334
0 0.6547619047619048 0.6086309523809523 0.02976190476190476 0.008928571428571428
0 0.5818452380952381 0.5729166666666666 0.03869047619047619 0.020833333333333332
0 0.5148809523809523 0.5580357142857143 0.005952380952380952 0.002976190476190476
0 0.5431547619047619 0.53125 0.002976190476190476 0.002976190476190476
0 0.6889880952380952 0.5044642857142857 0.03273809523809524 0.03273809523809524
0 0.6592261904761905 0.4836309523809524 0.008928571428571428 0.002976190476190476
