0 0.5922619047619048 0.8020833333333334 0.005952380952380952 0.002976190476190476
0 0.5639880952380952 0.7782738095238095 0.002976190476190476 0.002976190476190476
0 0.3913690476190476 0.7663690476190477 0.002976190476190476 0.002976190476190476
0 0.5372023809523809 0.7544642857142857 0.008928571428571428 0.002976190476190476
0 0.5729166666666666 0.7276785714285714 0.03869047619047619 0.008928571428571428
0 0.6383928571428571 0.75 0.17559523809523808 0.1130952380952381
0 0.6547619047619048 0.6770833333333334 0.011904761904761904 0.002976190476190476
0 0.44642857142857145 0.7247023809523809 0.17857142857142858 0.1636904761904762
0 0.7633928571428571 0.6175595238095238 0.026785714285714284 0.01488095238095238
0 0.6741071428571429 0.5431547619047619 0.03273809523809524 0.01488095238095238
0 0.7038690476190477 0.5252976190476191 0.008928571428571428 0.002976190476190476
0 0.7276785714285714 0.5133928571428571 0.020833333333333332 0.008928571428571428
0 0.6770833333333334 0.5074404761904762 0.002976190476190476 0.002976190476190476
0 0.6473214285714286 0.5193452380952381 0.11011904761904762 0.03869047619047619
0 0.6994047619047619 0.4895833333333333 0.023809523809523808 0.008928571428571428
