0 0.49851190476190477 0.8154761904761905 0.008928571428571428 0.017857142857142856
0 0.43601190476190477 0.7857142857142857 0.008928571428571428 0.005952380952380952
0 0.5654761904761905 0.6949404761904762 0.005952380952380952 0.002976190476190476
0 0.53125 0.6904761904761905 0.026785714285714284 0.005952380952380952
0 0.38244047619047616 0.6800595238095238 0.008928571428571428 0.002976190476190476
0 0.37351190476190477 0.6770833333333334 0.002976190476190476 0.002976190476190476
0 0.5833333333333334 0.7380952380952381 0.27380952380952384 0.16071428571428573
0 0.6130952380952381 0.65625 0.005952380952380952 0.002976190476190476
0 0.6443452380952381 0.6532738095238095 0.03273809523809524 0.008928571428571428
0 0.5565476190476191 0.6413690476190477 0.023809523809523808 0.01488095238095238
0 0.41517857142857145 0.6875 0.0625 0.11904761904761904
0 0.43005952380952384 0.6264880952380952 0.002976190476190476 0.002976190476190476
0 0.42410714285714285 0.6235119047619048 0.002976190476190476 0.002976190476190476
0 0.7678571428571429 0.6354166666666666 0.041666666666666664 0.050595238095238096
0 0.6205357142857143 0.53125 0.008928571428571428 0.002976190476190476
0 0.6279761904761905 0.5223214285714286 0.011904761904761904 0.002976190476190476
0 0.6056547619047619 0.5267857142857143 0.026785714285714284 0.011904761904761904
0 0.6547619047619048 0.5193452380952381 0.02976190476190476 0.020833333333333332
