0 0.5818452380952381 0.8065476190476191 0.002976190476190476 0.005952380952380952
0 0.4255952380952381 0.7842261904761905 0.017857142857142856 0.008928571428571428
0 0.5193452380952381 0.7455357142857143 0.002976190476190476 0.002976190476190476
0 0.5669642857142857 0.7395833333333334 0.002976190476190476 0.002976190476190476
0 0.5580357142857143 0.7395833333333334 0.002976190476190476 0.002976190476190476
0 0.5416666666666666 0.7336309523809523 0.03571428571428571 0.002976190476190476
0 0.5639880952380952 0.7276785714285714 0.002976190476190476 0.002976190476190476
0 0.5982142857142857 0.7247023809523809 0.011904761904761904 0.008928571428571428
0 0.5372023809523809 0.7172619047619048 0.050595238095238096 0.017857142857142856
0 0.6071428571428571 0.6949404761904762 0.005952380952380952 0.002976190476190476
0 0.38839285714285715 0.6592261904761905 0.020833333333333332 0.01488095238095238
0 0.5639880952380952 0.6458333333333334 0.008928571428571428 0.005952380952380952
0 0.42410714285714285 0.6383928571428571 0.002976190476190476 0.002976190476190476
0 0.41220238095238093 0.6383928571428571 0.008928571428571428 0.002976190476190476
0 0.5550595238095238 0.6354166666666666 0.01488095238095238 0.008928571428571428
0 0.4330357142857143 0.6324404761904762 0.01488095238095238 0.008928571428571428
0 0.4494047619047619 0.6279761904761905 0.011904761904761904 0.005952380952380952
0 0.6205357142857143 0.6175595238095238 0.008928571428571428 0.002976190476190476
0 0.5610119047619048 0.7127976190476191 0.4255952380952381 0.20535714285714285
0 0.6517857142857143 0.6145833333333334 0.041666666666666664 0.01488095238095238
0 0.6279761904761905 0.5148809523809523 0.011904761904761904 0.005952380952380952
0 0.7008928571428571 0.5074404761904762 0.008928571428571428 0.008928571428571428
