0 0.5714285714285714 0.8229166666666666 0.017857142857142856 0.008928571428571428
0 0.5639880952380952 0.8169642857142857 0.002976190476190476 0.002976190476190476
0 0.6026785714285714 0.8110119047619048 0.002976190476190476 0.002976190476190476
0 0.4494047619047619 0.7991071428571429 0.011904761904761904 0.002976190476190476
0 0.5997023809523809 0.7723214285714286 0.01488095238095238 0.002976190476190476
0 0.7306547619047619 0.7366071428571429 0.03273809523809524 0.020833333333333332
0 0.7217261904761905 0.7127976190476191 0.002976190476190476 0.002976190476190476
0 0.43452380952380953 0.71875 0.02976190476190476 0.020833333333333332
0 0.7008928571428571 0.6979166666666666 0.002976190476190476 0.002976190476190476
0 0.3958333333333333 0.6934523809523809 0.017857142857142856 0.011904761904761904
0 0.3854166666666667 0.6800595238095238 0.008928571428571428 0.002976190476190476
0 0.38839285714285715 0.6681547619047619 0.020833333333333332 0.008928571428571428
0 0.6205357142857143 0.6622023809523809 0.002976190476190476 0.002976190476190476
0 0.41369047619047616 0.65625 0.005952380952380952 0.002976190476190476
0 0.4017857142857143 0.6517857142857143 0.011904761904761904 0.005952380952380952
0 0.6235119047619048 0.6354166666666666 0.002976190476190476 0.002976190476190476
0 0.6086309523809523 0.7157738095238095 0.31845238095238093 0.19940476190476192
0 0.6324404761904762 0.6175595238095238 0.002976190476190476 0.002976190476190476
0 0.7410714285714286 0.6101190476190477 0.023809523809523808 0.011904761904761904
0 0.6116071428571429 0.6056547619047619 0.01488095238095238 0.002976190476190476
0 0.5982142857142857 0.6056547619047619 0.005952380952380952 0.002976190476190476
0 0.5610119047619048 0.6026785714285714 0.002976190476190476 0.002976190476190476
0 0.5863095238095238 0.5729166666666666 0.041666666666666664 0.020833333333333332
0 0.6889880952380952 0.5133928571428571 0.020833333333333332 0.008928571428571428
0 0.6860119047619048 0.49255952380952384 0.03273809523809524 0.01488095238095238
0 0.6875 0.4806547619047619 0.005952380952380952 0.002976190476190476
0 0.6622023809523809 0.47767857142857145 0.008928571428571428 0.002976190476190476
0 0.6532738095238095 0.47470238095238093 0.002976190476190476 0.002976190476190476
