0 0.5163690476190477 0.8229166666666666 0.01488095238095238 0.01488095238095238
0 0.47470238095238093 0.8110119047619048 0.008928571428571428 0.002976190476190476
0 0.4270833333333333 0.7857142857142857 0.01488095238095238 0.005952380952380952
0 0.5357142857142857 0.7514880952380952 0.005952380952380952 0.002976190476190476
0 0.5401785714285714 0.7380952380952381 0.020833333333333332 0.005952380952380952
0 0.6711309523809523 0.7276785714285714 0.002976190476190476 0.002976190476190476
0 0.5416666666666666 0.7291666666666666 0.02976190476190476 0.005952380952380952
0 0.6473214285714286 0.6994047619047619 0.044642857142857144 0.047619047619047616
0 0.5922619047619048 0.5803571428571429 0.011904761904761904 0.005952380952380952
0 0.5610119047619048 0.5699404761904762 0.002976190476190476 0.002976190476190476
0 0.5952380952380952 0.6056547619047619 0.20238095238095238 0.08035714285714286
0 0.4836309523809524 0.5654761904761905 0.002976190476190476 0.005952380952380952
0 0.6741071428571429 0.4880952380952381 0.01488095238095238 0.005952380952380952
