0 0.5133928571428571 0.8229166666666666 0.020833333333333332 0.020833333333333332
0 0.5148809523809523 0.8080357142857143 0.005952380952380952 0.002976190476190476
0 0.47023809523809523 0.8110119047619048 0.023809523809523808 0.008928571428571428
0 0.5416666666666666 0.7693452380952381 0.005952380952380952 0.002976190476190476
0 0.49255952380952384 0.7633928571428571 0.008928571428571428 0.002976190476190476
0 0.49255952380952384 0.7574404761904762 0.002976190476190476 0.002976190476190476
0 0.5446428571428571 0.7470238095238095 0.047619047619047616 0.03571428571428571
0 0.65625 0.7083333333333334 0.0744047619047619 0.047619047619047616
0 0.6383928571428571 0.6354166666666666 0.002976190476190476 0.002976190476190476
0 0.5982142857142857 0.5818452380952381 0.03571428571428571 0.008928571428571428
0 0.5744047619047619 0.5788690476190477 0.005952380952380952 0.002976190476190476
0 0.6339285714285714 0.5744047619047619 0.03571428571428571 0.011904761904761904
0 0.5639880952380952 0.5714285714285714 0.03273809523809524 0.005952380952380952
0 0.6071428571428571 0.5699404761904762 0.017857142857142856 0.008928571428571428
0 0.6086309523809523 0.5610119047619048 0.01488095238095238 0.002976190476190476
0 0.5833333333333334 0.5877976190476191 0.2261904761904762 0.11011904761904762
0 0.6726190476190477 0.4895833333333333 0.023809523809523808 0.008928571428571428
