0 0.46577380952380953 0.8630952380952381 0.01488095238095238 0.005952380952380952
0 0.46726190476190477 0.7663690476190477 0.005952380952380952 0.002976190476190476
0 0.5238095238095238 0.7574404761904762 0.005952380952380952 0.002976190476190476
0 0.5327380952380952 0.7559523809523809 0.005952380952380952 0.005952380952380952
0 0.4270833333333333 0.7485119047619048 0.01488095238095238 0.002976190476190476
0 0.41517857142857145 0.7455357142857143 0.002976190476190476 0.002976190476190476
0 0.40476190476190477 0.7366071428571429 0.005952380952380952 0.002976190476190476
0 0.5892857142857143 0.7157738095238095 0.10119047619047619 0.0744047619047619
0 0.6235119047619048 0.6681547619047619 0.026785714285714284 0.01488095238095238
0 0.36755952380952384 0.6592261904761905 0.008928571428571428 0.002976190476190476
0 0.49255952380952384 0.6383928571428571 0.020833333333333332 0.002976190476190476
0 0.4538690476190476 0.7008928571428571 0.14583333333333334 0.13392857142857142
0 0.6770833333333334 0.5491071428571429 0.002976190476190476 0.002976190476190476
0 0.6636904761904762 0.5476190476190477 0.005952380952380952 0.005952380952380952
0 0.6770833333333334 0.5416666666666666 0.008928571428571428 0.005952380952380952
0 0.5476190476190477 0.5416666666666666 0.011904761904761904 0.005952380952380952
0 0.6964285714285714 0.5401785714285714 0.011904761904761904 0.008928571428571428
0 0.625 0.5386904761904762 0.005952380952380952 0.005952380952380952
0 0.6116071428571429 0.5193452380952381 0.002976190476190476 0.002976190476190476
0 0.6264880952380952 0.5163690476190477 0.026785714285714284 0.026785714285714284
