0 0.42410714285714285 0.78125 0.020833333333333332 0.01488095238095238
0 0.36160714285714285 0.6979166666666666 0.01488095238095238 0.008928571428571428
0 0.6145833333333334 0.6919642857142857 0.002976190476190476 0.002976190476190476
0 0.34375 0.6741071428571429 0.026785714285714284 0.01488095238095238
0 0.41220238095238093 0.6592261904761905 0.002976190476190476 0.002976190476190476
0 0.5580357142857143 0.6294642857142857 0.01488095238095238 0.002976190476190476
0 0.4181547619047619 0.6592261904761905 0.11607142857142858 0.08630952380952381
0 0.5744047619047619 0.7098214285714286 0.39285714285714285 0.20535714285714285
0 0.6517857142857143 0.6116071428571429 0.03571428571428571 0.008928571428571428
0 0.6294642857142857 0.6086309523809523 0.002976190476190476 0.002976190476190476
0 0.5803571428571429 0.5729166666666666 0.005952380952380952 0.002976190476190476
0 0.5744047619047619 0.5669642857142857 0.005952380952380952 0.002976190476190476
0 0.6264880952380952 0.5148809523809523 0.01488095238095238 0.005952380952380952
0 0.6964285714285714 0.5089285714285714 0.023809523809523808 0.011904761904761904
0 0.6279761904761905 0.5059523809523809 0.017857142857142856 0.005952380952380952
0 0.6726190476190477 0.49851190476190477 0.005952380952380952 0.002976190476190476
0 0.7068452380952381 0.4836309523809524 0.020833333333333332 0.008928571428571428
