0 0.5282738095238095 0.8348214285714286 0.002976190476190476 0.002976190476190476
0 0.5133928571428571 0.8318452380952381 0.020833333333333332 0.002976190476190476
0 0.5833333333333334 0.7723214285714286 0.005952380952380952 0.002976190476190476
0 0.46577380952380953 0.7574404761904762 0.002976190476190476 0.002976190476190476
0 0.5223214285714286 0.7514880952380952 0.002976190476190476 0.002976190476190476
0 0.4419642857142857 0.7395833333333334 0.002976190476190476 0.002976190476190476
0 0.6770833333333334 0.7336309523809523 0.008928571428571428 0.002976190476190476
0 0.6607142857142857 0.7336309523809523 0.011904761904761904 0.002976190476190476
0 0.6666666666666666 0.7276785714285714 0.005952380952380952 0.002976190476190476
0 0.6592261904761905 0.7068452380952381 0.002976190476190476 0.002976190476190476
0 0.5788690476190477 0.6577380952380952 0.03273809523809524 0.005952380952380952
0 0.5267857142857143 0.7113095238095238 0.26785714285714285 0.11904761904761904
0 0.5491071428571429 0.65625 0.01488095238095238 0.008928571428571428
0 0.5297619047619048 0.6532738095238095 0.011904761904761904 0.002976190476190476
0 0.5029761904761905 0.65625 0.03571428571428571 0.008928571428571428
0 0.4270833333333333 0.6532738095238095 0.002976190476190476 0.002976190476190476
0 0.4538690476190476 0.6517857142857143 0.026785714285714284 0.005952380952380952
0 0.6056547619047619 0.5654761904761905 0.008928571428571428 0.005952380952380952
0 0.7648809523809523 0.5342261904761905 0.005952380952380952 0.002976190476190476
0 0.7306547619047619 0.53125 0.002976190476190476 0.002976190476190476
0 0.6011904761904762 0.5282738095238095 0.005952380952380952 0.002976190476190476
0 0.6130952380952381 0.5193452380952381 0.005952380952380952 0.002976190476190476
0 0.6666666666666666 0.5282738095238095 0.10714285714285714 0.05654761904761905
