0 0.5565476190476191 0.7544642857142857 0.011904761904761904 0.002976190476190476
0 0.6011904761904762 0.7336309523809523 0.005952380952380952 0.002976190476190476
0 0.39732142857142855 0.7217261904761905 0.008928571428571428 0.002976190476190476
0 0.40625 0.7157738095238095 0.002976190476190476 0.002976190476190476
0 0.38839285714285715 0.7157738095238095 0.01488095238095238 0.002976190476190476
0 0.6279761904761905 0.7068452380952381 0.005952380952380952 0.002976190476190476
0 0.5372023809523809 0.7008928571428571 0.020833333333333332 0.002976190476190476
0 0.6354166666666666 0.6919642857142857 0.002976190476190476 0.002976190476190476
0 0.5059523809523809 0.6800595238095238 0.011904761904761904 0.002976190476190476
0 0.5104166666666666 0.7172619047619048 0.24702380952380953 0.09523809523809523
0 0.625 0.6681547619047619 0.023809523809523808 0.008928571428571428
0 0.41220238095238093 0.6636904761904762 0.020833333333333332 0.005952380952380952
0 0.6279761904761905 0.5639880952380952 0.005952380952380952 0.002976190476190476
0 0.5952380952380952 0.5699404761904762 0.041666666666666664 0.020833333333333332
