0 0.47619047619047616 0.8407738095238095 0.005952380952380952 0.002976190476190476
0 0.5104166666666666 0.8258928571428571 0.008928571428571428 0.002976190476190476
0 0.47172619047619047 0.8139880952380952 0.008928571428571428 0.002976190476190476
0 0.4732142857142857 0.8065476190476191 0.011904761904761904 0.005952380952380952
0 0.5148809523809523 0.8110119047619048 0.017857142857142856 0.020833333333333332
0 0.5252976190476191 0.7574404761904762 0.002976190476190476 0.002976190476190476
0 0.5386904761904762 0.7529761904761905 0.047619047619047616 0.047619047619047616
0 0.5223214285714286 0.7247023809523809 0.002976190476190476 0.002976190476190476
0 0.5133928571428571 0.7157738095238095 0.008928571428571428 0.002976190476190476
0 0.6026785714285714 0.7113095238095238 0.008928571428571428 0.005952380952380952
0 0.7023809523809523 0.6235119047619048 0.005952380952380952 0.002976190476190476
0 0.6458333333333334 0.6636904761904762 0.13095238095238096 0.13095238095238096
0 0.6279761904761905 0.5997023809523809 0.011904761904761904 0.002976190476190476
0 0.5610119047619048 0.6011904761904762 0.03869047619047619 0.011904761904761904
0 0.5386904761904762 0.59375 0.017857142857142856 0.002976190476190476
0 0.49255952380952384 0.5505952380952381 0.06845238095238096 0.041666666666666664
0 0.6889880952380952 0.4895833333333333 0.002976190476190476 0.002976190476190476
0 0.6741071428571429 0.4895833333333333 0.020833333333333332 0.008928571428571428
