0 0.44494047619047616 0.7604166666666666 0.002976190476190476 0.002976190476190476
0 0.4523809523809524 0.7395833333333334 0.06547619047619048 0.03273809523809524
0 0.38095238095238093 0.6964285714285714 0.017857142857142856 0.011904761904761904
0 0.3794642857142857 0.6770833333333334 0.002976190476190476 0.002976190476190476
0 0.6309523809523809 0.6696428571428571 0.011904761904761904 0.005952380952380952
0 0.6264880952380952 0.6622023809523809 0.008928571428571428 0.002976190476190476
0 0.6770833333333334 0.6502976190476191 0.002976190476190476 0.002976190476190476
0 0.5729166666666666 0.6488095238095238 0.008928571428571428 0.005952380952380952
0 0.6086309523809523 0.6383928571428571 0.020833333333333332 0.008928571428571428
0 0.6666666666666666 0.6815476190476191 0.17261904761904762 0.125
0 0.6369047619047619 0.6205357142857143 0.011904761904761904 0.002976190476190476
0 0.6026785714285714 0.6116071428571429 0.01488095238095238 0.002976190476190476
0 0.5446428571428571 0.625 0.09523809523809523 0.03571428571428571
0 0.5089285714285714 0.6056547619047619 0.005952380952380952 0.002976190476190476
0 0.49851190476190477 0.6056547619047619 0.002976190476190476 0.002976190476190476
0 0.5208333333333334 0.6041666666666666 0.005952380952380952 0.005952380952380952
0 0.49255952380952384 0.5967261904761905 0.002976190476190476 0.002976190476190476
0 0.5238095238095238 0.5788690476190477 0.005952380952380952 0.002976190476190476
0 0.49404761904761907 0.5773809523809523 0.03571428571428571 0.023809523809523808
0 0.6517857142857143 0.5282738095238095 0.005952380952380952 0.002976190476190476
0 0.6681547619047619 0.5252976190476191 0.002976190476190476 0.002976190476190476
0 0.6324404761904762 0.5193452380952381 0.008928571428571428 0.002976190476190476
0 0.7306547619047619 0.5089285714285714 0.026785714285714284 0.005952380952380952
0 0.6889880952380952 0.5074404761904762 0.01488095238095238 0.002976190476190476
0 0.6607142857142857 0.5059523809523809 0.023809523809523808 0.011904761904761904
