0 0.48660714285714285 0.8407738095238095 0.008928571428571428 0.008928571428571428
0 0.6011904761904762 0.8407738095238095 0.017857142857142856 0.01488095238095238
0 0.49404761904761907 0.8169642857142857 0.011904761904761904 0.008928571428571428
0 0.6651785714285714 0.7693452380952381 0.002976190476190476 0.002976190476190476
0 0.6547619047619048 0.7693452380952381 0.011904761904761904 0.002976190476190476
0 0.6651785714285714 0.7633928571428571 0.008928571428571428 0.002976190476190476
0 0.5967261904761905 0.7633928571428571 0.008928571428571428 0.002976190476190476
0 0.5729166666666666 0.7589285714285714 0.026785714285714284 0.011904761904761904
0 0.5282738095238095 0.7395833333333334 0.002976190476190476 0.002976190476190476
0 0.5625 0.7291666666666666 0.011904761904761904 0.005952380952380952
0 0.6919642857142857 0.7247023809523809 0.002976190476190476 0.002976190476190476
0 0.4538690476190476 0.7425595238095238 0.14583333333333334 0.044642857142857144
0 0.7172619047619048 0.6904761904761905 0.011904761904761904 0.005952380952380952
0 0.5982142857142857 0.6860119047619048 0.017857142857142856 0.002976190476190476
0 0.375 0.6949404761904762 0.02976190476190476 0.03869047619047619
0 0.6354166666666666 0.7157738095238095 0.1875 0.10416666666666667
0 0.6458333333333334 0.6532738095238095 0.005952380952380952 0.002976190476190476
0 0.6592261904761905 0.6443452380952381 0.002976190476190476 0.002976190476190476
0 0.5848214285714286 0.6354166666666666 0.002976190476190476 0.002976190476190476
0 0.6532738095238095 0.6235119047619048 0.01488095238095238 0.002976190476190476
0 0.6339285714285714 0.625 0.017857142857142856 0.005952380952380952
0 0.5416666666666666 0.6175595238095238 0.005952380952380952 0.002976190476190476
0 0.7589285714285714 0.6413690476190477 0.06547619047619048 0.05654761904761905
0 0.49107142857142855 0.6130952380952381 0.011904761904761904 0.005952380952380952
0 0.5714285714285714 0.5818452380952381 0.017857142857142856 0.002976190476190476
0 0.5520833333333334 0.5788690476190477 0.002976190476190476 0.002976190476190476
0 0.47619047619047616 0.5788690476190477 0.005952380952380952 0.002976190476190476
0 0.47767857142857145 0.5684523809523809 0.020833333333333332 0.005952380952380952
0 0.5044642857142857 0.5520833333333334 0.008928571428571428 0.002976190476190476
0 0.6607142857142857 0.5252976190476191 0.05952380952380952 0.01488095238095238
0 0.6413690476190477 0.5119047619047619 0.03869047619047619 0.011904761904761904
0 0.7023809523809523 0.5 0.023809523809523808 0.005952380952380952
