0 0.42410714285714285 0.7827380952380952 0.020833333333333332 0.017857142857142856
0 0.5863095238095238 0.7127976190476191 0.011904761904761904 0.002976190476190476
0 0.5446428571428571 0.71875 0.03571428571428571 0.020833333333333332
0 0.5982142857142857 0.7008928571428571 0.005952380952380952 0.002976190476190476
0 0.42410714285714285 0.6681547619047619 0.008928571428571428 0.002976190476190476
0 0.5654761904761905 0.6458333333333334 0.017857142857142856 0.005952380952380952
0 0.5580357142857143 0.6309523809523809 0.020833333333333332 0.017857142857142856
0 0.4226190476190476 0.6339285714285714 0.07738095238095238 0.03571428571428571
0 0.41220238095238093 0.6205357142857143 0.01488095238095238 0.008928571428571428
0 0.5491071428571429 0.7172619047619048 0.4494047619047619 0.21428571428571427
0 0.6458333333333334 0.6116071428571429 0.023809523809523808 0.008928571428571428
0 0.6636904761904762 0.5282738095238095 0.011904761904761904 0.002976190476190476
0 0.6711309523809523 0.5223214285714286 0.008928571428571428 0.002976190476190476
0 0.6220238095238095 0.5148809523809523 0.023809523809523808 0.005952380952380952
0 0.6324404761904762 0.5074404761904762 0.002976190476190476 0.002976190476190476
0 0.6964285714285714 0.5104166666666666 0.023809523809523808 0.01488095238095238
0 0.625 0.5059523809523809 0.005952380952380952 0.005952380952380952
0 0.6517857142857143 0.4955357142857143 0.011904761904761904 0.002976190476190476
0 0.6681547619047619 0.48660714285714285 0.002976190476190476 0.002976190476190476
0 0.7068452380952381 0.4836309523809524 0.01488095238095238 0.008928571428571428
