0 0.5877976190476191 0.8080357142857143 0.01488095238095238 0.008928571428571428
0 0.7083333333333334 0.7425595238095238 0.02976190476190476 0.002976190476190476
0 0.5744047619047619 0.6860119047619048 0.005952380952380952 0.002976190476190476
0 0.6741071428571429 0.6681547619047619 0.008928571428571428 0.002976190476190476
0 0.5729166666666666 0.6711309523809523 0.0625 0.026785714285714284
0 0.5505952380952381 0.7098214285714286 0.3273809523809524 0.15178571428571427
0 0.7767857142857143 0.6324404761904762 0.05357142857142857 0.03869047619047619
0 0.5982142857142857 0.5327380952380952 0.023809523809523808 0.005952380952380952
0 0.6889880952380952 0.5342261904761905 0.05654761904761905 0.020833333333333332
0 0.6622023809523809 0.5044642857142857 0.002976190476190476 0.002976190476190476
0 0.6473214285714286 0.5163690476190477 0.03869047619047619 0.03273809523809524
