0 0.4270833333333333 0.7604166666666666 0.008928571428571428 0.002976190476190476
0 0.5267857142857143 0.7485119047619048 0.011904761904761904 0.002976190476190476
0 0.5074404761904762 0.7351190476190477 0.008928571428571428 0.005952380952380952
0 0.5982142857142857 0.6324404761904762 0.011904761904761904 0.002976190476190476
0 0.4166666666666667 0.5967261904761905 0.005952380952380952 0.002976190476190476
0 0.42857142857142855 0.5967261904761905 0.011904761904761904 0.008928571428571428
0 0.5922619047619048 0.6160714285714286 0.18452380952380953 0.07738095238095238
0 0.47172619047619047 0.5684523809523809 0.03869047619047619 0.005952380952380952
0 0.48214285714285715 0.5595238095238095 0.011904761904761904 0.011904761904761904
0 0.4732142857142857 0.5520833333333334 0.005952380952380952 0.002976190476190476
0 0.6711309523809523 0.5029761904761905 0.020833333333333332 0.005952380952380952
