0 0.5848214285714286 0.8110119047619048 0.002976190476190476 0.002976190476190476
0 0.49851190476190477 0.8050595238095238 0.020833333333333332 0.002976190476190476
0 0.6755952380952381 0.7455357142857143 0.005952380952380952 0.002976190476190476
0 0.7083333333333334 0.7425595238095238 0.023809523809523808 0.002976190476190476
0 0.6622023809523809 0.7380952380952381 0.026785714285714284 0.005952380952380952
0 0.7053571428571429 0.7321428571428571 0.023809523809523808 0.011904761904761904
0 0.7157738095238095 0.71875 0.01488095238095238 0.008928571428571428
0 0.7321428571428571 0.6919642857142857 0.005952380952380952 0.002976190476190476
0 0.7247023809523809 0.6919642857142857 0.002976190476190476 0.002976190476190476
0 0.5357142857142857 0.6919642857142857 0.005952380952380952 0.002976190476190476
0 0.5803571428571429 0.6875 0.017857142857142856 0.005952380952380952
0 0.6294642857142857 0.6741071428571429 0.002976190476190476 0.002976190476190476
0 0.6116071428571429 0.6517857142857143 0.008928571428571428 0.005952380952380952
0 0.5386904761904762 0.7127976190476191 0.30952380952380953 0.14583333333333334
0 0.7797619047619048 0.6339285714285714 0.023809523809523808 0.011904761904761904
0 0.7842261904761905 0.6190476190476191 0.044642857142857144 0.011904761904761904
0 0.5952380952380952 0.5327380952380952 0.017857142857142856 0.005952380952380952
0 0.6934523809523809 0.5357142857142857 0.041666666666666664 0.017857142857142856
0 0.6622023809523809 0.5282738095238095 0.002976190476190476 0.002976190476190476
0 0.6383928571428571 0.5148809523809523 0.050595238095238096 0.02976190476190476
