0 0.40625 0.7157738095238095 0.002976190476190476 0.002976190476190476
0 0.38839285714285715 0.7157738095238095 0.01488095238095238 0.002976190476190476
0 0.6279761904761905 0.7068452380952381 0.005952380952380952 0.002976190476190476
0 0.6354166666666666 0.6919642857142857 0.002976190476190476 0.002976190476190476
0 0.5773809523809523 0.6994047619047619 0.1130952380952381 0.047619047619047616
0 0.49255952380952384 0.7172619047619048 0.2113095238095238 0.08928571428571429
0 0.625 0.6681547619047619 0.023809523809523808 0.008928571428571428
0 0.6101190476190477 0.5997023809523809 0.005952380952380952 0.002976190476190476
0 0.5788690476190477 0.5997023809523809 0.002976190476190476 0.002976190476190476
0 0.5892857142857143 0.5714285714285714 0.02976190476190476 0.011904761904761904
0 0.6130952380952381 0.5639880952380952 0.005952380952380952 0.002976190476190476
0 0.6904761904761905 0.5372023809523809 0.02976190476190476 0.008928571428571428
0 0.7038690476190477 0.5282738095238095 0.01488095238095238 0.002976190476190476
0 0.6264880952380952 0.5208333333333334 0.008928571428571428 0.005952380952380952
0 0.5744047619047619 0.5104166666666666 0.017857142857142856 0.008928571428571428
