0 0.5014880952380952 0.8169642857142857 0.008928571428571428 0.002976190476190476
0 0.6086309523809523 0.8110119047619048 0.002976190476190476 0.002976190476190476
0 0.4255952380952381 0.7872023809523809 0.017857142857142856 0.008928571428571428
0 0.4419642857142857 0.7455357142857143 0.002976190476190476 0.002976190476190476
0 0.42857142857142855 0.7455357142857143 0.005952380952380952 0.002976190476190476
0 0.4166666666666667 0.7455357142857143 0.005952380952380952 0.002976190476190476
0 0.40922619047619047 0.7455357142857143 0.002976190476190476 0.002976190476190476
0 0.5699404761904762 0.7247023809523809 0.002976190476190476 0.002976190476190476
0 0.6026785714285714 0.7217261904761905 0.002976190476190476 0.002976190476190476
0 0.5372023809523809 0.7157738095238095 0.050595238095238096 0.020833333333333332
0 0.3705357142857143 0.6994047619047619 0.026785714285714284 0.005952380952380952
0 0.6086309523809523 0.6800595238095238 0.002976190476190476 0.002976190476190476
0 0.33482142857142855 0.6800595238095238 0.01488095238095238 0.002976190476190476
0 0.35267857142857145 0.6726190476190477 0.0625 0.011904761904761904
0 0.6919642857142857 0.6502976190476191 0.002976190476190476 0.002976190476190476
0 0.3958333333333333 0.6577380952380952 0.047619047619047616 0.023809523809523808
0 0.4107142857142857 0.6413690476190477 0.005952380952380952 0.002976190476190476
0 0.5625 0.6369047619047619 0.017857142857142856 0.017857142857142856
0 0.44494047619047616 0.6294642857142857 0.0625 0.020833333333333332
0 0.6502976190476191 0.6145833333333334 0.03869047619047619 0.01488095238095238
0 0.5788690476190477 0.7083333333333334 0.38392857142857145 0.20833333333333334
0 0.5922619047619048 0.5669642857142857 0.005952380952380952 0.002976190476190476
0 0.6636904761904762 0.5282738095238095 0.005952380952380952 0.002976190476190476
0 0.6264880952380952 0.5223214285714286 0.008928571428571428 0.002976190476190476
0 0.6309523809523809 0.5119047619047619 0.017857142857142856 0.011904761904761904
0 0.7023809523809523 0.5089285714285714 0.011904761904761904 0.011904761904761904
0 0.7053571428571429 0.4836309523809524 0.017857142857142856 0.008928571428571428
0 0.6726190476190477 0.47023809523809523 0.011904761904761904 0.005952380952380952
