0 0.5848214285714286 0.8139880952380952 0.002976190476190476 0.002976190476190476
0 0.6026785714285714 0.7782738095238095 0.002976190476190476 0.002976190476190476
0 0.6577380952380952 0.7425595238095238 0.005952380952380952 0.002976190476190476
0 0.5595238095238095 0.7366071428571429 0.03571428571428571 0.002976190476190476
0 0.5029761904761905 0.7336309523809523 0.03571428571428571 0.002976190476190476
0 0.6949404761904762 0.71875 0.002976190476190476 0.002976190476190476
0 0.43154761904761907 0.7232142857142857 0.06547619047619048 0.041666666666666664
0 0.5877976190476191 0.6889880952380952 0.002976190476190476 0.002976190476190476
0 0.5818452380952381 0.6651785714285714 0.020833333333333332 0.002976190476190476
0 0.5758928571428571 0.7217261904761905 0.24107142857142858 0.12797619047619047
0 0.43154761904761907 0.6413690476190477 0.005952380952380952 0.002976190476190476
0 0.41220238095238093 0.6696428571428571 0.044642857142857144 0.05952380952380952
0 0.7842261904761905 0.6279761904761905 0.03273809523809524 0.023809523809523808
0 0.6607142857142857 0.5342261904761905 0.005952380952380952 0.002976190476190476
0 0.6904761904761905 0.5372023809523809 0.03571428571428571 0.01488095238095238
0 0.6904761904761905 0.5208333333333334 0.023809523809523808 0.005952380952380952
0 0.6443452380952381 0.5163690476190477 0.03869047619047619 0.03273809523809524
