0 0.39732142857142855 0.8199404761904762 0.01488095238095238 0.008928571428571428
0 0.4806547619047619 0.7663690476190477 0.008928571428571428 0.002976190476190476
0 0.5967261904761905 0.7276785714285714 0.044642857142857144 0.020833333333333332
0 0.6235119047619048 0.7098214285714286 0.002976190476190476 0.002976190476190476
0 0.6369047619047619 0.6889880952380952 0.005952380952380952 0.002976190476190476
0 0.5416666666666666 0.6860119047619048 0.017857142857142856 0.002976190476190476
0 0.6160714285714286 0.6949404761904762 0.041666666666666664 0.03869047619047619
0 0.43898809523809523 0.6726190476190477 0.01488095238095238 0.005952380952380952
0 0.6235119047619048 0.6681547619047619 0.020833333333333332 0.008928571428571428
0 0.4806547619047619 0.7098214285714286 0.19345238095238096 0.11607142857142858
0 0.4419642857142857 0.6443452380952381 0.002976190476190476 0.002976190476190476
0 0.5952380952380952 0.5744047619047619 0.02976190476190476 0.011904761904761904
0 0.6339285714285714 0.5699404761904762 0.011904761904761904 0.008928571428571428
0 0.6026785714285714 0.5639880952380952 0.002976190476190476 0.002976190476190476
0 0.6741071428571429 0.5461309523809523 0.002976190476190476 0.002976190476190476
0 0.5595238095238095 0.5431547619047619 0.02976190476190476 0.002976190476190476
0 0.6875 0.5342261904761905 0.023809523809523808 0.01488095238095238
0 0.6220238095238095 0.5208333333333334 0.017857142857142856 0.005952380952380952
0 0.6190476190476191 0.5104166666666666 0.017857142857142856 0.008928571428571428
