0 0.4642857142857143 0.8407738095238095 0.047619047619047616 0.03869047619047619
0 0.4107142857142857 0.8080357142857143 0.017857142857142856 0.008928571428571428
0 0.4017857142857143 0.7886904761904762 0.023809523809523808 0.005952380952380952
0 0.6681547619047619 0.7321428571428571 0.008928571428571428 0.005952380952380952
0 0.6383928571428571 0.7217261904761905 0.002976190476190476 0.002976190476190476
0 0.5550595238095238 0.7038690476190477 0.01488095238095238 0.002976190476190476
0 0.5431547619047619 0.7038690476190477 0.002976190476190476 0.002976190476190476
0 0.5074404761904762 0.6979166666666666 0.002976190476190476 0.002976190476190476
0 0.5014880952380952 0.6979166666666666 0.002976190476190476 0.002976190476190476
0 0.53125 0.6919642857142857 0.03869047619047619 0.008928571428571428
0 0.49255952380952384 0.7068452380952381 0.28869047619047616 0.15773809523809523
0 0.625 0.5684523809523809 0.011904761904761904 0.005952380952380952
0 0.6800595238095238 0.5550595238095238 0.020833333333333332 0.002976190476190476
0 0.5758928571428571 0.5461309523809523 0.0625 0.026785714285714284
0 0.625 0.5119047619047619 0.023809523809523808 0.005952380952380952
