0 0.46130952380952384 0.8244047619047619 0.011904761904761904 0.011904761904761904
0 0.5401785714285714 0.8110119047619048 0.002976190476190476 0.002976190476190476
0 0.4419642857142857 0.7901785714285714 0.002976190476190476 0.002976190476190476
0 0.43601190476190477 0.7842261904761905 0.008928571428571428 0.002976190476190476
0 0.44642857142857145 0.78125 0.005952380952380952 0.002976190476190476
0 0.44494047619047616 0.7544642857142857 0.002976190476190476 0.002976190476190476
0 0.5848214285714286 0.7366071428571429 0.03869047619047619 0.002976190476190476
0 0.5282738095238095 0.7336309523809523 0.03869047619047619 0.002976190476190476
0 0.47172619047619047 0.7306547619047619 0.03869047619047619 0.002976190476190476
0 0.5639880952380952 0.7157738095238095 0.002976190476190476 0.002976190476190476
0 0.5416666666666666 0.7127976190476191 0.005952380952380952 0.002976190476190476
0 0.5967261904761905 0.6889880952380952 0.008928571428571428 0.002976190476190476
0 0.7008928571428571 0.6607142857142857 0.01488095238095238 0.005952380952380952
0 0.6160714285714286 0.6592261904761905 0.005952380952380952 0.002976190476190476
0 0.5610119047619048 0.6413690476190477 0.03273809523809524 0.020833333333333332
0 0.5431547619047619 0.7202380952380952 0.34226190476190477 0.19047619047619047
0 0.6473214285714286 0.6205357142857143 0.002976190476190476 0.002976190476190476
0 0.6681547619047619 0.6175595238095238 0.002976190476190476 0.002976190476190476
0 0.7470238095238095 0.6413690476190477 0.06547619047619048 0.05654761904761905
0 0.6473214285714286 0.6145833333333334 0.002976190476190476 0.002976190476190476
0 0.6130952380952381 0.6160714285714286 0.005952380952380952 0.005952380952380952
0 0.5163690476190477 0.5669642857142857 0.020833333333333332 0.002976190476190476
0 0.6696428571428571 0.5252976190476191 0.017857142857142856 0.008928571428571428
0 0.6607142857142857 0.5163690476190477 0.005952380952380952 0.002976190476190476
0 0.6264880952380952 0.5163690476190477 0.026785714285714284 0.008928571428571428
0 0.6994047619047619 0.5133928571428571 0.011904761904761904 0.008928571428571428
0 0.6592261904761905 0.5104166666666666 0.002976190476190476 0.002976190476190476
