0 0.5773809523809523 0.8229166666666666 0.005952380952380952 0.002976190476190476
0 0.5729166666666666 0.8125 0.020833333333333332 0.005952380952380952
0 0.5431547619047619 0.8050595238095238 0.002976190476190476 0.002976190476190476
0 0.43898809523809523 0.7991071428571429 0.008928571428571428 0.002976190476190476
0 0.5892857142857143 0.7872023809523809 0.005952380952380952 0.002976190476190476
0 0.43005952380952384 0.7842261904761905 0.002976190476190476 0.002976190476190476
0 0.4211309523809524 0.7782738095238095 0.002976190476190476 0.002976190476190476
0 0.6264880952380952 0.7589285714285714 0.002976190476190476 0.005952380952380952
0 0.4330357142857143 0.7455357142857143 0.002976190476190476 0.002976190476190476
0 0.49255952380952384 0.7083333333333334 0.008928571428571428 0.005952380952380952
0 0.5535714285714286 0.7038690476190477 0.017857142857142856 0.020833333333333332
0 0.3958333333333333 0.6800595238095238 0.005952380952380952 0.002976190476190476
0 0.6190476190476191 0.6770833333333334 0.005952380952380952 0.002976190476190476
0 0.3913690476190476 0.6726190476190477 0.01488095238095238 0.005952380952380952
0 0.36160714285714285 0.6681547619047619 0.008928571428571428 0.002976190476190476
0 0.6130952380952381 0.6622023809523809 0.005952380952380952 0.002976190476190476
0 0.39732142857142855 0.6517857142857143 0.05654761904761905 0.017857142857142856
0 0.6279761904761905 0.6354166666666666 0.023809523809523808 0.002976190476190476
0 0.6398809523809523 0.6175595238095238 0.005952380952380952 0.002976190476190476
0 0.6577380952380952 0.6101190476190477 0.023809523809523808 0.005952380952380952
0 0.5744047619047619 0.7053571428571429 0.3869047619047619 0.20238095238095238
0 0.6026785714285714 0.6056547619047619 0.002976190476190476 0.002976190476190476
0 0.5505952380952381 0.6026785714285714 0.005952380952380952 0.002976190476190476
0 0.59375 0.5818452380952381 0.026785714285714284 0.008928571428571428
0 0.5803571428571429 0.5729166666666666 0.017857142857142856 0.002976190476190476
0 0.6190476190476191 0.5119047619047619 0.011904761904761904 0.005952380952380952
0 0.6934523809523809 0.5074404761904762 0.02976190476190476 0.020833333333333332
0 0.6860119047619048 0.49255952380952384 0.008928571428571428 0.002976190476190476
0 0.6741071428571429 0.49255952380952384 0.008928571428571428 0.002976190476190476
0 0.7068452380952381 0.48214285714285715 0.01488095238095238 0.005952380952380952
