0 0.6711309523809523 0.8050595238095238 0.008928571428571428 0.002976190476190476
0 0.6592261904761905 0.8050595238095238 0.008928571428571428 0.002976190476190476
0 0.6116071428571429 0.7961309523809523 0.002976190476190476 0.002976190476190476
0 0.6324404761904762 0.7946428571428571 0.03869047619047619 0.017857142857142856
0 0.6190476190476191 0.7797619047619048 0.023809523809523808 0.005952380952380952
0 0.5372023809523809 0.7782738095238095 0.002976190476190476 0.002976190476190476
0 0.5520833333333334 0.6889880952380952 0.002976190476190476 0.002976190476190476
0 0.6473214285714286 0.6785714285714286 0.008928571428571428 0.005952380952380952
0 0.5148809523809523 0.7276785714285714 0.3273809523809524 0.17559523809523808
0 0.5863095238095238 0.5446428571428571 0.017857142857142856 0.011904761904761904
0 0.6726190476190477 0.5431547619047619 0.041666666666666664 0.01488095238095238
0 0.5803571428571429 0.5342261904761905 0.011904761904761904 0.002976190476190476
0 0.6860119047619048 0.5267857142857143 0.026785714285714284 0.005952380952380952
0 0.6056547619047619 0.5267857142857143 0.044642857142857144 0.005952380952380952
0 0.6235119047619048 0.5193452380952381 0.002976190476190476 0.002976190476190476
0 0.6488095238095238 0.5178571428571429 0.03571428571428571 0.02976190476190476
0 0.6904761904761905 0.5044642857142857 0.02976190476190476 0.008928571428571428
0 0.7008928571428571 0.49255952380952384 0.01488095238095238 0.002976190476190476
