0 0.39732142857142855 0.8154761904761905 0.020833333333333332 0.023809523809523808
0 0.4181547619047619 0.7455357142857143 0.002976190476190476 0.002976190476190476
0 0.4330357142857143 0.6741071428571429 0.002976190476190476 0.002976190476190476
0 0.5089285714285714 0.7157738095238095 0.25 0.09226190476190477
0 0.6220238095238095 0.6681547619047619 0.02976190476190476 0.01488095238095238
0 0.43154761904761907 0.6502976190476191 0.011904761904761904 0.002976190476190476
0 0.6086309523809523 0.5922619047619048 0.01488095238095238 0.005952380952380952
0 0.5952380952380952 0.5714285714285714 0.017857142857142856 0.011904761904761904
0 0.5580357142857143 0.5431547619047619 0.050595238095238096 0.01488095238095238
0 0.6994047619047619 0.5282738095238095 0.005952380952380952 0.002976190476190476
0 0.6220238095238095 0.5148809523809523 0.02976190476190476 0.011904761904761904
0 0.6026785714285714 0.5014880952380952 0.002976190476190476 0.002976190476190476
