0 0.39880952380952384 0.8184523809523809 0.017857142857142856 0.011904761904761904
0 0.41964285714285715 0.7485119047619048 0.017857142857142856 0.008928571428571428
0 0.44494047619047616 0.7276785714285714 0.002976190476190476 0.002976190476190476
0 0.5148809523809523 0.6860119047619048 0.005952380952380952 0.002976190476190476
0 0.49851190476190477 0.6651785714285714 0.002976190476190476 0.002976190476190476
0 0.5178571428571429 0.7157738095238095 0.24404761904761904 0.11011904761904762
0 0.4479166666666667 0.6473214285714286 0.002976190476190476 0.002976190476190476
0 0.43452380952380953 0.6443452380952381 0.011904761904761904 0.002976190476190476
0 0.48660714285714285 0.6413690476190477 0.008928571428571428 0.002976190476190476
0 0.4375 0.6636904761904762 0.125 0.047619047619047616
0 0.6919642857142857 0.5401785714285714 0.01488095238095238 0.008928571428571428
0 0.5773809523809523 0.5163690476190477 0.011904761904761904 0.002976190476190476
0 0.5639880952380952 0.5044642857142857 0.002976190476190476 0.002976190476190476
0 0.5818452380952381 0.5059523809523809 0.026785714285714284 0.011904761904761904
