0 0.6086309523809523 0.8318452380952381 0.002976190476190476 0.002976190476190476
0 0.49702380952380953 0.8273809523809523 0.005952380952380952 0.011904761904761904
0 0.5014880952380952 0.8139880952380952 0.002976190476190476 0.002976190476190476
0 0.5386904761904762 0.8050595238095238 0.005952380952380952 0.002976190476190476
0 0.4375 0.7886904761904762 0.017857142857142856 0.005952380952380952
0 0.46130952380952384 0.7514880952380952 0.023809523809523808 0.01488095238095238
0 0.5729166666666666 0.7366071428571429 0.03869047619047619 0.002976190476190476
0 0.5163690476190477 0.7336309523809523 0.03869047619047619 0.002976190476190476
0 0.5997023809523809 0.6889880952380952 0.002976190476190476 0.002976190476190476
0 0.5744047619047619 0.6889880952380952 0.005952380952380952 0.002976190476190476
0 0.5892857142857143 0.6651785714285714 0.011904761904761904 0.002976190476190476
0 0.75 0.6592261904761905 0.005952380952380952 0.002976190476190476
0 0.5952380952380952 0.7410714285714286 0.25 0.16666666666666666
0 0.6279761904761905 0.6577380952380952 0.005952380952380952 0.005952380952380952
0 0.5565476190476191 0.6413690476190477 0.023809523809523808 0.01488095238095238
0 0.43154761904761907 0.6875 0.09523809523809523 0.11904761904761904
0 0.6622023809523809 0.6175595238095238 0.002976190476190476 0.002976190476190476
0 0.7693452380952381 0.6369047619047619 0.03869047619047619 0.047619047619047616
0 0.6324404761904762 0.6145833333333334 0.008928571428571428 0.002976190476190476
0 0.5074404761904762 0.5669642857142857 0.026785714285714284 0.002976190476190476
0 0.65625 0.5178571428571429 0.026785714285714284 0.023809523809523808
