0 0.5669642857142857 0.7514880952380952 0.002976190476190476 0.002976190476190476
0 0.6324404761904762 0.7127976190476191 0.002976190476190476 0.002976190476190476
0 0.5580357142857143 0.6949404761904762 0.002976190476190476 0.002976190476190476
0 0.5446428571428571 0.6949404761904762 0.005952380952380952 0.002976190476190476
0 0.42410714285714285 0.7068452380952381 0.050595238095238096 0.03869047619047619
0 0.38839285714285715 0.6741071428571429 0.002976190476190476 0.002976190476190476
0 0.4211309523809524 0.6770833333333334 0.050595238095238096 0.01488095238095238
0 0.5446428571428571 0.7098214285714286 0.20833333333333334 0.10416666666666667
0 0.6443452380952381 0.5610119047619048 0.002976190476190476 0.002976190476190476
0 0.6622023809523809 0.5520833333333334 0.002976190476190476 0.002976190476190476
0 0.625 0.5565476190476191 0.023809523809523808 0.011904761904761904
0 0.6800595238095238 0.5476190476190477 0.03869047619047619 0.011904761904761904
0 0.6889880952380952 0.5372023809523809 0.020833333333333332 0.002976190476190476
0 0.7410714285714286 0.53125 0.017857142857142856 0.008928571428571428
0 0.6101190476190477 0.5193452380952381 0.005952380952380952 0.002976190476190476
0 0.6235119047619048 0.5163690476190477 0.01488095238095238 0.002976190476190476
0 0.6324404761904762 0.5074404761904762 0.020833333333333332 0.002976190476190476
0 0.6190476190476191 0.5014880952380952 0.005952380952380952 0.002976190476190476
0 0.6354166666666666 0.49255952380952384 0.020833333333333332 0.002976190476190476
