0 0.5535714285714286 0.8288690476190477 0.017857142857142856 0.008928571428571428
0 0.40327380952380953 0.7366071428571429 0.002976190476190476 0.002976190476190476
0 0.5372023809523809 0.7247023809523809 0.01488095238095238 0.002976190476190476
0 0.45089285714285715 0.7395833333333334 0.0625 0.03273809523809524
0 0.5059523809523809 0.71875 0.023809523809523808 0.008928571428571428
0 0.4419642857142857 0.7157738095238095 0.008928571428571428 0.002976190476190476
0 0.4732142857142857 0.7142857142857143 0.023809523809523808 0.005952380952380952
0 0.4538690476190476 0.7127976190476191 0.002976190476190476 0.002976190476190476
0 0.40773809523809523 0.7127976190476191 0.005952380952380952 0.002976190476190476
0 0.5997023809523809 0.7068452380952381 0.002976190476190476 0.002976190476190476
0 0.3794642857142857 0.6979166666666666 0.01488095238095238 0.008928571428571428
0 0.6770833333333334 0.6502976190476191 0.008928571428571428 0.008928571428571428
0 0.5744047619047619 0.6473214285714286 0.005952380952380952 0.002976190476190476
0 0.46726190476190477 0.6428571428571429 0.005952380952380952 0.005952380952380952
0 0.5357142857142857 0.6354166666666666 0.005952380952380952 0.002976190476190476
0 0.6651785714285714 0.6815476190476191 0.1636904761904762 0.125
0 0.5163690476190477 0.6235119047619048 0.03869047619047619 0.01488095238095238
0 0.5714285714285714 0.6279761904761905 0.09523809523809523 0.02976190476190476
0 0.49851190476190477 0.6086309523809523 0.002976190476190476 0.002976190476190476
0 0.6071428571428571 0.6071428571428571 0.017857142857142856 0.005952380952380952
0 0.5357142857142857 0.6056547619047619 0.011904761904761904 0.002976190476190476
0 0.5133928571428571 0.6056547619047619 0.020833333333333332 0.008928571428571428
0 0.5074404761904762 0.6026785714285714 0.002976190476190476 0.002976190476190476
0 0.53125 0.59375 0.01488095238095238 0.002976190476190476
0 0.5610119047619048 0.5803571428571429 0.01488095238095238 0.005952380952380952
0 0.5565476190476191 0.5699404761904762 0.017857142857142856 0.002976190476190476
0 0.5074404761904762 0.5758928571428571 0.06845238095238096 0.026785714285714284
0 0.4895833333333333 0.5610119047619048 0.002976190476190476 0.002976190476190476
0 0.5178571428571429 0.5580357142857143 0.005952380952380952 0.002976190476190476
0 0.6770833333333334 0.5401785714285714 0.002976190476190476 0.002976190476190476
0 0.6413690476190477 0.5401785714285714 0.002976190476190476 0.002976190476190476
0 0.6696428571428571 0.5372023809523809 0.005952380952380952 0.002976190476190476
0 0.6547619047619048 0.5386904761904762 0.017857142857142856 0.005952380952380952
0 0.6622023809523809 0.53125 0.008928571428571428 0.002976190476190476
0 0.6800595238095238 0.5297619047619048 0.002976190476190476 0.005952380952380952
0 0.6517857142857143 0.5282738095238095 0.005952380952380952 0.002976190476190476
0 0.625 0.5282738095238095 0.017857142857142856 0.008928571428571428
0 0.6681547619047619 0.5223214285714286 0.002976190476190476 0.002976190476190476
0 0.7336309523809523 0.5089285714285714 0.020833333333333332 0.005952380952380952
0 0.6547619047619048 0.5044642857142857 0.03571428571428571 0.01488095238095238
0 0.6651785714285714 0.49255952380952384 0.008928571428571428 0.002976190476190476
