0 0.5654761904761905 0.8541666666666666 0.02976190476190476 0.017857142857142856
0 0.5133928571428571 0.8258928571428571 0.002976190476190476 0.002976190476190476
0 0.5119047619047619 0.8199404761904762 0.005952380952380952 0.002976190476190476
0 0.4880952380952381 0.8139880952380952 0.005952380952380952 0.002976190476190476
0 0.5223214285714286 0.7678571428571429 0.11607142857142858 0.125
0 0.43898809523809523 0.7068452380952381 0.020833333333333332 0.002976190476190476
0 0.7366071428571429 0.65625 0.01488095238095238 0.008928571428571428
0 0.7485119047619048 0.6383928571428571 0.008928571428571428 0.008928571428571428
0 0.6770833333333334 0.6294642857142857 0.002976190476190476 0.002976190476190476
0 0.6532738095238095 0.6264880952380952 0.002976190476190476 0.002976190476190476
0 0.6517857142857143 0.6741071428571429 0.14285714285714285 0.12797619047619047
0 0.6160714285714286 0.6130952380952381 0.047619047619047616 0.005952380952380952
0 0.5684523809523809 0.6071428571428571 0.041666666666666664 0.005952380952380952
0 0.6830357142857143 0.49107142857142855 0.026785714285714284 0.005952380952380952
