0 0.43154761904761907 0.7217261904761905 0.02976190476190476 0.01488095238095238
0 0.5684523809523809 0.7098214285714286 0.03571428571428571 0.002976190476190476
0 0.43005952380952384 0.7098214285714286 0.008928571428571428 0.002976190476190476
0 0.39285714285714285 0.7113095238095238 0.02976190476190476 0.005952380952380952
0 0.59375 0.7053571428571429 0.008928571428571428 0.005952380952380952
0 0.5877976190476191 0.6979166666666666 0.002976190476190476 0.002976190476190476
0 0.5282738095238095 0.7559523809523809 0.15178571428571427 0.11904761904761904
0 0.39285714285714285 0.6904761904761905 0.023809523809523808 0.011904761904761904
0 0.3913690476190476 0.6755952380952381 0.01488095238095238 0.011904761904761904
0 0.6205357142857143 0.6651785714285714 0.002976190476190476 0.002976190476190476
0 0.40029761904761907 0.6502976190476191 0.002976190476190476 0.002976190476190476
0 0.6800595238095238 0.6145833333333334 0.002976190476190476 0.002976190476190476
0 0.6815476190476191 0.6770833333333334 0.17857142857142858 0.13988095238095238
0 0.5059523809523809 0.5669642857142857 0.005952380952380952 0.002976190476190476
0 0.5788690476190477 0.5699404761904762 0.03273809523809524 0.01488095238095238
0 0.4806547619047619 0.5639880952380952 0.002976190476190476 0.002976190476190476
0 0.49851190476190477 0.5610119047619048 0.002976190476190476 0.002976190476190476
0 0.6919642857142857 0.5089285714285714 0.01488095238095238 0.011904761904761904
0 0.6666666666666666 0.5 0.011904761904761904 0.005952380952380952
0 0.6904761904761905 0.49404761904761907 0.02976190476190476 0.005952380952380952
0 0.6636904761904762 0.4791666666666667 0.011904761904761904 0.005952380952380952
