0 0.5297619047619048 0.7485119047619048 0.011904761904761904 0.002976190476190476
0 0.5089285714285714 0.7366071428571429 0.011904761904761904 0.008928571428571428
0 0.53125 0.7261904761904762 0.008928571428571428 0.005952380952380952
0 0.6726190476190477 0.6264880952380952 0.011904761904761904 0.002976190476190476
0 0.5907738095238095 0.6264880952380952 0.002976190476190476 0.002976190476190476
0 0.6681547619047619 0.6205357142857143 0.008928571428571428 0.002976190476190476
0 0.6592261904761905 0.6145833333333334 0.002976190476190476 0.002976190476190476
0 0.5595238095238095 0.59375 0.011904761904761904 0.002976190476190476
0 0.6026785714285714 0.6175595238095238 0.15773809523809523 0.0625
0 0.47767857142857145 0.5550595238095238 0.01488095238095238 0.002976190476190476
