0 0.48660714285714285 0.8199404761904762 0.008928571428571428 0.002976190476190476
0 0.5907738095238095 0.7946428571428571 0.008928571428571428 0.005952380952380952
0 0.53125 0.7574404761904762 0.002976190476190476 0.002976190476190476
0 0.45982142857142855 0.7098214285714286 0.002976190476190476 0.002976190476190476
0 0.5818452380952381 0.7038690476190477 0.002976190476190476 0.002976190476190476
0 0.625 0.7410714285714286 0.14285714285714285 0.13095238095238096
0 0.6458333333333334 0.6711309523809523 0.005952380952380952 0.002976190476190476
0 0.6488095238095238 0.6651785714285714 0.017857142857142856 0.002976190476190476
0 0.6294642857142857 0.6651785714285714 0.002976190476190476 0.002976190476190476
0 0.4419642857142857 0.7336309523809523 0.17559523809523808 0.13988095238095238
0 0.4226190476190476 0.65625 0.011904761904761904 0.008928571428571428
0 0.42410714285714285 0.6443452380952381 0.002976190476190476 0.002976190476190476
0 0.41369047619047616 0.6443452380952381 0.005952380952380952 0.002976190476190476
0 0.6443452380952381 0.6502976190476191 0.026785714285714284 0.020833333333333332
0 0.5133928571428571 0.6205357142857143 0.008928571428571428 0.002976190476190476
0 0.5 0.5550595238095238 0.005952380952380952 0.002976190476190476
0 0.5059523809523809 0.5625 0.041666666666666664 0.02976190476190476
0 0.6755952380952381 0.5446428571428571 0.023809523809523808 0.005952380952380952
0 0.6354166666666666 0.5416666666666666 0.020833333333333332 0.005952380952380952
0 0.7038690476190477 0.5252976190476191 0.008928571428571428 0.002976190476190476
0 0.6101190476190477 0.5133928571428571 0.005952380952380952 0.002976190476190476
0 0.7276785714285714 0.5133928571428571 0.020833333333333332 0.008928571428571428
0 0.6309523809523809 0.5223214285714286 0.06547619047619048 0.026785714285714284
0 0.6607142857142857 0.4955357142857143 0.10119047619047619 0.020833333333333332
