0 0.5729166666666666 0.8050595238095238 0.01488095238095238 0.01488095238095238
0 0.5639880952380952 0.7931547619047619 0.002976190476190476 0.002976190476190476
0 0.5758928571428571 0.7693452380952381 0.002976190476190476 0.002976190476190476
0 0.6577380952380952 0.7633928571428571 0.005952380952380952 0.002976190476190476
0 0.6428571428571429 0.7514880952380952 0.005952380952380952 0.002976190476190476
0 0.36755952380952384 0.7485119047619048 0.002976190476190476 0.002976190476190476
0 0.5699404761904762 0.7068452380952381 0.002976190476190476 0.002976190476190476
0 0.5223214285714286 0.6979166666666666 0.05654761904761905 0.020833333333333332
0 0.6220238095238095 0.6741071428571429 0.017857142857142856 0.008928571428571428
0 0.5059523809523809 0.7232142857142857 0.31547619047619047 0.18452380952380953
0 0.6785714285714286 0.5580357142857143 0.005952380952380952 0.002976190476190476
0 0.6755952380952381 0.5401785714285714 0.005952380952380952 0.002976190476190476
0 0.5773809523809523 0.5461309523809523 0.05357142857142857 0.03273809523809524
0 0.6443452380952381 0.5282738095238095 0.03869047619047619 0.020833333333333332
0 0.6354166666666666 0.5133928571428571 0.026785714285714284 0.002976190476190476
