0 0.5684523809523809 0.8586309523809523 0.017857142857142856 0.01488095238095238
0 0.5089285714285714 0.8392857142857143 0.005952380952380952 0.005952380952380952
0 0.48214285714285715 0.8333333333333334 0.005952380952380952 0.005952380952380952
0 0.4806547619047619 0.8258928571428571 0.002976190476190476 0.002976190476190476
0 0.47767857142857145 0.8005952380952381 0.01488095238095238 0.023809523809523808
0 0.5208333333333334 0.7991071428571429 0.02976190476190476 0.03273809523809524
0 0.5163690476190477 0.7574404761904762 0.002976190476190476 0.002976190476190476
0 0.5014880952380952 0.7678571428571429 0.020833333333333332 0.023809523809523808
0 0.47023809523809523 0.7291666666666666 0.005952380952380952 0.005952380952380952
0 0.4836309523809524 0.7247023809523809 0.03273809523809524 0.008928571428571428
0 0.49255952380952384 0.7157738095238095 0.002976190476190476 0.002976190476190476
0 0.5401785714285714 0.7455357142857143 0.05654761904761905 0.06845238095238096
0 0.6815476190476191 0.7098214285714286 0.005952380952380952 0.002976190476190476
0 0.6264880952380952 0.6696428571428571 0.002976190476190476 0.005952380952380952
0 0.7142857142857143 0.6502976190476191 0.005952380952380952 0.002976190476190476
0 0.75 0.6473214285714286 0.005952380952380952 0.002976190476190476
0 0.7053571428571429 0.6443452380952381 0.005952380952380952 0.002976190476190476
0 0.6443452380952381 0.6681547619047619 0.13988095238095238 0.12797619047619047
0 0.6443452380952381 0.6056547619047619 0.002976190476190476 0.002976190476190476
0 0.5565476190476191 0.5997023809523809 0.07738095238095238 0.020833333333333332
0 0.5193452380952381 0.5818452380952381 0.002976190476190476 0.002976190476190476
0 0.49107142857142855 0.5654761904761905 0.041666666666666664 0.023809523809523808
0 0.4732142857142857 0.5520833333333334 0.005952380952380952 0.002976190476190476
0 0.4732142857142857 0.5461309523809523 0.011904761904761904 0.002976190476190476
0 0.7083333333333334 0.49255952380952384 0.005952380952380952 0.002976190476190476
0 0.6815476190476191 0.49107142857142855 0.02976190476190476 0.011904761904761904
