0 0.5699404761904762 0.8229166666666666 0.020833333333333332 0.008928571428571428
0 0.43452380952380953 0.7842261904761905 0.005952380952380952 0.002976190476190476
0 0.6235119047619048 0.7723214285714286 0.002976190476190476 0.002976190476190476
0 0.42410714285714285 0.7395833333333334 0.008928571428571428 0.002976190476190476
0 0.6755952380952381 0.6889880952380952 0.005952380952380952 0.002976190476190476
0 0.4166666666666667 0.7023809523809523 0.08333333333333333 0.07142857142857142
0 0.35119047619047616 0.6651785714285714 0.005952380952380952 0.002976190476190476
0 0.41220238095238093 0.6532738095238095 0.026785714285714284 0.01488095238095238
0 0.38095238095238093 0.6532738095238095 0.041666666666666664 0.020833333333333332
0 0.5505952380952381 0.6354166666666666 0.005952380952380952 0.002976190476190476
0 0.4732142857142857 0.6235119047619048 0.017857142857142856 0.002976190476190476
0 0.6383928571428571 0.6205357142857143 0.008928571428571428 0.002976190476190476
0 0.6145833333333334 0.6175595238095238 0.002976190476190476 0.002976190476190476
0 0.6071428571428571 0.7068452380952381 0.32142857142857145 0.20535714285714285
0 0.6547619047619048 0.6101190476190477 0.03571428571428571 0.011904761904761904
0 0.6354166666666666 0.6041666666666666 0.01488095238095238 0.005952380952380952
0 0.5833333333333334 0.5729166666666666 0.03571428571428571 0.020833333333333332
0 0.5133928571428571 0.5580357142857143 0.002976190476190476 0.002976190476190476
0 0.6875 0.5044642857142857 0.02976190476190476 0.03273809523809524
