0 0.6116071428571429 0.8288690476190477 0.002976190476190476 0.002976190476190476
0 0.45535714285714285 0.8318452380952381 0.005952380952380952 0.008928571428571428
0 0.5922619047619048 0.8258928571428571 0.005952380952380952 0.002976190476190476
0 0.6413690476190477 0.8110119047619048 0.03869047619047619 0.008928571428571428
0 0.43005952380952384 0.7872023809523809 0.002976190476190476 0.002976190476190476
0 0.6889880952380952 0.7842261904761905 0.008928571428571428 0.002976190476190476
0 0.5431547619047619 0.7321428571428571 0.08035714285714286 0.02976190476190476
0 0.5550595238095238 0.7098214285714286 0.050595238095238096 0.008928571428571428
0 0.5580357142857143 0.7008928571428571 0.008928571428571428 0.002976190476190476
0 0.59375 0.6949404761904762 0.008928571428571428 0.008928571428571428
0 0.5997023809523809 0.6845238095238095 0.002976190476190476 0.005952380952380952
0 0.7291666666666666 0.6785714285714286 0.017857142857142856 0.005952380952380952
0 0.6860119047619048 0.6770833333333334 0.002976190476190476 0.002976190476190476
0 0.6160714285714286 0.6592261904761905 0.005952380952380952 0.002976190476190476
0 0.6949404761904762 0.65625 0.020833333333333332 0.002976190476190476
0 0.6160714285714286 0.6532738095238095 0.005952380952380952 0.002976190476190476
0 0.6755952380952381 0.6488095238095238 0.005952380952380952 0.005952380952380952
0 0.6324404761904762 0.6488095238095238 0.01488095238095238 0.011904761904761904
0 0.6666666666666666 0.6398809523809523 0.011904761904761904 0.005952380952380952
0 0.6413690476190477 0.6383928571428571 0.002976190476190476 0.002976190476190476
0 0.5595238095238095 0.6413690476190477 0.023809523809523808 0.01488095238095238
0 0.5505952380952381 0.6294642857142857 0.005952380952380952 0.002976190476190476
0 0.5416666666666666 0.7232142857142857 0.35714285714285715 0.20238095238095238
0 0.65625 0.6205357142857143 0.002976190476190476 0.002976190476190476
0 0.6383928571428571 0.6175595238095238 0.008928571428571428 0.002976190476190476
0 0.75 0.6428571428571429 0.047619047619047616 0.06547619047619048
0 0.5193452380952381 0.5684523809523809 0.03273809523809524 0.017857142857142856
0 0.6651785714285714 0.5238095238095238 0.026785714285714284 0.011904761904761904
0 0.6592261904761905 0.5104166666666666 0.008928571428571428 0.002976190476190476
0 0.6235119047619048 0.5163690476190477 0.03273809523809524 0.01488095238095238
0 0.6994047619047619 0.5104166666666666 0.023809523809523808 0.01488095238095238
0 0.7053571428571429 0.4806547619047619 0.011904761904761904 0.002976190476190476
0 0.6770833333333334 0.46726190476190477 0.01488095238095238 0.005952380952380952
