0 0.5193452380952381 0.8050595238095238 0.002976190476190476 0.002976190476190476
0 0.4836309523809524 0.8020833333333334 0.002976190476190476 0.002976190476190476
0 0.6145833333333334 0.7857142857142857 0.01488095238095238 0.023809523809523808
0 0.6845238095238095 0.7663690476190477 0.011904761904761904 0.002976190476190476
0 0.46130952380952384 0.7529761904761905 0.023809523809523808 0.011904761904761904
0 0.5699404761904762 0.7366071428571429 0.03869047619047619 0.002976190476190476
0 0.5133928571428571 0.7336309523809523 0.03869047619047619 0.002976190476190476
0 0.5922619047619048 0.6889880952380952 0.011904761904761904 0.002976190476190476
0 0.5758928571428571 0.6889880952380952 0.008928571428571428 0.002976190476190476
0 0.5863095238095238 0.6651785714285714 0.017857142857142856 0.002976190476190476
0 0.5952380952380952 0.7410714285714286 0.25 0.16666666666666666
0 0.6458333333333334 0.6592261904761905 0.005952380952380952 0.002976190476190476
0 0.6309523809523809 0.6607142857142857 0.011904761904761904 0.005952380952380952
0 0.5505952380952381 0.6443452380952381 0.017857142857142856 0.008928571428571428
0 0.43154761904761907 0.6875 0.08928571428571429 0.11904761904761904
0 0.65625 0.6175595238095238 0.002976190476190476 0.002976190476190476
0 0.7693452380952381 0.6369047619047619 0.03869047619047619 0.047619047619047616
0 0.6309523809523809 0.6145833333333334 0.005952380952380952 0.002976190476190476
0 0.5193452380952381 0.5669642857142857 0.002976190476190476 0.002976190476190476
0 0.5029761904761905 0.5669642857142857 0.017857142857142856 0.002976190476190476
0 0.6547619047619048 0.5193452380952381 0.023809523809523808 0.020833333333333332
