0 0.3943452380952381 0.8244047619047619 0.002976190476190476 0.005952380952380952
0 0.4568452380952381 0.7306547619047619 0.008928571428571428 0.002976190476190476
0 0.5327380952380952 0.71875 0.19047619047619047 0.08630952380952381
0 0.4181547619047619 0.7008928571428571 0.0625 0.0625
0 0.6264880952380952 0.6711309523809523 0.026785714285714284 0.020833333333333332
0 0.5773809523809523 0.6101190476190477 0.023809523809523808 0.005952380952380952
0 0.5982142857142857 0.59375 0.03571428571428571 0.01488095238095238
0 0.5967261904761905 0.5714285714285714 0.044642857142857144 0.017857142857142856
0 0.5580357142857143 0.5431547619047619 0.044642857142857144 0.01488095238095238
0 0.6324404761904762 0.5193452380952381 0.008928571428571428 0.002976190476190476
0 0.6190476190476191 0.5148809523809523 0.017857142857142856 0.005952380952380952
0 0.6383928571428571 0.4955357142857143 0.008928571428571428 0.002976190476190476
