0 0.40029761904761907 0.7068452380952381 0.002976190476190476 0.002976190476190476
0 0.5178571428571429 0.6845238095238095 0.005952380952380952 0.005952380952380952
0 0.6889880952380952 0.6711309523809523 0.01488095238095238 0.002976190476190476
0 0.3898809523809524 0.6622023809523809 0.005952380952380952 0.002976190476190476
0 0.37648809523809523 0.6622023809523809 0.008928571428571428 0.002976190476190476
0 0.41369047619047616 0.6502976190476191 0.011904761904761904 0.002976190476190476
0 0.4017857142857143 0.6502976190476191 0.005952380952380952 0.002976190476190476
0 0.5208333333333334 0.7023809523809523 0.2619047619047619 0.11904761904761904
0 0.4330357142857143 0.6473214285714286 0.01488095238095238 0.01488095238095238
0 0.46875 0.6383928571428571 0.008928571428571428 0.002976190476190476
0 0.6175595238095238 0.5595238095238095 0.020833333333333332 0.011904761904761904
0 0.6830357142857143 0.5476190476190477 0.020833333333333332 0.005952380952380952
0 0.6845238095238095 0.5386904761904762 0.023809523809523808 0.005952380952380952
0 0.6101190476190477 0.5267857142857143 0.017857142857142856 0.005952380952380952
0 0.6175595238095238 0.5193452380952381 0.008928571428571428 0.002976190476190476
0 0.6235119047619048 0.5074404761904762 0.01488095238095238 0.002976190476190476
0 0.5773809523809523 0.5044642857142857 0.017857142857142856 0.002976190476190476
