0 0.47023809523809523 0.7604166666666666 0.005952380952380952 0.002976190476190476
0 0.44047619047619047 0.7425595238095238 0.011904761904761904 0.002976190476190476
0 0.6666666666666666 0.7247023809523809 0.005952380952380952 0.002976190476190476
0 0.3869047619047619 0.6622023809523809 0.005952380952380952 0.002976190476190476
0 0.39880952380952384 0.65625 0.017857142857142856 0.002976190476190476
0 0.42410714285714285 0.6532738095238095 0.002976190476190476 0.002976190476190476
0 0.5238095238095238 0.7083333333333334 0.2619047619047619 0.11904761904761904
0 0.6964285714285714 0.5550595238095238 0.005952380952380952 0.002976190476190476
0 0.6235119047619048 0.5580357142857143 0.044642857142857144 0.020833333333333332
0 0.6904761904761905 0.5416666666666666 0.05357142857142857 0.023809523809523808
0 0.6235119047619048 0.5163690476190477 0.044642857142857144 0.03273809523809524
