0 0.5446428571428571 0.7380952380952381 0.011904761904761904 0.005952380952380952
0 0.6919642857142857 0.7336309523809523 0.002976190476190476 0.002976190476190476
0 0.5669642857142857 0.7366071428571429 0.01488095238095238 0.008928571428571428
0 0.5193452380952381 0.7261904761904762 0.01488095238095238 0.011904761904761904
0 0.48660714285714285 0.7127976190476191 0.008928571428571428 0.002976190476190476
0 0.40922619047619047 0.7127976190476191 0.008928571428571428 0.002976190476190476
0 0.4494047619047619 0.7366071428571429 0.1130952380952381 0.05654761904761905
0 0.3794642857142857 0.6994047619047619 0.020833333333333332 0.017857142857142856
0 0.7217261904761905 0.6889880952380952 0.008928571428571428 0.002976190476190476
0 0.37648809523809523 0.6830357142857143 0.008928571428571428 0.008928571428571428
0 0.6532738095238095 0.71875 0.15178571428571427 0.09226190476190477
0 0.6696428571428571 0.6681547619047619 0.005952380952380952 0.002976190476190476
0 0.5848214285714286 0.6339285714285714 0.008928571428571428 0.005952380952380952
0 0.5595238095238095 0.6324404761904762 0.011904761904761904 0.002976190476190476
0 0.6532738095238095 0.6264880952380952 0.05654761904761905 0.008928571428571428
0 0.46726190476190477 0.6235119047619048 0.005952380952380952 0.002976190476190476
0 0.7619047619047619 0.6473214285714286 0.06547619047619048 0.05654761904761905
0 0.6547619047619048 0.6205357142857143 0.005952380952380952 0.002976190476190476
0 0.5446428571428571 0.6205357142857143 0.005952380952380952 0.002976190476190476
0 0.49851190476190477 0.6220238095238095 0.01488095238095238 0.011904761904761904
0 0.5520833333333334 0.6145833333333334 0.002976190476190476 0.002976190476190476
0 0.5744047619047619 0.5892857142857143 0.023809523809523808 0.011904761904761904
0 0.5848214285714286 0.5803571428571429 0.01488095238095238 0.005952380952380952
0 0.5178571428571429 0.5744047619047619 0.02976190476190476 0.005952380952380952
0 0.5669642857142857 0.5744047619047619 0.026785714285714284 0.011904761904761904
0 0.53125 0.5520833333333334 0.002976190476190476 0.002976190476190476
0 0.49851190476190477 0.5654761904761905 0.050595238095238096 0.02976190476190476
0 0.6339285714285714 0.5327380952380952 0.011904761904761904 0.011904761904761904
0 0.6205357142857143 0.5282738095238095 0.008928571428571428 0.002976190476190476
0 0.6116071428571429 0.5282738095238095 0.002976190476190476 0.002976190476190476
0 0.6711309523809523 0.5297619047619048 0.05654761904761905 0.023809523809523808
0 0.7038690476190477 0.49851190476190477 0.01488095238095238 0.002976190476190476
0 0.6428571428571429 0.5089285714285714 0.03571428571428571 0.023809523809523808
0 0.6086309523809523 0.49851190476190477 0.01488095238095238 0.008928571428571428
0 0.6636904761904762 0.48214285714285715 0.017857142857142856 0.005952380952380952
