0 0.6473214285714286 0.7886904761904762 0.008928571428571428 0.005952380952380952
0 0.625 0.7901785714285714 0.011904761904761904 0.008928571428571428
0 0.6145833333333334 0.7842261904761905 0.002976190476190476 0.002976190476190476
0 0.6101190476190477 0.7782738095238095 0.005952380952380952 0.002976190476190476
0 0.6145833333333334 0.7663690476190477 0.002976190476190476 0.002976190476190476
0 0.6741071428571429 0.7395833333333334 0.002976190476190476 0.002976190476190476
0 0.48214285714285715 0.7366071428571429 0.011904761904761904 0.002976190476190476
0 0.5238095238095238 0.7157738095238095 0.005952380952380952 0.002976190476190476
0 0.4255952380952381 0.7068452380952381 0.005952380952380952 0.002976190476190476
0 0.5803571428571429 0.7038690476190477 0.005952380952380952 0.002976190476190476
0 0.6398809523809523 0.6785714285714286 0.047619047619047616 0.023809523809523808
0 0.5148809523809523 0.7291666666666666 0.3333333333333333 0.17857142857142858
0 0.5267857142857143 0.5491071428571429 0.005952380952380952 0.002976190476190476
0 0.5148809523809523 0.5505952380952381 0.005952380952380952 0.005952380952380952
0 0.6755952380952381 0.5461309523809523 0.023809523809523808 0.008928571428571428
0 0.5877976190476191 0.5461309523809523 0.008928571428571428 0.008928571428571428
0 0.7529761904761905 0.53125 0.005952380952380952 0.002976190476190476
0 0.5922619047619048 0.5386904761904762 0.011904761904761904 0.017857142857142856
0 0.6875 0.5267857142857143 0.011904761904761904 0.005952380952380952
0 0.6934523809523809 0.5074404761904762 0.005952380952380952 0.002976190476190476
0 0.6502976190476191 0.5163690476190477 0.020833333333333332 0.020833333333333332
0 0.6354166666666666 0.5044642857142857 0.002976190476190476 0.002976190476190476
0 0.6815476190476191 0.5014880952380952 0.011904761904761904 0.008928571428571428
0 0.625 0.5 0.011904761904761904 0.005952380952380952
0 0.6577380952380952 0.5 0.023809523809523808 0.011904761904761904
