0 0.49702380952380953 0.8050595238095238 0.017857142857142856 0.002976190476190476
0 0.7127976190476191 0.7425595238095238 0.01488095238095238 0.002976190476190476
0 0.6577380952380952 0.7395833333333334 0.017857142857142856 0.002976190476190476
0 0.7068452380952381 0.7321428571428571 0.020833333333333332 0.011904761904761904
0 0.7127976190476191 0.7217261904761905 0.002976190476190476 0.002976190476190476
0 0.7321428571428571 0.6919642857142857 0.005952380952380952 0.002976190476190476
0 0.5833333333333334 0.6845238095238095 0.023809523809523808 0.005952380952380952
0 0.6116071428571429 0.6532738095238095 0.008928571428571428 0.008928571428571428
0 0.5967261904761905 0.6502976190476191 0.002976190476190476 0.002976190476190476
0 0.5431547619047619 0.7127976190476191 0.3005952380952381 0.12797619047619047
0 0.46726190476190477 0.6428571428571429 0.011904761904761904 0.005952380952380952
0 0.4375 0.6428571428571429 0.011904761904761904 0.005952380952380952
0 0.7961309523809523 0.6354166666666666 0.008928571428571428 0.002976190476190476
0 0.7886904761904762 0.6190476190476191 0.02976190476190476 0.011904761904761904
0 0.7693452380952381 0.6145833333333334 0.002976190476190476 0.002976190476190476
0 0.5997023809523809 0.5610119047619048 0.002976190476190476 0.002976190476190476
0 0.5952380952380952 0.5327380952380952 0.017857142857142856 0.005952380952380952
0 0.6919642857142857 0.5357142857142857 0.044642857142857144 0.017857142857142856
0 0.6339285714285714 0.5163690476190477 0.047619047619047616 0.03273809523809524
