0 0.5714285714285714 0.8571428571428571 0.005952380952380952 0.005952380952380952
0 0.5758928571428571 0.8467261904761905 0.002976190476190476 0.002976190476190476
0 0.5029761904761905 0.8169642857142857 0.005952380952380952 0.002976190476190476
0 0.7351190476190477 0.7380952380952381 0.017857142857142856 0.011904761904761904
0 0.7098214285714286 0.7157738095238095 0.01488095238095238 0.002976190476190476
0 0.5952380952380952 0.7068452380952381 0.011904761904761904 0.008928571428571428
0 0.7157738095238095 0.7023809523809523 0.020833333333333332 0.005952380952380952
0 0.5238095238095238 0.7589285714285714 0.13095238095238096 0.11904761904761904
0 0.7053571428571429 0.6919642857142857 0.005952380952380952 0.002976190476190476
0 0.39285714285714285 0.6934523809523809 0.005952380952380952 0.005952380952380952
0 0.3913690476190476 0.6770833333333334 0.008928571428571428 0.002976190476190476
0 0.3913690476190476 0.6681547619047619 0.01488095238095238 0.002976190476190476
0 0.6160714285714286 0.6458333333333334 0.005952380952380952 0.005952380952380952
0 0.6086309523809523 0.6383928571428571 0.002976190476190476 0.002976190476190476
0 0.5863095238095238 0.6324404761904762 0.017857142857142856 0.01488095238095238
0 0.6875 0.6815476190476191 0.16071428571428573 0.13095238095238096
0 0.6294642857142857 0.6175595238095238 0.002976190476190476 0.002976190476190476
0 0.6235119047619048 0.6086309523809523 0.008928571428571428 0.002976190476190476
0 0.6145833333333334 0.6086309523809523 0.002976190476190476 0.002976190476190476
0 0.7455357142857143 0.6071428571428571 0.01488095238095238 0.005952380952380952
0 0.5863095238095238 0.6056547619047619 0.011904761904761904 0.002976190476190476
0 0.5610119047619048 0.6071428571428571 0.01488095238095238 0.005952380952380952
0 0.5907738095238095 0.5669642857142857 0.002976190476190476 0.002976190476190476
0 0.5714285714285714 0.5669642857142857 0.017857142857142856 0.008928571428571428
0 0.6889880952380952 0.49255952380952384 0.03273809523809524 0.01488095238095238
