0 0.4583333333333333 0.8467261904761905 0.02976190476190476 0.01488095238095238
0 0.40773809523809523 0.8154761904761905 0.005952380952380952 0.005952380952380952
0 0.4211309523809524 0.7693452380952381 0.002976190476190476 0.002976190476190476
0 0.4017857142857143 0.7678571428571429 0.017857142857142856 0.005952380952380952
0 0.49255952380952384 0.7604166666666666 0.002976190476190476 0.002976190476190476
0 0.3898809523809524 0.7574404761904762 0.011904761904761904 0.002976190476190476
0 0.5654761904761905 0.7514880952380952 0.005952380952380952 0.002976190476190476
0 0.5535714285714286 0.7529761904761905 0.011904761904761904 0.005952380952380952
0 0.6369047619047619 0.6770833333333334 0.005952380952380952 0.002976190476190476
0 0.4642857142857143 0.7291666666666666 0.16666666666666666 0.10714285714285714
0 0.6041666666666666 0.7053571428571429 0.05952380952380952 0.08333333333333333
0 0.47172619047619047 0.65625 0.01488095238095238 0.002976190476190476
0 0.43452380952380953 0.6473214285714286 0.005952380952380952 0.002976190476190476
0 0.40922619047619047 0.6443452380952381 0.002976190476190476 0.002976190476190476
0 0.41369047619047616 0.65625 0.06547619047619048 0.03273809523809524
0 0.5848214285714286 0.5863095238095238 0.002976190476190476 0.005952380952380952
0 0.6175595238095238 0.5699404761904762 0.044642857142857144 0.020833333333333332
0 0.6264880952380952 0.5550595238095238 0.002976190476190476 0.002976190476190476
0 0.5758928571428571 0.5550595238095238 0.002976190476190476 0.002976190476190476
0 0.5818452380952381 0.5520833333333334 0.002976190476190476 0.002976190476190476
0 0.5565476190476191 0.5461309523809523 0.017857142857142856 0.008928571428571428
0 0.5342261904761905 0.5401785714285714 0.008928571428571428 0.002976190476190476
0 0.6294642857142857 0.5238095238095238 0.008928571428571428 0.005952380952380952
0 0.6264880952380952 0.5104166666666666 0.026785714285714284 0.01488095238095238
