0 0.5505952380952381 0.8288690476190477 0.017857142857142856 0.008928571428571428
0 0.5535714285714286 0.7366071428571429 0.005952380952380952 0.002976190476190476
0 0.40476190476190477 0.7351190476190477 0.017857142857142856 0.011904761904761904
0 0.45535714285714285 0.7425595238095238 0.08333333333333333 0.03869047619047619
0 0.5059523809523809 0.7202380952380952 0.017857142857142856 0.005952380952380952
0 0.3794642857142857 0.6964285714285714 0.008928571428571428 0.005952380952380952
0 0.6785714285714286 0.6488095238095238 0.005952380952380952 0.005952380952380952
0 0.6086309523809523 0.6383928571428571 0.020833333333333332 0.008928571428571428
0 0.6622023809523809 0.6845238095238095 0.1636904761904762 0.125
0 0.5773809523809523 0.6220238095238095 0.011904761904761904 0.005952380952380952
0 0.5014880952380952 0.6205357142857143 0.002976190476190476 0.002976190476190476
0 0.5476190476190477 0.6279761904761905 0.08333333333333333 0.02976190476190476
0 0.5357142857142857 0.6086309523809523 0.011904761904761904 0.002976190476190476
0 0.5133928571428571 0.6071428571428571 0.020833333333333332 0.005952380952380952
0 0.5714285714285714 0.5818452380952381 0.005952380952380952 0.002976190476190476
0 0.4806547619047619 0.5758928571428571 0.03869047619047619 0.020833333333333332
0 0.48660714285714285 0.5610119047619048 0.008928571428571428 0.002976190476190476
0 0.45982142857142855 0.5491071428571429 0.01488095238095238 0.002976190476190476
0 0.7276785714285714 0.5074404761904762 0.03869047619047619 0.008928571428571428
0 0.6904761904761905 0.5059523809523809 0.017857142857142856 0.005952380952380952
0 0.6696428571428571 0.4955357142857143 0.005952380952380952 0.002976190476190476
