0 0.40625 0.7395833333333334 0.002976190476190476 0.002976190476190476
0 0.6473214285714286 0.7336309523809523 0.020833333333333332 0.002976190476190476
0 0.37797619047619047 0.7217261904761905 0.005952380952380952 0.002976190476190476
0 0.39285714285714285 0.7202380952380952 0.017857142857142856 0.011904761904761904
0 0.3794642857142857 0.7098214285714286 0.008928571428571428 0.002976190476190476
0 0.6294642857142857 0.7068452380952381 0.002976190476190476 0.002976190476190476
0 0.6324404761904762 0.6860119047619048 0.002976190476190476 0.002976190476190476
0 0.5133928571428571 0.6830357142857143 0.002976190476190476 0.002976190476190476
0 0.5074404761904762 0.6800595238095238 0.002976190476190476 0.002976190476190476
0 0.45982142857142855 0.6800595238095238 0.008928571428571428 0.002976190476190476
0 0.49404761904761907 0.6741071428571429 0.005952380952380952 0.002976190476190476
0 0.46577380952380953 0.6711309523809523 0.008928571428571428 0.008928571428571428
0 0.37648809523809523 0.6681547619047619 0.01488095238095238 0.002976190476190476
0 0.5148809523809523 0.7127976190476191 0.25595238095238093 0.10416666666666667
0 0.3794642857142857 0.6622023809523809 0.008928571428571428 0.002976190476190476
0 0.4211309523809524 0.6517857142857143 0.008928571428571428 0.005952380952380952
0 0.40922619047619047 0.6502976190476191 0.002976190476190476 0.002976190476190476
0 0.5729166666666666 0.59375 0.002976190476190476 0.002976190476190476
0 0.5833333333333334 0.5818452380952381 0.023809523809523808 0.01488095238095238
0 0.6160714285714286 0.5699404761904762 0.005952380952380952 0.002976190476190476
0 0.59375 0.5669642857142857 0.002976190476190476 0.002976190476190476
0 0.6517857142857143 0.5580357142857143 0.005952380952380952 0.002976190476190476
0 0.6220238095238095 0.5758928571428571 0.03571428571428571 0.050595238095238096
0 0.6800595238095238 0.5491071428571429 0.002976190476190476 0.002976190476190476
0 0.6860119047619048 0.5401785714285714 0.020833333333333332 0.008928571428571428
0 0.7678571428571429 0.5342261904761905 0.005952380952380952 0.002976190476190476
0 0.7247023809523809 0.5342261904761905 0.002976190476190476 0.002976190476190476
0 0.6279761904761905 0.5297619047619048 0.005952380952380952 0.011904761904761904
0 0.6309523809523809 0.5178571428571429 0.005952380952380952 0.005952380952380952
0 0.6309523809523809 0.5089285714285714 0.005952380952380952 0.005952380952380952
0 0.6354166666666666 0.5014880952380952 0.008928571428571428 0.002976190476190476
