0 0.4642857142857143 0.84375 0.047619047619047616 0.044642857142857144
0 0.4568452380952381 0.8139880952380952 0.008928571428571428 0.002976190476190476
0 0.40773809523809523 0.8050595238095238 0.011904761904761904 0.008928571428571428
0 0.4017857142857143 0.7886904761904762 0.023809523809523808 0.005952380952380952
0 0.5520833333333334 0.7693452380952381 0.002976190476190476 0.002976190476190476
0 0.5461309523809523 0.7693452380952381 0.002976190476190476 0.002976190476190476
0 0.6383928571428571 0.7217261904761905 0.002976190476190476 0.002976190476190476
0 0.5267857142857143 0.6860119047619048 0.08928571428571429 0.020833333333333332
0 0.6145833333333334 0.7038690476190477 0.044642857142857144 0.0744047619047619
0 0.47172619047619047 0.7068452380952381 0.24702380952380953 0.15773809523809523
0 0.5922619047619048 0.5848214285714286 0.023809523809523808 0.008928571428571428
0 0.625 0.5699404761904762 0.023809523809523808 0.01488095238095238
0 0.6711309523809523 0.5372023809523809 0.002976190476190476 0.002976190476190476
0 0.6354166666666666 0.5372023809523809 0.002976190476190476 0.002976190476190476
0 0.6502976190476191 0.5342261904761905 0.008928571428571428 0.002976190476190476
0 0.6235119047619048 0.5342261904761905 0.002976190476190476 0.002976190476190476
0 0.5758928571428571 0.5461309523809523 0.0625 0.026785714285714284
0 0.6726190476190477 0.53125 0.005952380952380952 0.002976190476190476
0 0.6815476190476191 0.5386904761904762 0.09523809523809523 0.02976190476190476
0 0.6294642857142857 0.5178571428571429 0.03273809523809524 0.017857142857142856
0 0.5803571428571429 0.5104166666666666 0.023809523809523808 0.008928571428571428
