0 0.5044642857142857 0.8139880952380952 0.002976190476190476 0.002976190476190476
0 0.5922619047619048 0.7038690476190477 0.005952380952380952 0.002976190476190476
0 0.3943452380952381 0.6934523809523809 0.002976190476190476 0.005952380952380952
0 0.3913690476190476 0.6711309523809523 0.008928571428571428 0.002976190476190476
0 0.6145833333333334 0.6443452380952381 0.002976190476190476 0.002976190476190476
0 0.6235119047619048 0.6354166666666666 0.002976190476190476 0.002976190476190476
0 0.5877976190476191 0.6339285714285714 0.01488095238095238 0.011904761904761904
0 0.6116071428571429 0.7172619047619048 0.3125 0.20238095238095238
0 0.6309523809523809 0.6175595238095238 0.005952380952380952 0.002976190476190476
0 0.6666666666666666 0.6145833333333334 0.03571428571428571 0.002976190476190476
0 0.6116071428571429 0.6130952380952381 0.03273809523809524 0.005952380952380952
0 0.5833333333333334 0.6056547619047619 0.005952380952380952 0.002976190476190476
0 0.5565476190476191 0.6071428571428571 0.017857142857142856 0.005952380952380952
0 0.6875 0.49255952380952384 0.02976190476190476 0.008928571428571428
