0 0.5104166666666666 0.8110119047619048 0.002976190476190476 0.002976190476190476
0 0.5014880952380952 0.8110119047619048 0.002976190476190476 0.002976190476190476
0 0.4330357142857143 0.7306547619047619 0.002976190476190476 0.002976190476190476
0 0.43154761904761907 0.71875 0.023809523809523808 0.008928571428571428
0 0.5208333333333334 0.7604166666666666 0.13690476190476192 0.10416666666666667
0 0.39285714285714285 0.7068452380952381 0.011904761904761904 0.002976190476190476
0 0.5148809523809523 0.7038690476190477 0.011904761904761904 0.002976190476190476
0 0.5014880952380952 0.7008928571428571 0.008928571428571428 0.002976190476190476
0 0.39880952380952384 0.6934523809523809 0.011904761904761904 0.005952380952380952
0 0.3958333333333333 0.6830357142857143 0.005952380952380952 0.002976190476190476
0 0.3869047619047619 0.6770833333333334 0.011904761904761904 0.002976190476190476
0 0.39285714285714285 0.6696428571428571 0.011904761904761904 0.005952380952380952
0 0.4166666666666667 0.6502976190476191 0.005952380952380952 0.002976190476190476
0 0.6800595238095238 0.6145833333333334 0.002976190476190476 0.002976190476190476
0 0.6785714285714286 0.6785714285714286 0.17857142857142858 0.14285714285714285
0 0.6532738095238095 0.6101190476190477 0.026785714285714284 0.005952380952380952
0 0.6130952380952381 0.6086309523809523 0.017857142857142856 0.002976190476190476
0 0.5788690476190477 0.5699404761904762 0.020833333333333332 0.01488095238095238
0 0.6889880952380952 0.5133928571428571 0.002976190476190476 0.002976190476190476
0 0.6934523809523809 0.5074404761904762 0.005952380952380952 0.002976190476190476
0 0.6875 0.49255952380952384 0.023809523809523808 0.008928571428571428
