0 0.5148809523809523 0.8244047619047619 0.011904761904761904 0.017857142857142856
0 0.4732142857142857 0.8080357142857143 0.011904761904761904 0.008928571428571428
0 0.5029761904761905 0.7693452380952381 0.005952380952380952 0.002976190476190476
0 0.5654761904761905 0.7366071428571429 0.005952380952380952 0.002976190476190476
0 0.5431547619047619 0.7455357142857143 0.044642857142857144 0.044642857142857144
0 0.5238095238095238 0.71875 0.011904761904761904 0.002976190476190476
0 0.6785714285714286 0.7127976190476191 0.005952380952380952 0.002976190476190476
0 0.6026785714285714 0.7127976190476191 0.01488095238095238 0.008928571428571428
0 0.6607142857142857 0.7008928571428571 0.08928571428571429 0.05654761904761905
0 0.6517857142857143 0.65625 0.005952380952380952 0.002976190476190476
0 0.6160714285714286 0.6130952380952381 0.16071428571428573 0.07142857142857142
0 0.5208333333333334 0.5773809523809523 0.03571428571428571 0.017857142857142856
0 0.6889880952380952 0.49255952380952384 0.002976190476190476 0.002976190476190476
0 0.6741071428571429 0.4880952380952381 0.026785714285714284 0.011904761904761904
