0 0.7336309523809523 0.7380952380952381 0.01488095238095238 0.011904761904761904
0 0.42410714285714285 0.71875 0.002976190476190476 0.002976190476190476
0 0.6011904761904762 0.7172619047619048 0.005952380952380952 0.005952380952380952
0 0.44047619047619047 0.7127976190476191 0.017857142857142856 0.002976190476190476
0 0.5922619047619048 0.7068452380952381 0.011904761904761904 0.008928571428571428
0 0.5252976190476191 0.7589285714285714 0.13392857142857142 0.1130952380952381
0 0.6041666666666666 0.6949404761904762 0.005952380952380952 0.002976190476190476
0 0.7113095238095238 0.6919642857142857 0.005952380952380952 0.002976190476190476
0 0.39732142857142855 0.6949404761904762 0.008928571428571428 0.008928571428571428
0 0.38839285714285715 0.6770833333333334 0.002976190476190476 0.002976190476190476
0 0.3943452380952381 0.6681547619047619 0.01488095238095238 0.002976190476190476
0 0.3705357142857143 0.65625 0.008928571428571428 0.002976190476190476
0 0.4181547619047619 0.6502976190476191 0.008928571428571428 0.002976190476190476
0 0.6889880952380952 0.6175595238095238 0.002976190476190476 0.002976190476190476
0 0.6354166666666666 0.6175595238095238 0.002976190476190476 0.002976190476190476
0 0.6815476190476191 0.6145833333333334 0.005952380952380952 0.002976190476190476
0 0.6130952380952381 0.6086309523809523 0.005952380952380952 0.002976190476190476
0 0.5550595238095238 0.6086309523809523 0.002976190476190476 0.002976190476190476
0 0.6860119047619048 0.6770833333333334 0.1636904761904762 0.14583333333333334
0 0.5892857142857143 0.5669642857142857 0.005952380952380952 0.002976190476190476
0 0.5729166666666666 0.5699404761904762 0.020833333333333332 0.01488095238095238
0 0.6220238095238095 0.5104166666666666 0.011904761904761904 0.002976190476190476
0 0.6860119047619048 0.49255952380952384 0.026785714285714284 0.01488095238095238
