0 0.5952380952380952 0.8318452380952381 0.011904761904761904 0.008928571428571428
0 0.49851190476190477 0.8050595238095238 0.020833333333333332 0.01488095238095238
0 0.5907738095238095 0.7038690476190477 0.002976190476190476 0.002976190476190476
0 0.4851190476190476 0.7023809523809523 0.011904761904761904 0.005952380952380952
0 0.6383928571428571 0.7440476190476191 0.17559523809523808 0.1130952380952381
0 0.41369047619047616 0.6860119047619048 0.005952380952380952 0.002976190476190476
0 0.6696428571428571 0.6815476190476191 0.017857142857142856 0.005952380952380952
0 0.4181547619047619 0.6800595238095238 0.020833333333333332 0.002976190476190476
0 0.44494047619047616 0.7366071428571429 0.16964285714285715 0.11607142857142858
0 0.41220238095238093 0.6636904761904762 0.026785714285714284 0.005952380952380952
0 0.7589285714285714 0.6413690476190477 0.005952380952380952 0.002976190476190476
0 0.6264880952380952 0.6175595238095238 0.002976190476190476 0.002976190476190476
0 0.7529761904761905 0.6235119047619048 0.041666666666666664 0.026785714285714284
0 0.4895833333333333 0.5625 0.008928571428571428 0.005952380952380952
0 0.6011904761904762 0.5282738095238095 0.011904761904761904 0.002976190476190476
0 0.7053571428571429 0.5252976190476191 0.017857142857142856 0.002976190476190476
0 0.7247023809523809 0.5104166666666666 0.002976190476190476 0.002976190476190476
0 0.6428571428571429 0.5238095238095238 0.05952380952380952 0.03571428571428571
0 0.6681547619047619 0.5044642857142857 0.026785714285714284 0.008928571428571428
0 0.6949404761904762 0.4895833333333333 0.026785714285714284 0.008928571428571428
