0 0.5699404761904762 0.8214285714285714 0.01488095238095238 0.011904761904761904
0 0.4568452380952381 0.7991071428571429 0.002976190476190476 0.002976190476190476
0 0.43005952380952384 0.7276785714285714 0.008928571428571428 0.002976190476190476
0 0.4270833333333333 0.7217261904761905 0.01488095238095238 0.002976190476190476
0 0.5580357142857143 0.7098214285714286 0.01488095238095238 0.002976190476190476
0 0.71875 0.7068452380952381 0.008928571428571428 0.002976190476190476
0 0.5550595238095238 0.7038690476190477 0.002976190476190476 0.002976190476190476
0 0.5922619047619048 0.7038690476190477 0.011904761904761904 0.008928571428571428
0 0.5297619047619048 0.7559523809523809 0.15476190476190477 0.11904761904761904
0 0.7306547619047619 0.6830357142857143 0.002976190476190476 0.002976190476190476
0 0.3943452380952381 0.6860119047619048 0.03273809523809524 0.020833333333333332
0 0.38244047619047616 0.6696428571428571 0.020833333333333332 0.005952380952380952
0 0.5922619047619048 0.6383928571428571 0.005952380952380952 0.002976190476190476
0 0.6220238095238095 0.6354166666666666 0.005952380952380952 0.002976190476190476
0 0.6086309523809523 0.6369047619047619 0.008928571428571428 0.005952380952380952
0 0.5833333333333334 0.6309523809523809 0.011904761904761904 0.005952380952380952
0 0.6845238095238095 0.6770833333333334 0.17261904761904762 0.13988095238095238
0 0.5788690476190477 0.5684523809523809 0.03273809523809524 0.017857142857142856
0 0.6919642857142857 0.49255952380952384 0.03869047619047619 0.008928571428571428
0 0.6904761904761905 0.4836309523809524 0.011904761904761904 0.002976190476190476
0 0.6592261904761905 0.48214285714285715 0.020833333333333332 0.005952380952380952
