0 0.3898809523809524 0.7157738095238095 0.005952380952380952 0.002976190476190476
0 0.5461309523809523 0.7202380952380952 0.20535714285714285 0.08928571428571429
0 0.41964285714285715 0.7008928571428571 0.05357142857142857 0.0625
0 0.6279761904761905 0.6666666666666666 0.02976190476190476 0.011904761904761904
0 0.43154761904761907 0.6592261904761905 0.011904761904761904 0.002976190476190476
0 0.3854166666666667 0.65625 0.002976190476190476 0.002976190476190476
0 0.4851190476190476 0.65625 0.041666666666666664 0.008928571428571428
0 0.6934523809523809 0.5550595238095238 0.011904761904761904 0.002976190476190476
0 0.6294642857142857 0.5595238095238095 0.03869047619047619 0.017857142857142856
0 0.6889880952380952 0.5491071428571429 0.008928571428571428 0.002976190476190476
0 0.6205357142857143 0.5223214285714286 0.026785714285714284 0.01488095238095238
