0 0.5758928571428571 0.7217261904761905 0.01488095238095238 0.002976190476190476
0 0.6309523809523809 0.7127976190476191 0.005952380952380952 0.002976190476190476
0 0.42410714285714285 0.7068452380952381 0.050595238095238096 0.03869047619047619
0 0.4181547619047619 0.6785714285714286 0.05654761904761905 0.017857142857142856
0 0.5431547619047619 0.7113095238095238 0.20535714285714285 0.10119047619047619
0 0.5729166666666666 0.6116071428571429 0.002976190476190476 0.002976190476190476
0 0.6011904761904762 0.5729166666666666 0.005952380952380952 0.002976190476190476
0 0.6205357142857143 0.5580357142857143 0.01488095238095238 0.002976190476190476
0 0.6205357142857143 0.5520833333333334 0.002976190476190476 0.002976190476190476
0 0.6800595238095238 0.5461309523809523 0.03869047619047619 0.008928571428571428
0 0.6919642857142857 0.5372023809523809 0.01488095238095238 0.002976190476190476
0 0.7395833333333334 0.5297619047619048 0.020833333333333332 0.005952380952380952
0 0.6324404761904762 0.5089285714285714 0.020833333333333332 0.005952380952380952
0 0.6205357142857143 0.5014880952380952 0.002976190476190476 0.002976190476190476
0 0.6354166666666666 0.49255952380952384 0.020833333333333332 0.002976190476190476
