0 0.42857142857142855 0.7574404761904762 0.011904761904761904 0.002976190476190476
0 0.4226190476190476 0.7514880952380952 0.011904761904761904 0.002976190476190476
0 0.53125 0.7514880952380952 0.020833333333333332 0.008928571428571428
0 0.44047619047619047 0.7440476190476191 0.017857142857142856 0.005952380952380952
0 0.6160714285714286 0.7336309523809523 0.005952380952380952 0.002976190476190476
0 0.4494047619047619 0.7276785714285714 0.005952380952380952 0.002976190476190476
0 0.6711309523809523 0.6889880952380952 0.020833333333333332 0.002976190476190476
0 0.6919642857142857 0.6860119047619048 0.002976190476190476 0.002976190476190476
0 0.6026785714285714 0.6785714285714286 0.008928571428571428 0.005952380952380952
0 0.5997023809523809 0.6711309523809523 0.020833333333333332 0.002976190476190476
0 0.6875 0.6726190476190477 0.011904761904761904 0.011904761904761904
0 0.5892857142857143 0.6130952380952381 0.011904761904761904 0.005952380952380952
0 0.6160714285714286 0.6086309523809523 0.023809523809523808 0.008928571428571428
0 0.53125 0.5788690476190477 0.01488095238095238 0.008928571428571428
0 0.4255952380952381 0.5699404761904762 0.011904761904761904 0.002976190476190476
0 0.5773809523809523 0.6056547619047619 0.25595238095238093 0.12797619047619047
0 0.6979166666666666 0.5074404761904762 0.008928571428571428 0.008928571428571428
0 0.6681547619047619 0.5029761904761905 0.020833333333333332 0.005952380952380952
