0 0.5133928571428571 0.7559523809523809 0.08035714285714286 0.017857142857142856
0 0.5610119047619048 0.7485119047619048 0.01488095238095238 0.008928571428571428
0 0.46130952380952384 0.7425595238095238 0.011904761904761904 0.008928571428571428
0 0.5401785714285714 0.7366071428571429 0.03869047619047619 0.002976190476190476
0 0.4836309523809524 0.7336309523809523 0.03869047619047619 0.002976190476190476
0 0.41369047619047616 0.7306547619047619 0.005952380952380952 0.002976190476190476
0 0.6086309523809523 0.6889880952380952 0.002976190476190476 0.002976190476190476
0 0.5252976190476191 0.6830357142857143 0.002976190476190476 0.002976190476190476
0 0.4226190476190476 0.7023809523809523 0.05357142857142857 0.06547619047619048
0 0.6145833333333334 0.7008928571428571 0.08035714285714286 0.08630952380952381
0 0.43154761904761907 0.6622023809523809 0.041666666666666664 0.008928571428571428
0 0.5684523809523809 0.65625 0.023809523809523808 0.002976190476190476
0 0.5372023809523809 0.6532738095238095 0.002976190476190476 0.002976190476190476
0 0.5089285714285714 0.6532738095238095 0.017857142857142856 0.002976190476190476
0 0.46279761904761907 0.6502976190476191 0.03869047619047619 0.002976190476190476
0 0.6130952380952381 0.5654761904761905 0.023809523809523808 0.017857142857142856
0 0.6264880952380952 0.5520833333333334 0.01488095238095238 0.002976190476190476
0 0.6934523809523809 0.5401785714285714 0.03571428571428571 0.020833333333333332
0 0.6116071428571429 0.5044642857142857 0.002976190476190476 0.002976190476190476
0 0.6279761904761905 0.5163690476190477 0.03571428571428571 0.03273809523809524
