0 0.40625 0.7395833333333334 0.002976190476190476 0.002976190476190476
0 0.6413690476190477 0.7336309523809523 0.002976190476190476 0.002976190476190476
0 0.6205357142857143 0.7306547619047619 0.002976190476190476 0.002976190476190476
0 0.38839285714285715 0.7157738095238095 0.008928571428571428 0.002976190476190476
0 0.38095238095238093 0.7098214285714286 0.005952380952380952 0.002976190476190476
0 0.39880952380952384 0.7083333333333334 0.005952380952380952 0.005952380952380952
0 0.6056547619047619 0.6979166666666666 0.002976190476190476 0.002976190476190476
0 0.5074404761904762 0.6711309523809523 0.002976190476190476 0.002976190476190476
0 0.4895833333333333 0.6681547619047619 0.002976190476190476 0.002976190476190476
0 0.375 0.6681547619047619 0.011904761904761904 0.002976190476190476
0 0.5133928571428571 0.7142857142857143 0.25892857142857145 0.10119047619047619
0 0.5014880952380952 0.6651785714285714 0.002976190476190476 0.002976190476190476
0 0.4107142857142857 0.6636904761904762 0.023809523809523808 0.005952380952380952
0 0.38392857142857145 0.6622023809523809 0.005952380952380952 0.002976190476190476
0 0.4895833333333333 0.65625 0.01488095238095238 0.008928571428571428
0 0.4270833333333333 0.6517857142857143 0.01488095238095238 0.005952380952380952
0 0.4107142857142857 0.6502976190476191 0.005952380952380952 0.002976190476190476
0 0.5729166666666666 0.59375 0.002976190476190476 0.002976190476190476
0 0.6175595238095238 0.5952380952380952 0.026785714285714284 0.011904761904761904
0 0.5818452380952381 0.5833333333333334 0.01488095238095238 0.011904761904761904
0 0.6964285714285714 0.5580357142857143 0.005952380952380952 0.002976190476190476
0 0.6532738095238095 0.5550595238095238 0.002976190476190476 0.002976190476190476
0 0.6324404761904762 0.5729166666666666 0.026785714285714284 0.05654761904761905
0 0.6279761904761905 0.5401785714285714 0.005952380952380952 0.002976190476190476
0 0.6875 0.5431547619047619 0.023809523809523808 0.01488095238095238
0 0.7678571428571429 0.5342261904761905 0.005952380952380952 0.002976190476190476
0 0.7380952380952381 0.5327380952380952 0.02976190476190476 0.005952380952380952
0 0.6904761904761905 0.53125 0.005952380952380952 0.002976190476190476
0 0.6294642857142857 0.5297619047619048 0.008928571428571428 0.011904761904761904
0 0.6309523809523809 0.5178571428571429 0.005952380952380952 0.005952380952380952
0 0.6324404761904762 0.5104166666666666 0.002976190476190476 0.002976190476190476
0 0.6339285714285714 0.5014880952380952 0.011904761904761904 0.002976190476190476
0 0.6116071428571429 0.5014880952380952 0.002976190476190476 0.002976190476190476
