0 0.5133928571428571 0.8184523809523809 0.020833333333333332 0.023809523809523808
0 0.47172619047619047 0.8080357142857143 0.020833333333333332 0.01488095238095238
0 0.5193452380952381 0.7946428571428571 0.020833333333333332 0.005952380952380952
0 0.5208333333333334 0.7872023809523809 0.005952380952380952 0.002976190476190476
0 0.5446428571428571 0.7708333333333334 0.017857142857142856 0.005952380952380952
0 0.49255952380952384 0.7633928571428571 0.008928571428571428 0.002976190476190476
0 0.5 0.7633928571428571 0.023809523809523808 0.01488095238095238
0 0.5446428571428571 0.7455357142857143 0.05357142857142857 0.03869047619047619
0 0.46577380952380953 0.7276785714285714 0.002976190476190476 0.002976190476190476
0 0.4732142857142857 0.7038690476190477 0.005952380952380952 0.002976190476190476
0 0.4255952380952381 0.7023809523809523 0.023809523809523808 0.005952380952380952
0 0.6532738095238095 0.7023809523809523 0.09821428571428571 0.05952380952380952
0 0.6443452380952381 0.6651785714285714 0.020833333333333332 0.008928571428571428
0 0.5758928571428571 0.59375 0.002976190476190476 0.002976190476190476
0 0.6339285714285714 0.6220238095238095 0.13095238095238096 0.06547619047619048
0 0.6160714285714286 0.5907738095238095 0.011904761904761904 0.002976190476190476
0 0.6071428571428571 0.5848214285714286 0.005952380952380952 0.002976190476190476
0 0.5952380952380952 0.5818452380952381 0.011904761904761904 0.002976190476190476
0 0.6413690476190477 0.5729166666666666 0.01488095238095238 0.002976190476190476
0 0.5669642857142857 0.5729166666666666 0.008928571428571428 0.002976190476190476
0 0.6130952380952381 0.5610119047619048 0.005952380952380952 0.002976190476190476
0 0.5372023809523809 0.5699404761904762 0.12797619047619047 0.0744047619047619
0 0.6741071428571429 0.4895833333333333 0.026785714285714284 0.008928571428571428
