0 0.5714285714285714 0.7976190476190477 0.017857142857142856 0.005952380952380952
0 0.47619047619047616 0.7961309523809523 0.005952380952380952 0.002976190476190476
0 0.5699404761904762 0.7886904761904762 0.01488095238095238 0.005952380952380952
0 0.43601190476190477 0.7633928571428571 0.002976190476190476 0.002976190476190476
0 0.5714285714285714 0.7157738095238095 0.011904761904761904 0.002976190476190476
0 0.5758928571428571 0.7113095238095238 0.01488095238095238 0.005952380952380952
0 0.7023809523809523 0.6979166666666666 0.005952380952380952 0.002976190476190476
0 0.6309523809523809 0.7395833333333334 0.1488095238095238 0.12797619047619047
0 0.6220238095238095 0.6636904761904762 0.011904761904761904 0.005952380952380952
0 0.6458333333333334 0.6636904761904762 0.02976190476190476 0.011904761904761904
0 0.44345238095238093 0.7261904761904762 0.16666666666666666 0.16071428571428573
0 0.5059523809523809 0.6205357142857143 0.023809523809523808 0.008928571428571428
0 0.7604166666666666 0.6160714285714286 0.020833333333333332 0.011904761904761904
0 0.6741071428571429 0.5431547619047619 0.020833333333333332 0.002976190476190476
0 0.59375 0.5446428571428571 0.002976190476190476 0.005952380952380952
0 0.6086309523809523 0.5133928571428571 0.002976190476190476 0.002976190476190476
0 0.6324404761904762 0.5044642857142857 0.008928571428571428 0.002976190476190476
0 0.6235119047619048 0.5044642857142857 0.002976190476190476 0.002976190476190476
0 0.6547619047619048 0.5148809523809523 0.10714285714285714 0.041666666666666664
