0 0.5625 0.8630952380952381 0.023809523809523808 0.005952380952380952
0 0.5669642857142857 0.8541666666666666 0.008928571428571428 0.005952380952380952
0 0.5714285714285714 0.8452380952380952 0.017857142857142856 0.005952380952380952
0 0.4791666666666667 0.8318452380952381 0.011904761904761904 0.002976190476190476
0 0.5684523809523809 0.8229166666666666 0.017857142857142856 0.008928571428571428
0 0.5089285714285714 0.8139880952380952 0.011904761904761904 0.002976190476190476
0 0.4330357142857143 0.7217261904761905 0.002976190476190476 0.002976190476190476
0 0.40029761904761907 0.7068452380952381 0.008928571428571428 0.002976190476190476
0 0.5967261904761905 0.7038690476190477 0.008928571428571428 0.002976190476190476
0 0.5238095238095238 0.7619047619047619 0.1488095238095238 0.11904761904761904
0 0.46279761904761907 0.7038690476190477 0.01488095238095238 0.002976190476190476
0 0.7142857142857143 0.6994047619047619 0.023809523809523808 0.005952380952380952
0 0.3898809523809524 0.6800595238095238 0.02976190476190476 0.03273809523809524
0 0.4181547619047619 0.6473214285714286 0.008928571428571428 0.002976190476190476
0 0.6145833333333334 0.6428571428571429 0.008928571428571428 0.011904761904761904
0 0.5907738095238095 0.6354166666666666 0.01488095238095238 0.01488095238095238
0 0.6130952380952381 0.6175595238095238 0.02976190476190476 0.002976190476190476
0 0.6785714285714286 0.6755952380952381 0.17857142857142858 0.14285714285714285
0 0.5997023809523809 0.5818452380952381 0.002976190476190476 0.002976190476190476
0 0.5758928571428571 0.5699404761904762 0.03869047619047619 0.020833333333333332
0 0.5208333333333334 0.5580357142857143 0.011904761904761904 0.002976190476190476
0 0.6889880952380952 0.5163690476190477 0.002976190476190476 0.002976190476190476
0 0.6889880952380952 0.5104166666666666 0.002976190476190476 0.002976190476190476
0 0.6889880952380952 0.49255952380952384 0.044642857142857144 0.01488095238095238
0 0.6607142857142857 0.48214285714285715 0.017857142857142856 0.005952380952380952
