0 0.6235119047619048 0.7127976190476191 0.002976190476190476 0.002976190476190476
0 0.6279761904761905 0.7068452380952381 0.005952380952380952 0.002976190476190476
0 0.5089285714285714 0.6785714285714286 0.005952380952380952 0.005952380952380952
0 0.4270833333333333 0.6979166666666666 0.08035714285714286 0.05654761904761905
0 0.5431547619047619 0.7113095238095238 0.19940476190476192 0.10119047619047619
0 0.5788690476190477 0.6101190476190477 0.026785714285714284 0.005952380952380952
0 0.59375 0.59375 0.03869047619047619 0.01488095238095238
0 0.5877976190476191 0.5744047619047619 0.020833333333333332 0.005952380952380952
0 0.6056547619047619 0.5669642857142857 0.026785714285714284 0.008928571428571428
0 0.6889880952380952 0.5431547619047619 0.020833333333333332 0.002976190476190476
0 0.5431547619047619 0.5401785714285714 0.002976190476190476 0.002976190476190476
0 0.7410714285714286 0.5297619047619048 0.023809523809523808 0.005952380952380952
0 0.6339285714285714 0.49255952380952384 0.017857142857142856 0.002976190476190476
