0 0.4880952380952381 0.8199404761904762 0.011904761904761904 0.002976190476190476
0 0.5967261904761905 0.8080357142857143 0.044642857142857144 0.03273809523809524
0 0.5997023809523809 0.7931547619047619 0.008928571428571428 0.008928571428571428
0 0.43898809523809523 0.7901785714285714 0.008928571428571428 0.002976190476190476
0 0.6116071428571429 0.7782738095238095 0.008928571428571428 0.002976190476190476
0 0.6636904761904762 0.7663690476190477 0.011904761904761904 0.008928571428571428
0 0.7232142857142857 0.7470238095238095 0.011904761904761904 0.011904761904761904
0 0.5907738095238095 0.6889880952380952 0.008928571428571428 0.002976190476190476
0 0.5714285714285714 0.6889880952380952 0.005952380952380952 0.002976190476190476
0 0.5848214285714286 0.6651785714285714 0.002976190476190476 0.002976190476190476
0 0.5729166666666666 0.6651785714285714 0.008928571428571428 0.002976190476190476
0 0.6086309523809523 0.65625 0.002976190476190476 0.002976190476190476
0 0.6443452380952381 0.65625 0.03869047619047619 0.01488095238095238
0 0.5535714285714286 0.6428571428571429 0.011904761904761904 0.005952380952380952
0 0.5520833333333334 0.7127976190476191 0.33630952380952384 0.1636904761904762
0 0.4270833333333333 0.6294642857142857 0.008928571428571428 0.002976190476190476
0 0.3958333333333333 0.6264880952380952 0.005952380952380952 0.002976190476190476
0 0.7767857142857143 0.6339285714285714 0.03571428571428571 0.047619047619047616
0 0.7842261904761905 0.6086309523809523 0.002976190476190476 0.002976190476190476
0 0.6636904761904762 0.5372023809523809 0.005952380952380952 0.002976190476190476
0 0.5997023809523809 0.5252976190476191 0.020833333333333332 0.002976190476190476
0 0.6875 0.5104166666666666 0.005952380952380952 0.002976190476190476
0 0.6502976190476191 0.5193452380952381 0.03273809523809524 0.026785714285714284
0 0.6473214285714286 0.5014880952380952 0.002976190476190476 0.002976190476190476
0 0.6354166666666666 0.49851190476190477 0.002976190476190476 0.002976190476190476
