0 0.5505952380952381 0.8273809523809523 0.011904761904761904 0.005952380952380952
0 0.5401785714285714 0.7247023809523809 0.008928571428571428 0.002976190476190476
0 0.4479166666666667 0.7410714285714286 0.08630952380952381 0.03571428571428571
0 0.5059523809523809 0.71875 0.011904761904761904 0.002976190476190476
0 0.4955357142857143 0.71875 0.002976190476190476 0.002976190476190476
0 0.43154761904761907 0.71875 0.005952380952380952 0.002976190476190476
0 0.41964285714285715 0.71875 0.005952380952380952 0.002976190476190476
0 0.49404761904761907 0.7127976190476191 0.005952380952380952 0.002976190476190476
0 0.47470238095238093 0.7142857142857143 0.026785714285714284 0.005952380952380952
0 0.4479166666666667 0.7157738095238095 0.01488095238095238 0.008928571428571428
0 0.4107142857142857 0.7127976190476191 0.005952380952380952 0.002976190476190476
0 0.43452380952380953 0.7098214285714286 0.005952380952380952 0.002976190476190476
0 0.37797619047619047 0.6994047619047619 0.011904761904761904 0.005952380952380952
0 0.6726190476190477 0.6681547619047619 0.005952380952380952 0.002976190476190476
0 0.5892857142857143 0.6622023809523809 0.011904761904761904 0.002976190476190476
0 0.7038690476190477 0.6592261904761905 0.008928571428571428 0.002976190476190476
0 0.6681547619047619 0.6964285714285714 0.16964285714285715 0.10714285714285714
0 0.71875 0.6473214285714286 0.002976190476190476 0.008928571428571428
0 0.46577380952380953 0.6428571428571429 0.026785714285714284 0.005952380952380952
0 0.6101190476190477 0.6398809523809523 0.011904761904761904 0.005952380952380952
0 0.5758928571428571 0.6398809523809523 0.01488095238095238 0.005952380952380952
0 0.6205357142857143 0.6354166666666666 0.002976190476190476 0.002976190476190476
0 0.5922619047619048 0.6339285714285714 0.017857142857142856 0.011904761904761904
0 0.6964285714285714 0.6309523809523809 0.10714285714285714 0.017857142857142856
0 0.5803571428571429 0.6220238095238095 0.011904761904761904 0.005952380952380952
0 0.5520833333333334 0.6264880952380952 0.03869047619047619 0.020833333333333332
0 0.47767857142857145 0.6175595238095238 0.002976190476190476 0.002976190476190476
0 0.5550595238095238 0.6145833333333334 0.026785714285714284 0.002976190476190476
0 0.5089285714285714 0.6220238095238095 0.03571428571428571 0.017857142857142856
0 0.5133928571428571 0.6086309523809523 0.008928571428571428 0.002976190476190476
0 0.5327380952380952 0.6056547619047619 0.005952380952380952 0.002976190476190476
0 0.5818452380952381 0.5714285714285714 0.008928571428571428 0.005952380952380952
0 0.5550595238095238 0.5744047619047619 0.05654761904761905 0.023809523809523808
0 0.49702380952380953 0.5744047619047619 0.06547619047619048 0.023809523809523808
0 0.5223214285714286 0.5580357142857143 0.008928571428571428 0.002976190476190476
0 0.6681547619047619 0.5386904761904762 0.03869047619047619 0.005952380952380952
0 0.6309523809523809 0.53125 0.005952380952380952 0.002976190476190476
0 0.6636904761904762 0.5282738095238095 0.03571428571428571 0.008928571428571428
0 0.6220238095238095 0.5267857142857143 0.005952380952380952 0.005952380952380952
0 0.6726190476190477 0.5208333333333334 0.017857142857142856 0.005952380952380952
0 0.6681547619047619 0.5104166666666666 0.020833333333333332 0.002976190476190476
0 0.6502976190476191 0.5104166666666666 0.008928571428571428 0.002976190476190476
0 0.7351190476190477 0.5089285714285714 0.017857142857142856 0.005952380952380952
0 0.6502976190476191 0.5014880952380952 0.020833333333333332 0.008928571428571428
0 0.6666666666666666 0.49255952380952384 0.011904761904761904 0.002976190476190476
