0 0.5788690476190477 0.8139880952380952 0.002976190476190476 0.002976190476190476
0 0.5848214285714286 0.8080357142857143 0.002976190476190476 0.002976190476190476
0 0.5803571428571429 0.7931547619047619 0.005952380952380952 0.002976190476190476
0 0.6532738095238095 0.7559523809523809 0.002976190476190476 0.005952380952380952
0 0.6428571428571429 0.7544642857142857 0.005952380952380952 0.002976190476190476
0 0.6443452380952381 0.7425595238095238 0.008928571428571428 0.002976190476190476
0 0.6071428571428571 0.7232142857142857 0.11904761904761904 0.10119047619047619
0 0.6205357142857143 0.6681547619047619 0.008928571428571428 0.002976190476190476
0 0.3630952380952381 0.6502976190476191 0.005952380952380952 0.002976190476190476
0 0.45089285714285715 0.7217261904761905 0.1875 0.18154761904761904
0 0.6473214285714286 0.5342261904761905 0.01488095238095238 0.002976190476190476
0 0.5848214285714286 0.5446428571428571 0.03273809523809524 0.02976190476190476
0 0.6964285714285714 0.5297619047619048 0.011904761904761904 0.005952380952380952
0 0.6339285714285714 0.5252976190476191 0.005952380952380952 0.002976190476190476
0 0.6592261904761905 0.5252976190476191 0.03869047619047619 0.008928571428571428
0 0.6488095238095238 0.5119047619047619 0.011904761904761904 0.011904761904761904
