0 0.43898809523809523 0.7827380952380952 0.01488095238095238 0.011904761904761904
0 0.6086309523809523 0.7693452380952381 0.002976190476190476 0.002976190476190476
0 0.3913690476190476 0.7098214285714286 0.002976190476190476 0.002976190476190476
0 0.5729166666666666 0.6949404761904762 0.008928571428571428 0.002976190476190476
0 0.5357142857142857 0.6904761904761905 0.02976190476190476 0.005952380952380952
0 0.6130952380952381 0.65625 0.005952380952380952 0.002976190476190476
0 0.6651785714285714 0.6532738095238095 0.002976190476190476 0.002976190476190476
0 0.6383928571428571 0.6532738095238095 0.020833333333333332 0.008928571428571428
0 0.5580357142857143 0.6398809523809523 0.03273809523809524 0.017857142857142856
0 0.5416666666666666 0.7232142857142857 0.35119047619047616 0.19047619047619047
0 0.7589285714285714 0.6369047619047619 0.05357142857142857 0.05952380952380952
0 0.6235119047619048 0.53125 0.002976190476190476 0.002976190476190476
0 0.6190476190476191 0.5208333333333334 0.041666666666666664 0.017857142857142856
0 0.6592261904761905 0.5193452380952381 0.026785714285714284 0.020833333333333332
