0 0.5669642857142857 0.8571428571428571 0.01488095238095238 0.005952380952380952
0 0.5178571428571429 0.8363095238095238 0.011904761904761904 0.005952380952380952
0 0.4791666666666667 0.8318452380952381 0.011904761904761904 0.008928571428571428
0 0.4791666666666667 0.8214285714285714 0.011904761904761904 0.005952380952380952
0 0.5133928571428571 0.8080357142857143 0.008928571428571428 0.01488095238095238
0 0.47619047619047616 0.8050595238095238 0.011904761904761904 0.01488095238095238
0 0.47470238095238093 0.7931547619047619 0.01488095238095238 0.002976190476190476
0 0.43452380952380953 0.7916666666666666 0.017857142857142856 0.011904761904761904
0 0.5372023809523809 0.7842261904761905 0.002976190476190476 0.002976190476190476
0 0.5193452380952381 0.7886904761904762 0.026785714285714284 0.017857142857142856
0 0.5044642857142857 0.7648809523809523 0.026785714285714284 0.017857142857142856
0 0.4851190476190476 0.7276785714285714 0.011904761904761904 0.002976190476190476
0 0.6235119047619048 0.7247023809523809 0.002976190476190476 0.002976190476190476
0 0.6875 0.7217261904761905 0.005952380952380952 0.002976190476190476
0 0.6086309523809523 0.7157738095238095 0.002976190476190476 0.002976190476190476
0 0.5997023809523809 0.7157738095238095 0.002976190476190476 0.002976190476190476
0 0.4880952380952381 0.71875 0.011904761904761904 0.008928571428571428
0 0.5372023809523809 0.7440476190476191 0.0625 0.07142857142857142
0 0.6488095238095238 0.6666666666666666 0.13095238095238096 0.125
0 0.5848214285714286 0.6056547619047619 0.020833333333333332 0.002976190476190476
0 0.5669642857142857 0.5967261904761905 0.002976190476190476 0.002976190476190476
0 0.5446428571428571 0.5997023809523809 0.047619047619047616 0.020833333333333332
0 0.5178571428571429 0.5803571428571429 0.005952380952380952 0.005952380952380952
0 0.5044642857142857 0.5729166666666666 0.01488095238095238 0.01488095238095238
0 0.6830357142857143 0.4880952380952381 0.026785714285714284 0.011904761904761904
