0 0.5550595238095238 0.8318452380952381 0.01488095238095238 0.008928571428571428
0 0.5357142857142857 0.7529761904761905 0.017857142857142856 0.005952380952380952
0 0.59375 0.7321428571428571 0.002976190476190476 0.005952380952380952
0 0.5401785714285714 0.7247023809523809 0.008928571428571428 0.002976190476190476
0 0.44642857142857145 0.7395833333333334 0.047619047619047616 0.03273809523809524
0 0.5104166666666666 0.71875 0.026785714285714284 0.008928571428571428
0 0.47023809523809523 0.7142857142857143 0.017857142857142856 0.005952380952380952
0 0.4479166666666667 0.7127976190476191 0.002976190476190476 0.002976190476190476
0 0.3794642857142857 0.6964285714285714 0.01488095238095238 0.011904761904761904
0 0.71875 0.6800595238095238 0.002976190476190476 0.002976190476190476
0 0.6145833333333334 0.6443452380952381 0.002976190476190476 0.002976190476190476
0 0.5744047619047619 0.6220238095238095 0.011904761904761904 0.005952380952380952
0 0.5595238095238095 0.6160714285714286 0.005952380952380952 0.005952380952380952
0 0.6651785714285714 0.6726190476190477 0.15178571428571427 0.13690476190476192
0 0.5386904761904762 0.6056547619047619 0.005952380952380952 0.002976190476190476
0 0.5535714285714286 0.625 0.1130952380952381 0.047619047619047616
0 0.53125 0.59375 0.01488095238095238 0.002976190476190476
0 0.49851190476190477 0.5952380952380952 0.020833333333333332 0.005952380952380952
0 0.4895833333333333 0.5907738095238095 0.002976190476190476 0.002976190476190476
0 0.5520833333333334 0.5699404761904762 0.002976190476190476 0.002976190476190476
0 0.5223214285714286 0.5729166666666666 0.08630952380952381 0.026785714285714284
0 0.46875 0.5535714285714286 0.020833333333333332 0.005952380952380952
0 0.6636904761904762 0.5386904761904762 0.011904761904761904 0.005952380952380952
0 0.6741071428571429 0.5282738095238095 0.002976190476190476 0.002976190476190476
0 0.7366071428571429 0.5089285714285714 0.01488095238095238 0.005952380952380952
0 0.6904761904761905 0.5074404761904762 0.005952380952380952 0.002976190476190476
0 0.65625 0.5074404761904762 0.026785714285714284 0.01488095238095238
