0 0.5297619047619048 0.7514880952380952 0.023809523809523808 0.01488095238095238
0 0.43005952380952384 0.75 0.03869047619047619 0.023809523809523808
0 0.45089285714285715 0.7276785714285714 0.008928571428571428 0.002976190476190476
0 0.4732142857142857 0.7217261904761905 0.023809523809523808 0.002976190476190476
0 0.44047619047619047 0.7217261904761905 0.011904761904761904 0.002976190476190476
0 0.5386904761904762 0.7247023809523809 0.07738095238095238 0.01488095238095238
0 0.48660714285714285 0.7157738095238095 0.002976190476190476 0.002976190476190476
0 0.5223214285714286 0.6264880952380952 0.002976190476190476 0.002976190476190476
0 0.5818452380952381 0.5922619047619048 0.008928571428571428 0.005952380952380952
0 0.6101190476190477 0.5967261904761905 0.047619047619047616 0.03869047619047619
0 0.5684523809523809 0.6130952380952381 0.24404761904761904 0.14285714285714285
0 0.6934523809523809 0.5089285714285714 0.017857142857142856 0.005952380952380952
