0 0.46875 0.8526785714285714 0.008928571428571428 0.002976190476190476
0 0.46130952380952384 0.84375 0.023809523809523808 0.002976190476190476
0 0.40922619047619047 0.8154761904761905 0.008928571428571428 0.005952380952380952
0 0.47023809523809523 0.7693452380952381 0.005952380952380952 0.002976190476190476
0 0.49404761904761907 0.7589285714285714 0.011904761904761904 0.005952380952380952
0 0.3869047619047619 0.7574404761904762 0.005952380952380952 0.002976190476190476
0 0.5178571428571429 0.7663690476190477 0.08333333333333333 0.03273809523809524
0 0.5997023809523809 0.7276785714285714 0.050595238095238096 0.03869047619047619
0 0.625 0.6845238095238095 0.02976190476190476 0.041666666666666664
0 0.48660714285714285 0.6592261904761905 0.002976190476190476 0.002976190476190476
0 0.4538690476190476 0.6592261904761905 0.002976190476190476 0.002976190476190476
0 0.4732142857142857 0.65625 0.011904761904761904 0.002976190476190476
0 0.4330357142857143 0.7038690476190477 0.10416666666666667 0.11607142857142858
0 0.40922619047619047 0.6443452380952381 0.002976190476190476 0.002976190476190476
0 0.6190476190476191 0.5699404761904762 0.047619047619047616 0.020833333333333332
0 0.6264880952380952 0.5550595238095238 0.002976190476190476 0.002976190476190476
0 0.5758928571428571 0.5550595238095238 0.002976190476190476 0.002976190476190476
0 0.5639880952380952 0.5550595238095238 0.002976190476190476 0.002976190476190476
0 0.5431547619047619 0.5401785714285714 0.008928571428571428 0.002976190476190476
0 0.6279761904761905 0.5238095238095238 0.011904761904761904 0.005952380952380952
0 0.6264880952380952 0.5104166666666666 0.026785714285714284 0.01488095238095238
