0 0.6101190476190477 0.8318452380952381 0.005952380952380952 0.002976190476190476
0 0.4955357142857143 0.8303571428571429 0.008928571428571428 0.005952380952380952
0 0.49851190476190477 0.8229166666666666 0.002976190476190476 0.002976190476190476
0 0.5580357142857143 0.8050595238095238 0.002976190476190476 0.002976190476190476
0 0.44047619047619047 0.7857142857142857 0.017857142857142856 0.011904761904761904
0 0.5461309523809523 0.7901785714285714 0.15178571428571427 0.06845238095238096
0 0.46130952380952384 0.7514880952380952 0.02976190476190476 0.01488095238095238
0 0.5758928571428571 0.7366071428571429 0.03869047619047619 0.002976190476190476
0 0.5193452380952381 0.7336309523809523 0.03869047619047619 0.002976190476190476
0 0.5997023809523809 0.6889880952380952 0.002976190476190476 0.002976190476190476
0 0.7038690476190477 0.6860119047619048 0.002976190476190476 0.002976190476190476
0 0.6607142857142857 0.7247023809523809 0.11904761904761904 0.09226190476190477
0 0.6726190476190477 0.6726190476190477 0.005952380952380952 0.005952380952380952
0 0.6681547619047619 0.6622023809523809 0.008928571428571428 0.008928571428571428
0 0.6279761904761905 0.6577380952380952 0.005952380952380952 0.005952380952380952
0 0.5595238095238095 0.6428571428571429 0.02976190476190476 0.017857142857142856
0 0.43005952380952384 0.6875 0.10416666666666667 0.11904761904761904
0 0.6636904761904762 0.6175595238095238 0.005952380952380952 0.002976190476190476
0 0.7604166666666666 0.6398809523809523 0.044642857142857144 0.05357142857142857
0 0.6339285714285714 0.6145833333333334 0.005952380952380952 0.002976190476190476
0 0.5089285714285714 0.5669642857142857 0.023809523809523808 0.002976190476190476
0 0.625 0.5178571428571429 0.011904761904761904 0.005952380952380952
0 0.65625 0.5193452380952381 0.026785714285714284 0.020833333333333332
