0 0.45089285714285715 0.8735119047619048 0.008928571428571428 0.002976190476190476
0 0.4642857142857143 0.8511904761904762 0.041666666666666664 0.03571428571428571
0 0.40327380952380953 0.8095238095238095 0.020833333333333332 0.017857142857142856
0 0.5595238095238095 0.7633928571428571 0.005952380952380952 0.002976190476190476
0 0.39880952380952384 0.7663690476190477 0.041666666666666664 0.020833333333333332
0 0.6369047619047619 0.7157738095238095 0.005952380952380952 0.002976190476190476
0 0.4806547619047619 0.7440476190476191 0.2113095238095238 0.08333333333333333
0 0.5729166666666666 0.6919642857142857 0.002976190476190476 0.002976190476190476
0 0.5357142857142857 0.6860119047619048 0.06547619047619048 0.020833333333333332
0 0.6190476190476191 0.7038690476190477 0.047619047619047616 0.0744047619047619
0 0.47619047619047616 0.6577380952380952 0.023809523809523808 0.005952380952380952
0 0.41220238095238093 0.6666666666666666 0.08035714285714286 0.06547619047619048
0 0.5877976190476191 0.5848214285714286 0.020833333333333332 0.008928571428571428
0 0.6294642857142857 0.5699404761904762 0.026785714285714284 0.01488095238095238
0 0.5744047619047619 0.5446428571428571 0.05952380952380952 0.023809523809523808
0 0.6755952380952381 0.5401785714285714 0.07738095238095238 0.026785714285714284
0 0.6279761904761905 0.5163690476190477 0.02976190476190476 0.01488095238095238
0 0.5803571428571429 0.5104166666666666 0.02976190476190476 0.008928571428571428
