0 0.5386904761904762 0.7544642857142857 0.005952380952380952 0.002976190476190476
0 0.5029761904761905 0.7008928571428571 0.05357142857142857 0.020833333333333332
0 0.5967261904761905 0.6889880952380952 0.002976190476190476 0.002976190476190476
0 0.6190476190476191 0.7425595238095238 0.14285714285714285 0.13392857142857142
0 0.44642857142857145 0.7261904761904762 0.17857142857142858 0.16666666666666666
0 0.7663690476190477 0.6116071428571429 0.020833333333333332 0.002976190476190476
0 0.6741071428571429 0.5446428571428571 0.026785714285714284 0.005952380952380952
0 0.6354166666666666 0.5372023809523809 0.008928571428571428 0.002976190476190476
0 0.6532738095238095 0.5282738095238095 0.01488095238095238 0.002976190476190476
0 0.6383928571428571 0.5223214285714286 0.0625 0.026785714285714284
0 0.6889880952380952 0.49702380952380953 0.05654761904761905 0.017857142857142856
