0 0.5952380952380952 0.8110119047619048 0.02976190476190476 0.020833333333333332
0 0.5997023809523809 0.7782738095238095 0.002976190476190476 0.002976190476190476
0 0.5639880952380952 0.7366071428571429 0.03869047619047619 0.002976190476190476
0 0.5074404761904762 0.7336309523809523 0.03869047619047619 0.002976190476190476
0 0.44047619047619047 0.7321428571428571 0.06547619047619048 0.05357142857142857
0 0.5907738095238095 0.6889880952380952 0.008928571428571428 0.002976190476190476
0 0.5833333333333334 0.6651785714285714 0.017857142857142856 0.002976190476190476
0 0.5952380952380952 0.7247023809523809 0.24404761904761904 0.13392857142857142
0 0.40922619047619047 0.6651785714285714 0.044642857142857144 0.0744047619047619
0 0.43154761904761907 0.6264880952380952 0.005952380952380952 0.002976190476190476
0 0.7767857142857143 0.6354166666666666 0.041666666666666664 0.044642857142857144
0 0.5059523809523809 0.5669642857142857 0.011904761904761904 0.002976190476190476
0 0.6904761904761905 0.5431547619047619 0.017857142857142856 0.002976190476190476
0 0.6845238095238095 0.5372023809523809 0.005952380952380952 0.002976190476190476
0 0.6488095238095238 0.5148809523809523 0.02976190476190476 0.02976190476190476
