0 0.5654761904761905 0.7380952380952381 0.017857142857142856 0.005952380952380952
0 0.5654761904761905 0.7306547619047619 0.011904761904761904 0.002976190476190476
0 0.5193452380952381 0.7247023809523809 0.01488095238095238 0.008928571428571428
0 0.4494047619047619 0.7425595238095238 0.10714285714285714 0.044642857142857144
0 0.7172619047619048 0.6889880952380952 0.017857142857142856 0.002976190476190476
0 0.37797619047619047 0.6919642857142857 0.023809523809523808 0.026785714285714284
0 0.6547619047619048 0.71875 0.1488095238095238 0.08630952380952381
0 0.8020833333333334 0.6651785714285714 0.002976190476190476 0.002976190476190476
0 0.7961309523809523 0.6651785714285714 0.002976190476190476 0.002976190476190476
0 0.6696428571428571 0.6666666666666666 0.005952380952380952 0.005952380952380952
0 0.5818452380952381 0.6324404761904762 0.01488095238095238 0.008928571428571428
0 0.5580357142857143 0.6279761904761905 0.020833333333333332 0.011904761904761904
0 0.5431547619047619 0.6235119047619048 0.002976190476190476 0.002976190476190476
0 0.5223214285714286 0.6205357142857143 0.008928571428571428 0.002976190476190476
0 0.7485119047619048 0.6443452380952381 0.08630952380952381 0.05654761904761905
0 0.6473214285714286 0.625 0.044642857142857144 0.017857142857142856
0 0.49255952380952384 0.6205357142857143 0.01488095238095238 0.008928571428571428
0 0.5669642857142857 0.5863095238095238 0.03273809523809524 0.017857142857142856
0 0.48214285714285715 0.5803571428571429 0.005952380952380952 0.005952380952380952
0 0.4851190476190476 0.5699404761904762 0.023809523809523808 0.008928571428571428
0 0.6354166666666666 0.5327380952380952 0.01488095238095238 0.005952380952380952
0 0.6755952380952381 0.5282738095238095 0.047619047619047616 0.020833333333333332
0 0.6443452380952381 0.5119047619047619 0.03869047619047619 0.023809523809523808
