0 0.4642857142857143 0.8556547619047619 0.005952380952380952 0.002976190476190476
0 0.46279761904761907 0.8467261904761905 0.01488095238095238 0.002976190476190476
0 0.5773809523809523 0.8050595238095238 0.03571428571428571 0.026785714285714284
0 0.6577380952380952 0.7782738095238095 0.005952380952380952 0.002976190476190476
0 0.5952380952380952 0.7425595238095238 0.005952380952380952 0.002976190476190476
0 0.34970238095238093 0.7008928571428571 0.002976190476190476 0.002976190476190476
0 0.5163690476190477 0.7008928571428571 0.05654761904761905 0.01488095238095238
0 0.6324404761904762 0.6622023809523809 0.002976190476190476 0.002976190476190476
0 0.5014880952380952 0.7232142857142857 0.3125 0.19047619047619047
0 0.34970238095238093 0.6294642857142857 0.008928571428571428 0.002976190476190476
0 0.6681547619047619 0.5535714285714286 0.03869047619047619 0.017857142857142856
0 0.6830357142857143 0.5401785714285714 0.002976190476190476 0.002976190476190476
0 0.5758928571428571 0.5446428571428571 0.05654761904761905 0.02976190476190476
0 0.75 0.5282738095238095 0.005952380952380952 0.002976190476190476
0 0.7306547619047619 0.53125 0.03273809523809524 0.008928571428571428
0 0.6622023809523809 0.5223214285714286 0.08630952380952381 0.026785714285714284
