0 0.6577380952380952 0.7380952380952381 0.005952380952380952 0.005952380952380952
0 0.7098214285714286 0.7157738095238095 0.002976190476190476 0.002976190476190476
0 0.7068452380952381 0.7098214285714286 0.002976190476190476 0.002976190476190476
0 0.5535714285714286 0.6815476190476191 0.023809523809523808 0.005952380952380952
0 0.5565476190476191 0.6741071428571429 0.017857142857142856 0.002976190476190476
0 0.5833333333333334 0.6666666666666666 0.041666666666666664 0.017857142857142856
0 0.5416666666666666 0.7127976190476191 0.30952380952380953 0.14583333333333334
0 0.7857142857142857 0.6309523809523809 0.047619047619047616 0.03571428571428571
0 0.6011904761904762 0.5327380952380952 0.017857142857142856 0.005952380952380952
0 0.6875 0.5342261904761905 0.05952380952380952 0.020833333333333332
0 0.6458333333333334 0.5163690476190477 0.041666666666666664 0.03273809523809524
