0 0.5758928571428571 0.7604166666666666 0.026785714285714284 0.008928571428571428
0 0.6875 0.7276785714285714 0.005952380952380952 0.002976190476190476
0 0.5357142857142857 0.7217261904761905 0.005952380952380952 0.002976190476190476
0 0.4583333333333333 0.7395833333333334 0.13690476190476192 0.050595238095238096
0 0.37797619047619047 0.6934523809523809 0.02976190476190476 0.03571428571428571
0 0.6354166666666666 0.71875 0.1875 0.09226190476190477
0 0.7336309523809523 0.6711309523809523 0.008928571428571428 0.002976190476190476
0 0.7113095238095238 0.6711309523809523 0.005952380952380952 0.002976190476190476
0 0.6889880952380952 0.6294642857142857 0.008928571428571428 0.002976190476190476
0 0.5580357142857143 0.625 0.026785714285714284 0.005952380952380952
0 0.6488095238095238 0.6264880952380952 0.047619047619047616 0.01488095238095238
0 0.7574404761904762 0.6458333333333334 0.08035714285714286 0.05952380952380952
0 0.5714285714285714 0.5863095238095238 0.03571428571428571 0.017857142857142856
0 0.5550595238095238 0.5729166666666666 0.01488095238095238 0.002976190476190476
0 0.65625 0.5252976190476191 0.05654761904761905 0.020833333333333332
0 0.7276785714285714 0.5074404761904762 0.002976190476190476 0.002976190476190476
0 0.6443452380952381 0.5119047619047619 0.03869047619047619 0.017857142857142856
0 0.7127976190476191 0.49851190476190477 0.002976190476190476 0.002976190476190476
