0 0.6324404761904762 0.7991071428571429 0.002976190476190476 0.002976190476190476
0 0.6220238095238095 0.7901785714285714 0.017857142857142856 0.01488095238095238
0 0.6354166666666666 0.7752976190476191 0.002976190476190476 0.002976190476190476
0 0.6101190476190477 0.7767857142857143 0.023809523809523808 0.005952380952380952
0 0.43005952380952384 0.7663690476190477 0.002976190476190476 0.002976190476190476
0 0.5252976190476191 0.7514880952380952 0.008928571428571428 0.002976190476190476
0 0.5193452380952381 0.7455357142857143 0.008928571428571428 0.002976190476190476
0 0.4806547619047619 0.7217261904761905 0.002976190476190476 0.002976190476190476
0 0.5208333333333334 0.7142857142857143 0.011904761904761904 0.005952380952380952
0 0.5282738095238095 0.7068452380952381 0.08035714285714286 0.020833333333333332
0 0.4166666666666667 0.6934523809523809 0.005952380952380952 0.005952380952380952
0 0.6383928571428571 0.6785714285714286 0.03273809523809524 0.017857142857142856
0 0.6324404761904762 0.6651785714285714 0.008928571428571428 0.002976190476190476
0 0.5148809523809523 0.7261904761904762 0.3273809523809524 0.17261904761904762
0 0.6636904761904762 0.5491071428571429 0.005952380952380952 0.002976190476190476
0 0.6755952380952381 0.5446428571428571 0.011904761904761904 0.005952380952380952
0 0.5907738095238095 0.5446428571428571 0.020833333333333332 0.011904761904761904
0 0.6264880952380952 0.5252976190476191 0.008928571428571428 0.002976190476190476
0 0.6116071428571429 0.5223214285714286 0.008928571428571428 0.002976190476190476
0 0.6889880952380952 0.5074404761904762 0.020833333333333332 0.002976190476190476
0 0.6279761904761905 0.5044642857142857 0.017857142857142856 0.002976190476190476
0 0.7023809523809523 0.4955357142857143 0.017857142857142856 0.002976190476190476
0 0.6607142857142857 0.5133928571428571 0.05357142857142857 0.03869047619047619
