0 0.5119047619047619 0.8273809523809523 0.011904761904761904 0.005952380952380952
0 0.6488095238095238 0.7127976190476191 0.047619047619047616 0.026785714285714284
0 0.6354166666666666 0.6205357142857143 0.002976190476190476 0.002976190476190476
0 0.3958333333333333 0.6235119047619048 0.017857142857142856 0.008928571428571428
0 0.5282738095238095 0.5818452380952381 0.002976190476190476 0.002976190476190476
0 0.5997023809523809 0.5997023809523809 0.1636904761904762 0.050595238095238096
0 0.5089285714285714 0.5729166666666666 0.005952380952380952 0.002976190476190476
0 0.5178571428571429 0.5550595238095238 0.005952380952380952 0.002976190476190476
0 0.5029761904761905 0.5476190476190477 0.02976190476190476 0.011904761904761904
0 0.4806547619047619 0.5431547619047619 0.002976190476190476 0.002976190476190476
0 0.47767857142857145 0.5357142857142857 0.008928571428571428 0.005952380952380952
