0 0.46130952380952384 0.7559523809523809 0.005952380952380952 0.005952380952380952
0 0.4181547619047619 0.7455357142857143 0.002976190476190476 0.002976190476190476
0 0.4017857142857143 0.7455357142857143 0.005952380952380952 0.002976190476190476
0 0.6800595238095238 0.7336309523809523 0.008928571428571428 0.002976190476190476
0 0.3854166666666667 0.7098214285714286 0.002976190476190476 0.002976190476190476
0 0.5431547619047619 0.6949404761904762 0.008928571428571428 0.002976190476190476
0 0.38839285714285715 0.6919642857142857 0.002976190476190476 0.002976190476190476
0 0.36755952380952384 0.6681547619047619 0.020833333333333332 0.002976190476190476
0 0.3794642857142857 0.6622023809523809 0.008928571428571428 0.002976190476190476
0 0.3705357142857143 0.6622023809523809 0.002976190476190476 0.002976190476190476
0 0.43154761904761907 0.6592261904761905 0.011904761904761904 0.002976190476190476
0 0.3869047619047619 0.65625 0.005952380952380952 0.002976190476190476
0 0.5178571428571429 0.7068452380952381 0.25595238095238093 0.11607142857142858
0 0.44047619047619047 0.6517857142857143 0.011904761904761904 0.005952380952380952
0 0.42410714285714285 0.6502976190476191 0.002976190476190476 0.002976190476190476
0 0.40327380952380953 0.6488095238095238 0.03273809523809524 0.005952380952380952
0 0.6101190476190477 0.59375 0.005952380952380952 0.002976190476190476
0 0.6770833333333334 0.5550595238095238 0.002976190476190476 0.002976190476190476
0 0.7589285714285714 0.5342261904761905 0.017857142857142856 0.002976190476190476
0 0.7336309523809523 0.5342261904761905 0.01488095238095238 0.002976190476190476
0 0.65625 0.5595238095238095 0.09226190476190477 0.05952380952380952
0 0.6309523809523809 0.5178571428571429 0.02976190476190476 0.03571428571428571
0 0.6175595238095238 0.5014880952380952 0.008928571428571428 0.002976190476190476
