0 0.5074404761904762 0.8303571428571429 0.03869047619047619 0.017857142857142856
0 0.53125 0.8169642857142857 0.01488095238095238 0.002976190476190476
0 0.49702380952380953 0.8169642857142857 0.005952380952380952 0.002976190476190476
0 0.48214285714285715 0.8080357142857143 0.02976190476190476 0.002976190476190476
0 0.6011904761904762 0.7931547619047619 0.005952380952380952 0.002976190476190476
0 0.6696428571428571 0.7901785714285714 0.017857142857142856 0.008928571428571428
0 0.42857142857142855 0.7872023809523809 0.03571428571428571 0.008928571428571428
0 0.5431547619047619 0.6919642857142857 0.06845238095238096 0.008928571428571428
0 0.65625 0.6755952380952381 0.002976190476190476 0.005952380952380952
0 0.5535714285714286 0.7440476190476191 0.34523809523809523 0.16666666666666666
0 0.5729166666666666 0.6726190476190477 0.05654761904761905 0.023809523809523808
0 0.6443452380952381 0.6502976190476191 0.044642857142857144 0.020833333333333332
0 0.5520833333333334 0.6458333333333334 0.03869047619047619 0.017857142857142856
0 0.41369047619047616 0.6398809523809523 0.07738095238095238 0.041666666666666664
0 0.5654761904761905 0.6116071428571429 0.011904761904761904 0.002976190476190476
0 0.7633928571428571 0.6056547619047619 0.008928571428571428 0.002976190476190476
0 0.5431547619047619 0.6086309523809523 0.026785714285714284 0.008928571428571428
0 0.7678571428571429 0.6309523809523809 0.05357142857142857 0.05952380952380952
0 0.6041666666666666 0.5267857142857143 0.02976190476190476 0.005952380952380952
0 0.6502976190476191 0.5163690476190477 0.03869047619047619 0.03273809523809524
0 0.6279761904761905 0.4955357142857143 0.017857142857142856 0.002976190476190476
