0 0.6116071428571429 0.7961309523809523 0.002976190476190476 0.002976190476190476
0 0.6294642857142857 0.7901785714285714 0.044642857142857144 0.026785714285714284
0 0.5372023809523809 0.7782738095238095 0.002976190476190476 0.002976190476190476
0 0.5119047619047619 0.7202380952380952 0.047619047619047616 0.011904761904761904
0 0.5967261904761905 0.6889880952380952 0.002976190476190476 0.002976190476190476
0 0.5074404761904762 0.6979166666666666 0.05654761904761905 0.020833333333333332
0 0.4270833333333333 0.6741071428571429 0.002976190476190476 0.002976190476190476
0 0.5148809523809523 0.7276785714285714 0.3273809523809524 0.17559523809523808
0 0.6726190476190477 0.5446428571428571 0.023809523809523808 0.005952380952380952
0 0.5863095238095238 0.5446428571428571 0.017857142857142856 0.011904761904761904
0 0.5803571428571429 0.5342261904761905 0.011904761904761904 0.002976190476190476
0 0.6473214285714286 0.5252976190476191 0.03273809523809524 0.008928571428571428
0 0.6190476190476191 0.5238095238095238 0.017857142857142856 0.005952380952380952
0 0.6517857142857143 0.5148809523809523 0.03571428571428571 0.011904761904761904
0 0.6904761904761905 0.5 0.03571428571428571 0.011904761904761904
