0 0.4568452380952381 0.84375 0.03869047619047619 0.020833333333333332
0 0.46577380952380953 0.8273809523809523 0.01488095238095238 0.005952380952380952
0 0.5372023809523809 0.8169642857142857 0.002976190476190476 0.002976190476190476
0 0.5059523809523809 0.8139880952380952 0.017857142857142856 0.002976190476190476
0 0.46279761904761907 0.8050595238095238 0.002976190476190476 0.002976190476190476
0 0.5491071428571429 0.7633928571428571 0.008928571428571428 0.002976190476190476
0 0.6383928571428571 0.7514880952380952 0.002976190476190476 0.002976190476190476
0 0.36755952380952384 0.7008928571428571 0.002976190476190476 0.002976190476190476
0 0.6056547619047619 0.7098214285714286 0.06845238095238096 0.09226190476190477
0 0.4270833333333333 0.6651785714285714 0.002976190476190476 0.002976190476190476
0 0.45535714285714285 0.7113095238095238 0.17261904761904762 0.16071428571428573
0 0.5863095238095238 0.5863095238095238 0.011904761904761904 0.005952380952380952
0 0.6175595238095238 0.5729166666666666 0.020833333333333332 0.01488095238095238
0 0.6235119047619048 0.5610119047619048 0.002976190476190476 0.002976190476190476
0 0.6785714285714286 0.5520833333333334 0.011904761904761904 0.002976190476190476
0 0.5744047619047619 0.5461309523809523 0.05357142857142857 0.026785714285714284
0 0.6294642857142857 0.5327380952380952 0.020833333333333332 0.005952380952380952
0 0.6190476190476191 0.5133928571428571 0.005952380952380952 0.002976190476190476
0 0.6354166666666666 0.5178571428571429 0.020833333333333332 0.017857142857142856
0 0.6175595238095238 0.5074404761904762 0.008928571428571428 0.002976190476190476
