0 0.4479166666666667 0.7395833333333334 0.09821428571428571 0.044642857142857144
0 0.59375 0.7053571428571429 0.008928571428571428 0.005952380952380952
0 0.37797619047619047 0.6934523809523809 0.017857142857142856 0.005952380952380952
0 0.65625 0.6830357142857143 0.002976190476190476 0.002976190476190476
0 0.5342261904761905 0.6622023809523809 0.002976190476190476 0.002976190476190476
0 0.4895833333333333 0.6592261904761905 0.026785714285714284 0.008928571428571428
0 0.7247023809523809 0.6473214285714286 0.002976190476190476 0.002976190476190476
0 0.5729166666666666 0.6413690476190477 0.008928571428571428 0.002976190476190476
0 0.46279761904761907 0.6413690476190477 0.026785714285714284 0.008928571428571428
0 0.5505952380952381 0.625 0.02976190476190476 0.005952380952380952
0 0.6607142857142857 0.6875 0.2261904761904762 0.13690476190476192
0 0.5029761904761905 0.6190476190476191 0.02976190476190476 0.005952380952380952
0 0.48660714285714285 0.5818452380952381 0.002976190476190476 0.002976190476190476
0 0.5565476190476191 0.5803571428571429 0.05952380952380952 0.02976190476190476
0 0.5104166666666666 0.5669642857142857 0.01488095238095238 0.008928571428571428
0 0.47619047619047616 0.5654761904761905 0.017857142857142856 0.005952380952380952
0 0.6785714285714286 0.5282738095238095 0.005952380952380952 0.002976190476190476
0 0.6577380952380952 0.5252976190476191 0.023809523809523808 0.002976190476190476
0 0.6666666666666666 0.5193452380952381 0.011904761904761904 0.002976190476190476
0 0.6309523809523809 0.5193452380952381 0.005952380952380952 0.002976190476190476
0 0.65625 0.5089285714285714 0.020833333333333332 0.005952380952380952
0 0.7321428571428571 0.5074404761904762 0.023809523809523808 0.008928571428571428
0 0.6889880952380952 0.5044642857142857 0.008928571428571428 0.002976190476190476
0 0.7113095238095238 0.5029761904761905 0.011904761904761904 0.005952380952380952
0 0.6547619047619048 0.5014880952380952 0.017857142857142856 0.002976190476190476
0 0.6726190476190477 0.49107142857142855 0.017857142857142856 0.005952380952380952
