0 0.5074404761904762 0.8080357142857143 0.008928571428571428 0.002976190476190476
0 0.5699404761904762 0.7931547619047619 0.002976190476190476 0.002976190476190476
0 0.6071428571428571 0.7306547619047619 0.005952380952380952 0.002976190476190476
0 0.39285714285714285 0.7127976190476191 0.03571428571428571 0.01488095238095238
0 0.5967261904761905 0.6889880952380952 0.002976190476190476 0.002976190476190476
0 0.39880952380952384 0.6919642857142857 0.023809523809523808 0.020833333333333332
0 0.38095238095238093 0.6830357142857143 0.005952380952380952 0.002976190476190476
0 0.3898809523809524 0.6711309523809523 0.017857142857142856 0.01488095238095238
0 0.38839285714285715 0.6488095238095238 0.05654761904761905 0.023809523809523808
0 0.43898809523809523 0.6324404761904762 0.002976190476190476 0.002976190476190476
0 0.5595238095238095 0.6294642857142857 0.005952380952380952 0.002976190476190476
0 0.4583333333333333 0.625 0.02976190476190476 0.017857142857142856
0 0.5892857142857143 0.7068452380952381 0.3630952380952381 0.19940476190476192
0 0.6577380952380952 0.6116071428571429 0.02976190476190476 0.008928571428571428
0 0.5803571428571429 0.5744047619047619 0.011904761904761904 0.005952380952380952
0 0.49851190476190477 0.5669642857142857 0.008928571428571428 0.002976190476190476
0 0.5744047619047619 0.5654761904761905 0.011904761904761904 0.005952380952380952
0 0.6205357142857143 0.5074404761904762 0.002976190476190476 0.002976190476190476
0 0.6934523809523809 0.5089285714285714 0.02976190476190476 0.011904761904761904
0 0.6324404761904762 0.5059523809523809 0.008928571428571428 0.005952380952380952
0 0.6651785714285714 0.49851190476190477 0.01488095238095238 0.002976190476190476
0 0.6904761904761905 0.49255952380952384 0.017857142857142856 0.002976190476190476
0 0.7068452380952381 0.48214285714285715 0.01488095238095238 0.005952380952380952
