0 0.5848214285714286 0.8169642857142857 0.002976190476190476 0.002976190476190476
0 0.5892857142857143 0.8080357142857143 0.017857142857142856 0.008928571428571428
0 0.49702380952380953 0.8050595238095238 0.023809523809523808 0.002976190476190476
0 0.6755952380952381 0.7455357142857143 0.005952380952380952 0.002976190476190476
0 0.7291666666666666 0.6919642857142857 0.005952380952380952 0.002976190476190476
0 0.5282738095238095 0.6904761904761905 0.020833333333333332 0.005952380952380952
0 0.6086309523809523 0.6875 0.008928571428571428 0.005952380952380952
0 0.5803571428571429 0.6875 0.017857142857142856 0.005952380952380952
0 0.5550595238095238 0.6815476190476191 0.01488095238095238 0.005952380952380952
0 0.6830357142857143 0.6770833333333334 0.002976190476190476 0.002976190476190476
0 0.6607142857142857 0.65625 0.011904761904761904 0.002976190476190476
0 0.6116071428571429 0.6502976190476191 0.008928571428571428 0.002976190476190476
0 0.6488095238095238 0.6577380952380952 0.047619047619047616 0.023809523809523808
0 0.5535714285714286 0.7113095238095238 0.3392857142857143 0.1488095238095238
0 0.7797619047619048 0.6324404761904762 0.02976190476190476 0.01488095238095238
0 0.43005952380952384 0.6279761904761905 0.008928571428571428 0.005952380952380952
0 0.7767857142857143 0.6190476190476191 0.02976190476190476 0.011904761904761904
0 0.6934523809523809 0.5357142857142857 0.041666666666666664 0.017857142857142856
0 0.6622023809523809 0.5282738095238095 0.002976190476190476 0.002976190476190476
0 0.6398809523809523 0.5148809523809523 0.047619047619047616 0.02976190476190476
