0 0.5505952380952381 0.8348214285714286 0.017857142857142856 0.008928571428571428
0 0.5372023809523809 0.7544642857142857 0.01488095238095238 0.008928571428571428
0 0.625 0.7306547619047619 0.017857142857142856 0.008928571428571428
0 0.6875 0.7247023809523809 0.005952380952380952 0.002976190476190476
0 0.43898809523809523 0.7395833333333334 0.044642857142857144 0.03273809523809524
0 0.5059523809523809 0.7202380952380952 0.011904761904761904 0.005952380952380952
0 0.37797619047619047 0.6949404761904762 0.005952380952380952 0.002976190476190476
0 0.6026785714285714 0.6666666666666666 0.01488095238095238 0.005952380952380952
0 0.6026785714285714 0.6592261904761905 0.002976190476190476 0.002976190476190476
0 0.5818452380952381 0.65625 0.002976190476190476 0.002976190476190476
0 0.5803571428571429 0.6205357142857143 0.017857142857142856 0.002976190476190476
0 0.6220238095238095 0.6116071428571429 0.005952380952380952 0.002976190476190476
0 0.5922619047619048 0.6116071428571429 0.011904761904761904 0.002976190476190476
0 0.6056547619047619 0.6026785714285714 0.002976190476190476 0.002976190476190476
0 0.6205357142857143 0.6607142857142857 0.22916666666666666 0.11904761904761904
0 0.5282738095238095 0.5848214285714286 0.002976190476190476 0.002976190476190476
0 0.47619047619047616 0.5684523809523809 0.06547619047619048 0.05952380952380952
0 0.6934523809523809 0.5059523809523809 0.017857142857142856 0.005952380952380952
