0 0.6294642857142857 0.7961309523809523 0.002976190476190476 0.002976190476190476
0 0.6190476190476191 0.7886904761904762 0.023809523809523808 0.005952380952380952
0 0.6026785714285714 0.7872023809523809 0.002976190476190476 0.002976190476190476
0 0.5758928571428571 0.7991071428571429 0.03273809523809524 0.03273809523809524
0 0.6681547619047619 0.7336309523809523 0.002976190476190476 0.002976190476190476
0 0.47619047619047616 0.7157738095238095 0.011904761904761904 0.002976190476190476
0 0.4211309523809524 0.7098214285714286 0.008928571428571428 0.002976190476190476
0 0.5833333333333334 0.6994047619047619 0.017857142857142856 0.005952380952380952
0 0.5386904761904762 0.7023809523809523 0.06547619047619048 0.017857142857142856
0 0.41964285714285715 0.6785714285714286 0.005952380952380952 0.005952380952380952
0 0.6860119047619048 0.6741071428571429 0.002976190476190476 0.002976190476190476
0 0.5059523809523809 0.7247023809523809 0.3273809523809524 0.1875
0 0.5892857142857143 0.5877976190476191 0.005952380952380952 0.002976190476190476
0 0.5833333333333334 0.5818452380952381 0.011904761904761904 0.002976190476190476
0 0.5803571428571429 0.5610119047619048 0.011904761904761904 0.002976190476190476
0 0.6711309523809523 0.5446428571428571 0.026785714285714284 0.011904761904761904
0 0.6800595238095238 0.5372023809523809 0.008928571428571428 0.002976190476190476
0 0.6473214285714286 0.5342261904761905 0.020833333333333332 0.002976190476190476
0 0.5833333333333334 0.5446428571428571 0.03571428571428571 0.023809523809523808
0 0.6488095238095238 0.5238095238095238 0.017857142857142856 0.005952380952380952
0 0.5357142857142857 0.5238095238095238 0.017857142857142856 0.011904761904761904
