0 0.5639880952380952 0.7380952380952381 0.01488095238095238 0.005952380952380952
0 0.5654761904761905 0.7306547619047619 0.011904761904761904 0.002976190476190476
0 0.4479166666666667 0.7440476190476191 0.11011904761904762 0.041666666666666664
0 0.5223214285714286 0.7217261904761905 0.002976190476190476 0.002976190476190476
0 0.4419642857142857 0.7217261904761905 0.01488095238095238 0.002976190476190476
0 0.375 0.6919642857142857 0.017857142857142856 0.026785714285714284
0 0.6577380952380952 0.7172619047619048 0.15476190476190477 0.08333333333333333
0 0.6726190476190477 0.6681547619047619 0.005952380952380952 0.008928571428571428
0 0.7157738095238095 0.6651785714285714 0.020833333333333332 0.008928571428571428
0 0.5119047619047619 0.6264880952380952 0.005952380952380952 0.002976190476190476
0 0.6755952380952381 0.6235119047619048 0.005952380952380952 0.002976190476190476
0 0.5699404761904762 0.6294642857142857 0.044642857142857144 0.01488095238095238
0 0.5431547619047619 0.6235119047619048 0.002976190476190476 0.002976190476190476
0 0.6488095238095238 0.6264880952380952 0.047619047619047616 0.01488095238095238
0 0.7336309523809523 0.6443452380952381 0.11011904761904762 0.05654761904761905
0 0.49255952380952384 0.6205357142857143 0.01488095238095238 0.008928571428571428
0 0.5074404761904762 0.6056547619047619 0.002976190476190476 0.002976190476190476
0 0.48214285714285715 0.5818452380952381 0.005952380952380952 0.002976190476190476
0 0.5669642857142857 0.5863095238095238 0.03273809523809524 0.017857142857142856
0 0.4895833333333333 0.5699404761904762 0.026785714285714284 0.008928571428571428
0 0.6904761904761905 0.5372023809523809 0.005952380952380952 0.002976190476190476
0 0.6145833333333334 0.53125 0.002976190476190476 0.002976190476190476
0 0.6681547619047619 0.5267857142857143 0.03273809523809524 0.017857142857142856
0 0.6488095238095238 0.5089285714285714 0.02976190476190476 0.017857142857142856
