0 0.40922619047619047 0.7232142857142857 0.008928571428571428 0.005952380952380952
0 0.6294642857142857 0.7098214285714286 0.002976190476190476 0.002976190476190476
0 0.39732142857142855 0.7068452380952381 0.002976190476190476 0.002976190476190476
0 0.4270833333333333 0.7068452380952381 0.08035714285714286 0.0744047619047619
0 0.5550595238095238 0.7098214285714286 0.1636904761904762 0.09226190476190477
0 0.38244047619047616 0.6651785714285714 0.002976190476190476 0.002976190476190476
0 0.39732142857142855 0.6607142857142857 0.020833333333333332 0.005952380952380952
0 0.48214285714285715 0.65625 0.005952380952380952 0.002976190476190476
0 0.4880952380952381 0.6547619047619048 0.023809523809523808 0.017857142857142856
0 0.4017857142857143 0.6458333333333334 0.07142857142857142 0.017857142857142856
0 0.6264880952380952 0.5431547619047619 0.002976190476190476 0.008928571428571428
0 0.6860119047619048 0.5431547619047619 0.01488095238095238 0.01488095238095238
0 0.6279761904761905 0.5282738095238095 0.005952380952380952 0.008928571428571428
0 0.6309523809523809 0.5163690476190477 0.005952380952380952 0.008928571428571428
0 0.6205357142857143 0.5104166666666666 0.002976190476190476 0.002976190476190476
0 0.6354166666666666 0.5074404761904762 0.002976190476190476 0.002976190476190476
0 0.6383928571428571 0.49851190476190477 0.002976190476190476 0.002976190476190476
