0 0.5357142857142857 0.7514880952380952 0.023809523809523808 0.008928571428571428
0 0.6324404761904762 0.7336309523809523 0.002976190476190476 0.002976190476190476
0 0.44047619047619047 0.7380952380952381 0.041666666666666664 0.02976190476190476
0 0.4226190476190476 0.7247023809523809 0.005952380952380952 0.002976190476190476
0 0.6205357142857143 0.7113095238095238 0.03273809523809524 0.047619047619047616
0 0.5357142857142857 0.6636904761904762 0.017857142857142856 0.005952380952380952
0 0.6264880952380952 0.6636904761904762 0.21726190476190477 0.10714285714285714
0 0.6056547619047619 0.5818452380952381 0.01488095238095238 0.008928571428571428
0 0.5208333333333334 0.5788690476190477 0.03571428571428571 0.008928571428571428
0 0.4181547619047619 0.5684523809523809 0.020833333333333332 0.005952380952380952
0 0.4851190476190476 0.5699404761904762 0.07142857142857142 0.05654761904761905
0 0.6919642857142857 0.5044642857142857 0.026785714285714284 0.008928571428571428
0 0.6577380952380952 0.5059523809523809 0.02976190476190476 0.011904761904761904
