0 0.5729166666666666 0.8541666666666666 0.01488095238095238 0.017857142857142856
0 0.5133928571428571 0.8258928571428571 0.002976190476190476 0.002976190476190476
0 0.4791666666666667 0.8273809523809523 0.011904761904761904 0.005952380952380952
0 0.5119047619047619 0.8199404761904762 0.005952380952380952 0.002976190476190476
0 0.5074404761904762 0.8139880952380952 0.002976190476190476 0.002976190476190476
0 0.48214285714285715 0.7976190476190477 0.023809523809523808 0.03571428571428571
0 0.5297619047619048 0.7619047619047619 0.10119047619047619 0.10714285714285714
0 0.5 0.7068452380952381 0.005952380952380952 0.002976190476190476
0 0.44047619047619047 0.7068452380952381 0.017857142857142856 0.002976190476190476
0 0.7366071428571429 0.65625 0.01488095238095238 0.008928571428571428
0 0.7142857142857143 0.6517857142857143 0.011904761904761904 0.005952380952380952
0 0.5744047619047619 0.6324404761904762 0.011904761904761904 0.002976190476190476
0 0.6532738095238095 0.6264880952380952 0.008928571428571428 0.002976190476190476
0 0.6160714285714286 0.6130952380952381 0.05357142857142857 0.005952380952380952
0 0.6532738095238095 0.6696428571428571 0.13988095238095238 0.125
0 0.5803571428571429 0.6071428571428571 0.023809523809523808 0.005952380952380952
0 0.5550595238095238 0.6071428571428571 0.01488095238095238 0.005952380952380952
0 0.5267857142857143 0.6056547619047619 0.005952380952380952 0.002976190476190476
0 0.5089285714285714 0.5729166666666666 0.005952380952380952 0.002976190476190476
0 0.5014880952380952 0.5729166666666666 0.002976190476190476 0.002976190476190476
0 0.6815476190476191 0.49107142857142855 0.02976190476190476 0.005952380952380952
0 0.6681547619047619 0.48660714285714285 0.002976190476190476 0.002976190476190476
