0 0.45535714285714285 0.8705357142857143 0.023809523809523808 0.008928571428571428
0 0.46875 0.8616071428571429 0.002976190476190476 0.002976190476190476
0 0.39880952380952384 0.8139880952380952 0.017857142857142856 0.020833333333333332
0 0.5282738095238095 0.7693452380952381 0.002976190476190476 0.002976190476190476
0 0.43601190476190477 0.7514880952380952 0.002976190476190476 0.002976190476190476
0 0.44047619047619047 0.7455357142857143 0.005952380952380952 0.002976190476190476
0 0.5744047619047619 0.7440476190476191 0.023809523809523808 0.005952380952380952
0 0.43005952380952384 0.7440476190476191 0.008928571428571428 0.005952380952380952
0 0.40327380952380953 0.7336309523809523 0.002976190476190476 0.002976190476190476
0 0.6145833333333334 0.7276785714285714 0.002976190476190476 0.002976190476190476
0 0.6502976190476191 0.6979166666666666 0.008928571428571428 0.002976190476190476
0 0.5535714285714286 0.6919642857142857 0.011904761904761904 0.002976190476190476
0 0.6354166666666666 0.6889880952380952 0.008928571428571428 0.002976190476190476
0 0.5639880952380952 0.6889880952380952 0.002976190476190476 0.002976190476190476
0 0.5357142857142857 0.6830357142857143 0.03571428571428571 0.008928571428571428
0 0.6086309523809523 0.7068452380952381 0.050595238095238096 0.0625
0 0.6235119047619048 0.6681547619047619 0.026785714285714284 0.008928571428571428
0 0.47172619047619047 0.7083333333333334 0.17559523809523808 0.11904761904761904
0 0.4375 0.6443452380952381 0.005952380952380952 0.002976190476190476
0 0.4226190476190476 0.6458333333333334 0.017857142857142856 0.005952380952380952
0 0.6354166666666666 0.5699404761904762 0.020833333333333332 0.01488095238095238
0 0.6904761904761905 0.5476190476190477 0.017857142857142856 0.005952380952380952
0 0.5505952380952381 0.5431547619047619 0.017857142857142856 0.002976190476190476
0 0.6919642857142857 0.5342261904761905 0.026785714285714284 0.01488095238095238
0 0.6220238095238095 0.5148809523809523 0.023809523809523808 0.017857142857142856
0 0.5758928571428571 0.5089285714285714 0.020833333333333332 0.005952380952380952
