0 0.49107142857142855 0.8229166666666666 0.017857142857142856 0.008928571428571428
0 0.5386904761904762 0.8199404761904762 0.023809523809523808 0.008928571428571428
0 0.6502976190476191 0.7604166666666666 0.008928571428571428 0.002976190476190476
0 0.6919642857142857 0.7217261904761905 0.002976190476190476 0.002976190476190476
0 0.47023809523809523 0.7380952380952381 0.15476190476190477 0.05357142857142857
0 0.38095238095238093 0.6979166666666666 0.023809523809523808 0.01488095238095238
0 0.6264880952380952 0.6889880952380952 0.008928571428571428 0.002976190476190476
0 0.625 0.6324404761904762 0.005952380952380952 0.002976190476190476
0 0.5491071428571429 0.6309523809523809 0.12797619047619047 0.017857142857142856
0 0.6577380952380952 0.6889880952380952 0.2619047619047619 0.14583333333333334
0 0.5461309523809523 0.6175595238095238 0.008928571428571428 0.002976190476190476
0 0.49255952380952384 0.6175595238095238 0.01488095238095238 0.002976190476190476
0 0.7648809523809523 0.6116071428571429 0.005952380952380952 0.002976190476190476
0 0.5535714285714286 0.6086309523809523 0.02976190476190476 0.008928571428571428
0 0.5297619047619048 0.6056547619047619 0.005952380952380952 0.002976190476190476
0 0.5104166666666666 0.6056547619047619 0.002976190476190476 0.002976190476190476
0 0.5654761904761905 0.5877976190476191 0.047619047619047616 0.020833333333333332
0 0.5044642857142857 0.5788690476190477 0.002976190476190476 0.002976190476190476
0 0.48214285714285715 0.5729166666666666 0.047619047619047616 0.01488095238095238
0 0.6696428571428571 0.5238095238095238 0.041666666666666664 0.011904761904761904
0 0.7291666666666666 0.5104166666666666 0.017857142857142856 0.002976190476190476
0 0.6473214285714286 0.5074404761904762 0.03273809523809524 0.01488095238095238
0 0.7068452380952381 0.49851190476190477 0.01488095238095238 0.002976190476190476
0 0.6607142857142857 0.48660714285714285 0.041666666666666664 0.01488095238095238
