0 0.5744047619047619 0.7485119047619048 0.005952380952380952 0.002976190476190476
0 0.4419642857142857 0.7485119047619048 0.002976190476190476 0.002976190476190476
0 0.41220238095238093 0.7455357142857143 0.01488095238095238 0.002976190476190476
0 0.6800595238095238 0.7336309523809523 0.01488095238095238 0.002976190476190476
0 0.5044642857142857 0.7485119047619048 0.13392857142857142 0.03273809523809524
0 0.40029761904761907 0.7217261904761905 0.002976190476190476 0.002976190476190476
0 0.5595238095238095 0.6949404761904762 0.02976190476190476 0.002976190476190476
0 0.3869047619047619 0.6919642857142857 0.005952380952380952 0.002976190476190476
0 0.37648809523809523 0.6681547619047619 0.002976190476190476 0.002976190476190476
0 0.3645833333333333 0.6681547619047619 0.002976190476190476 0.002976190476190476
0 0.6130952380952381 0.7008928571428571 0.07738095238095238 0.08035714285714286
0 0.3794642857142857 0.6622023809523809 0.008928571428571428 0.002976190476190476
0 0.42857142857142855 0.6592261904761905 0.017857142857142856 0.002976190476190476
0 0.38839285714285715 0.65625 0.008928571428571428 0.002976190476190476
0 0.4181547619047619 0.6532738095238095 0.002976190476190476 0.002976190476190476
0 0.44345238095238093 0.6904761904761905 0.13690476190476192 0.08333333333333333
0 0.44494047619047616 0.6517857142857143 0.020833333333333332 0.005952380952380952
0 0.42410714285714285 0.6502976190476191 0.002976190476190476 0.002976190476190476
0 0.40625 0.6488095238095238 0.01488095238095238 0.005952380952380952
0 0.6101190476190477 0.59375 0.005952380952380952 0.002976190476190476
0 0.6830357142857143 0.5550595238095238 0.008928571428571428 0.002976190476190476
0 0.6711309523809523 0.5550595238095238 0.002976190476190476 0.002976190476190476
0 0.6309523809523809 0.5550595238095238 0.047619047619047616 0.03273809523809524
0 0.7678571428571429 0.5342261904761905 0.011904761904761904 0.002976190476190476
0 0.7336309523809523 0.5327380952380952 0.01488095238095238 0.005952380952380952
0 0.7172619047619048 0.5327380952380952 0.011904761904761904 0.005952380952380952
0 0.6755952380952381 0.5401785714285714 0.05952380952380952 0.020833333333333332
0 0.6279761904761905 0.5178571428571429 0.03571428571428571 0.03571428571428571
0 0.6190476190476191 0.5014880952380952 0.005952380952380952 0.002976190476190476
