0 0.6071428571428571 0.8229166666666666 0.005952380952380952 0.002976190476190476
0 0.43601190476190477 0.7827380952380952 0.026785714285714284 0.017857142857142856
0 0.7098214285714286 0.6889880952380952 0.002976190476190476 0.002976190476190476
0 0.5476190476190477 0.6904761904761905 0.05357142857142857 0.005952380952380952
0 0.3288690476190476 0.6800595238095238 0.002976190476190476 0.002976190476190476
0 0.5773809523809523 0.6741071428571429 0.041666666666666664 0.020833333333333332
0 0.6711309523809523 0.6517857142857143 0.002976190476190476 0.005952380952380952
0 0.6443452380952381 0.6473214285714286 0.03869047619047619 0.01488095238095238
0 0.5580357142857143 0.6398809523809523 0.050595238095238096 0.02976190476190476
0 0.6369047619047619 0.6205357142857143 0.017857142857142856 0.002976190476190476
0 0.6190476190476191 0.6205357142857143 0.011904761904761904 0.002976190476190476
0 0.5401785714285714 0.7306547619047619 0.36607142857142855 0.22321428571428573
0 0.46726190476190477 0.6190476190476191 0.017857142857142856 0.005952380952380952
0 0.7574404761904762 0.6383928571428571 0.05654761904761905 0.0625
0 0.5580357142857143 0.6086309523809523 0.03869047619047619 0.008928571428571428
0 0.6175595238095238 0.5193452380952381 0.050595238095238096 0.01488095238095238
0 0.6979166666666666 0.5133928571428571 0.026785714285714284 0.008928571428571428
0 0.6666666666666666 0.5193452380952381 0.02976190476190476 0.020833333333333332
0 0.7008928571428571 0.5044642857142857 0.01488095238095238 0.002976190476190476
0 0.7142857142857143 0.4895833333333333 0.005952380952380952 0.002976190476190476
0 0.6666666666666666 0.4851190476190476 0.017857142857142856 0.005952380952380952
