0 0.6607142857142857 0.7708333333333334 0.011904761904761904 0.005952380952380952
0 0.5610119047619048 0.7127976190476191 0.03869047619047619 0.008928571428571428
0 0.5342261904761905 0.7068452380952381 0.008928571428571428 0.002976190476190476
0 0.5967261904761905 0.6889880952380952 0.002976190476190476 0.002976190476190476
0 0.33779761904761907 0.6711309523809523 0.008928571428571428 0.002976190476190476
0 0.3645833333333333 0.6681547619047619 0.008928571428571428 0.002976190476190476
0 0.6979166666666666 0.6592261904761905 0.002976190476190476 0.002976190476190476
0 0.6979166666666666 0.6532738095238095 0.002976190476190476 0.002976190476190476
0 0.6711309523809523 0.6502976190476191 0.002976190476190476 0.002976190476190476
0 0.6294642857142857 0.6502976190476191 0.008928571428571428 0.002976190476190476
0 0.5625 0.6383928571428571 0.02976190476190476 0.020833333333333332
0 0.44642857142857145 0.6279761904761905 0.011904761904761904 0.005952380952380952
0 0.5416666666666666 0.7232142857142857 0.35714285714285715 0.19642857142857142
0 0.65625 0.6205357142857143 0.002976190476190476 0.002976190476190476
0 0.45535714285714285 0.6205357142857143 0.005952380952380952 0.002976190476190476
0 0.6398809523809523 0.6160714285714286 0.011904761904761904 0.005952380952380952
0 0.7470238095238095 0.6443452380952381 0.05357142857142857 0.0744047619047619
0 0.5803571428571429 0.5669642857142857 0.011904761904761904 0.002976190476190476
0 0.6651785714285714 0.5267857142857143 0.008928571428571428 0.005952380952380952
0 0.6279761904761905 0.5178571428571429 0.02976190476190476 0.011904761904761904
0 0.7008928571428571 0.5119047619047619 0.01488095238095238 0.011904761904761904
0 0.7053571428571429 0.4851190476190476 0.011904761904761904 0.005952380952380952
0 0.6770833333333334 0.46875 0.002976190476190476 0.002976190476190476
