0 0.5074404761904762 0.8080357142857143 0.008928571428571428 0.002976190476190476
0 0.6294642857142857 0.8050595238095238 0.008928571428571428 0.002976190476190476
0 0.5699404761904762 0.7931547619047619 0.002976190476190476 0.002976190476190476
0 0.6473214285714286 0.7574404761904762 0.008928571428571428 0.002976190476190476
0 0.39880952380952384 0.7068452380952381 0.011904761904761904 0.002976190476190476
0 0.5967261904761905 0.6889880952380952 0.002976190476190476 0.002976190476190476
0 0.3943452380952381 0.6830357142857143 0.03869047619047619 0.03869047619047619
0 0.6979166666666666 0.6413690476190477 0.002976190476190476 0.002976190476190476
0 0.39285714285714285 0.6488095238095238 0.06547619047619048 0.023809523809523808
0 0.43898809523809523 0.6324404761904762 0.002976190476190476 0.002976190476190476
0 0.45535714285714285 0.6294642857142857 0.023809523809523808 0.008928571428571428
0 0.5669642857142857 0.6145833333333334 0.008928571428571428 0.002976190476190476
0 0.5863095238095238 0.7068452380952381 0.36904761904761907 0.19940476190476192
0 0.5803571428571429 0.5744047619047619 0.011904761904761904 0.005952380952380952
0 0.5744047619047619 0.5654761904761905 0.011904761904761904 0.005952380952380952
0 0.6949404761904762 0.5133928571428571 0.002976190476190476 0.002976190476190476
0 0.6860119047619048 0.5074404761904762 0.01488095238095238 0.002976190476190476
0 0.6934523809523809 0.49404761904761907 0.023809523809523808 0.005952380952380952
0 0.7068452380952381 0.48214285714285715 0.01488095238095238 0.005952380952380952
