0 0.46875 0.8616071428571429 0.008928571428571428 0.002976190476190476
0 0.44642857142857145 0.8407738095238095 0.005952380952380952 0.002976190476190476
0 0.46577380952380953 0.8407738095238095 0.020833333333333332 0.03273809523809524
0 0.45982142857142855 0.8020833333333334 0.03869047619047619 0.008928571428571428
0 0.47172619047619047 0.7961309523809523 0.008928571428571428 0.002976190476190476
0 0.4375 0.7901785714285714 0.011904761904761904 0.002976190476190476
0 0.6354166666666666 0.7485119047619048 0.008928571428571428 0.002976190476190476
0 0.5877976190476191 0.7529761904761905 0.01488095238095238 0.011904761904761904
0 0.6651785714285714 0.7336309523809523 0.002976190476190476 0.002976190476190476
0 0.5 0.7068452380952381 0.005952380952380952 0.002976190476190476
0 0.5163690476190477 0.7038690476190477 0.002976190476190476 0.002976190476190476
0 0.5416666666666666 0.6979166666666666 0.005952380952380952 0.002976190476190476
0 0.5104166666666666 0.6994047619047619 0.01488095238095238 0.005952380952380952
0 0.6220238095238095 0.7113095238095238 0.047619047619047616 0.07738095238095238
0 0.6190476190476191 0.6666666666666666 0.005952380952380952 0.005952380952380952
0 0.4538690476190476 0.6502976190476191 0.002976190476190476 0.002976190476190476
0 0.47023809523809523 0.6428571428571429 0.011904761904761904 0.005952380952380952
0 0.4538690476190476 0.6383928571428571 0.002976190476190476 0.002976190476190476
0 0.42857142857142855 0.6383928571428571 0.023809523809523808 0.002976190476190476
0 0.4642857142857143 0.7113095238095238 0.21428571428571427 0.16071428571428573
0 0.5505952380952381 0.5491071428571429 0.005952380952380952 0.002976190476190476
0 0.6785714285714286 0.5491071428571429 0.023809523809523808 0.008928571428571428
0 0.6949404761904762 0.5327380952380952 0.008928571428571428 0.005952380952380952
0 0.5803571428571429 0.5446428571428571 0.05357142857142857 0.02976190476190476
0 0.6190476190476191 0.5074404761904762 0.005952380952380952 0.002976190476190476
0 0.6517857142857143 0.5223214285714286 0.07142857142857142 0.03869047619047619
