0 0.5208333333333334 0.7127976190476191 0.005952380952380952 0.002976190476190476
0 0.6383928571428571 0.7485119047619048 0.17559523809523808 0.11607142857142858
0 0.6607142857142857 0.6830357142857143 0.005952380952380952 0.002976190476190476
0 0.44642857142857145 0.7321428571428571 0.17261904761904762 0.14285714285714285
0 0.41220238095238093 0.65625 0.002976190476190476 0.002976190476190476
0 0.7619047619047619 0.6175595238095238 0.03571428571428571 0.01488095238095238
0 0.48660714285714285 0.5639880952380952 0.002976190476190476 0.002976190476190476
0 0.6711309523809523 0.5461309523809523 0.01488095238095238 0.002976190476190476
0 0.6889880952380952 0.5372023809523809 0.002976190476190476 0.002976190476190476
0 0.6815476190476191 0.5372023809523809 0.005952380952380952 0.002976190476190476
0 0.7068452380952381 0.5252976190476191 0.020833333333333332 0.002976190476190476
0 0.7276785714285714 0.5133928571428571 0.020833333333333332 0.008928571428571428
0 0.6458333333333334 0.5208333333333334 0.10119047619047619 0.041666666666666664
0 0.6964285714285714 0.4895833333333333 0.023809523809523808 0.008928571428571428
