0 0.5669642857142857 0.7395833333333334 0.01488095238095238 0.002976190476190476
0 0.6949404761904762 0.7336309523809523 0.002976190476190476 0.002976190476190476
0 0.4479166666666667 0.7455357142857143 0.11607142857142858 0.03869047619047619
0 0.5223214285714286 0.7261904761904762 0.008928571428571428 0.005952380952380952
0 0.37797619047619047 0.6979166666666666 0.017857142857142856 0.01488095238095238
0 0.375 0.6830357142857143 0.005952380952380952 0.002976190476190476
0 0.6473214285714286 0.7172619047619048 0.16964285714285715 0.08928571428571429
0 0.71875 0.6651785714285714 0.01488095238095238 0.002976190476190476
0 0.7053571428571429 0.6651785714285714 0.005952380952380952 0.002976190476190476
0 0.6190476190476191 0.6622023809523809 0.005952380952380952 0.002976190476190476
0 0.6175595238095238 0.6294642857142857 0.002976190476190476 0.002976190476190476
0 0.7648809523809523 0.6488095238095238 0.05952380952380952 0.047619047619047616
0 0.6622023809523809 0.6279761904761905 0.0744047619047619 0.011904761904761904
0 0.5654761904761905 0.6279761904761905 0.03571428571428571 0.011904761904761904
0 0.7261904761904762 0.6220238095238095 0.011904761904761904 0.005952380952380952
0 0.5431547619047619 0.6160714285714286 0.008928571428571428 0.005952380952380952
0 0.5074404761904762 0.6056547619047619 0.002976190476190476 0.002976190476190476
0 0.5833333333333334 0.5833333333333334 0.011904761904761904 0.005952380952380952
0 0.5684523809523809 0.5877976190476191 0.02976190476190476 0.01488095238095238
0 0.4806547619047619 0.5788690476190477 0.002976190476190476 0.002976190476190476
0 0.48660714285714285 0.5684523809523809 0.01488095238095238 0.005952380952380952
0 0.6622023809523809 0.5282738095238095 0.044642857142857144 0.01488095238095238
0 0.6488095238095238 0.5089285714285714 0.03571428571428571 0.017857142857142856
0 0.7038690476190477 0.5 0.008928571428571428 0.005952380952380952
0 0.6726190476190477 0.4895833333333333 0.011904761904761904 0.002976190476190476
