0 0.6741071428571429 0.6860119047619048 0.002976190476190476 0.002976190476190476
0 0.5431547619047619 0.7127976190476191 0.29464285714285715 0.12797619047619047
0 0.41964285714285715 0.6443452380952381 0.005952380952380952 0.002976190476190476
0 0.43898809523809523 0.6651785714285714 0.08630952380952381 0.06845238095238096
0 0.7916666666666666 0.6264880952380952 0.017857142857142856 0.020833333333333332
0 0.7767857142857143 0.6130952380952381 0.023809523809523808 0.005952380952380952
0 0.6636904761904762 0.5461309523809523 0.011904761904761904 0.002976190476190476
0 0.6413690476190477 0.5431547619047619 0.002976190476190476 0.002976190476190476
0 0.6622023809523809 0.5401785714285714 0.002976190476190476 0.002976190476190476
0 0.625 0.5372023809523809 0.011904761904761904 0.002976190476190476
0 0.6860119047619048 0.5386904761904762 0.03869047619047619 0.017857142857142856
0 0.6696428571428571 0.5133928571428571 0.005952380952380952 0.002976190476190476
0 0.6339285714285714 0.5148809523809523 0.07738095238095238 0.041666666666666664
