0 0.4270833333333333 0.7589285714285714 0.01488095238095238 0.011904761904761904
0 0.53125 0.7529761904761905 0.020833333333333332 0.011904761904761904
0 0.44345238095238093 0.7366071428571429 0.017857142857142856 0.026785714285714284
0 0.5565476190476191 0.7247023809523809 0.023809523809523808 0.008928571428571428
0 0.6041666666666666 0.6755952380952381 0.011904761904761904 0.005952380952380952
0 0.5952380952380952 0.6235119047619048 0.17857142857142858 0.08630952380952381
0 0.4955357142857143 0.5848214285714286 0.01488095238095238 0.008928571428571428
0 0.47023809523809523 0.5595238095238095 0.047619047619047616 0.03571428571428571
0 0.4568452380952381 0.5401785714285714 0.002976190476190476 0.002976190476190476
0 0.6919642857142857 0.5059523809523809 0.008928571428571428 0.005952380952380952
