0 0.5208333333333334 0.8318452380952381 0.005952380952380952 0.002976190476190476
0 0.5163690476190477 0.7842261904761905 0.008928571428571428 0.002976190476190476
0 0.7261904761904762 0.7514880952380952 0.011904761904761904 0.002976190476190476
0 0.6919642857142857 0.7336309523809523 0.002976190476190476 0.002976190476190476
0 0.6785714285714286 0.7336309523809523 0.011904761904761904 0.002976190476190476
0 0.6622023809523809 0.7336309523809523 0.008928571428571428 0.002976190476190476
0 0.5877976190476191 0.6651785714285714 0.002976190476190476 0.002976190476190476
0 0.5461309523809523 0.7098214285714286 0.3005952380952381 0.13392857142857142
0 0.7916666666666666 0.6324404761904762 0.017857142857142856 0.008928571428571428
0 0.7961309523809523 0.6205357142857143 0.01488095238095238 0.008928571428571428
0 0.7708333333333334 0.6145833333333334 0.005952380952380952 0.002976190476190476
0 0.6413690476190477 0.5401785714285714 0.002976190476190476 0.002976190476190476
0 0.5982142857142857 0.5342261904761905 0.005952380952380952 0.002976190476190476
0 0.6636904761904762 0.5238095238095238 0.10714285714285714 0.047619047619047616
0 0.6235119047619048 0.49851190476190477 0.002976190476190476 0.002976190476190476
0 0.6145833333333334 0.49851190476190477 0.008928571428571428 0.002976190476190476
