0 0.6041666666666666 0.8333333333333334 0.017857142857142856 0.005952380952380952
0 0.49851190476190477 0.8095238095238095 0.008928571428571428 0.005952380952380952
0 0.5044642857142857 0.7633928571428571 0.002976190476190476 0.002976190476190476
0 0.7098214285714286 0.7336309523809523 0.008928571428571428 0.002976190476190476
0 0.6964285714285714 0.7336309523809523 0.011904761904761904 0.002976190476190476
0 0.5982142857142857 0.6889880952380952 0.005952380952380952 0.002976190476190476
0 0.43898809523809523 0.7247023809523809 0.14583333333333334 0.09226190476190477
0 0.6428571428571429 0.7276785714285714 0.16666666666666666 0.10416666666666667
0 0.6443452380952381 0.6428571428571429 0.03869047619047619 0.023809523809523808
0 0.6354166666666666 0.6235119047619048 0.026785714285714284 0.008928571428571428
0 0.5074404761904762 0.6190476190476191 0.03273809523809524 0.005952380952380952
0 0.7559523809523809 0.6383928571428571 0.041666666666666664 0.05654761904761905
0 0.5848214285714286 0.5892857142857143 0.008928571428571428 0.005952380952380952
0 0.5699404761904762 0.5848214285714286 0.002976190476190476 0.002976190476190476
0 0.5922619047619048 0.5803571428571429 0.023809523809523808 0.005952380952380952
0 0.5654761904761905 0.5788690476190477 0.005952380952380952 0.002976190476190476
0 0.4851190476190476 0.5714285714285714 0.011904761904761904 0.005952380952380952
0 0.5044642857142857 0.5639880952380952 0.05654761904761905 0.026785714285714284
0 0.7008928571428571 0.5401785714285714 0.002976190476190476 0.002976190476190476
0 0.6755952380952381 0.5193452380952381 0.011904761904761904 0.008928571428571428
0 0.6130952380952381 0.5074404761904762 0.005952380952380952 0.002976190476190476
0 0.6889880952380952 0.5014880952380952 0.002976190476190476 0.002976190476190476
0 0.6413690476190477 0.5193452380952381 0.0744047619047619 0.050595238095238096
