0 0.5148809523809523 0.8244047619047619 0.005952380952380952 0.005952380952380952
0 0.6711309523809523 0.7276785714285714 0.002976190476190476 0.002976190476190476
0 0.6458333333333334 0.7142857142857143 0.03571428571428571 0.023809523809523808
0 0.6502976190476191 0.6979166666666666 0.01488095238095238 0.002976190476190476
0 0.6607142857142857 0.6383928571428571 0.011904761904761904 0.002976190476190476
0 0.6160714285714286 0.6264880952380952 0.005952380952380952 0.002976190476190476
0 0.6116071428571429 0.6145833333333334 0.002976190476190476 0.002976190476190476
0 0.5848214285714286 0.5803571428571429 0.2113095238095238 0.09523809523809523
0 0.49255952380952384 0.5282738095238095 0.002976190476190476 0.002976190476190476
0 0.6726190476190477 0.48660714285714285 0.005952380952380952 0.002976190476190476
