0 0.5982142857142857 0.8095238095238095 0.041666666666666664 0.023809523809523808
0 0.5952380952380952 0.7842261904761905 0.005952380952380952 0.002976190476190476
0 0.5952380952380952 0.7782738095238095 0.017857142857142856 0.002976190476190476
0 0.6056547619047619 0.7723214285714286 0.008928571428571428 0.002976190476190476
0 0.6845238095238095 0.7619047619047619 0.023809523809523808 0.023809523809523808
0 0.5967261904761905 0.6592261904761905 0.03869047619047619 0.01488095238095238
0 0.5505952380952381 0.7127976190476191 0.34523809523809523 0.1636904761904762
0 0.5654761904761905 0.6235119047619048 0.011904761904761904 0.002976190476190476
0 0.7738095238095238 0.6339285714285714 0.05357142857142857 0.047619047619047616
0 0.6994047619047619 0.5238095238095238 0.011904761904761904 0.005952380952380952
0 0.6294642857142857 0.5223214285714286 0.002976190476190476 0.002976190476190476
0 0.6711309523809523 0.5163690476190477 0.002976190476190476 0.002976190476190476
0 0.6547619047619048 0.5163690476190477 0.06547619047619048 0.03869047619047619
