0 0.46726190476190477 0.8452380952380952 0.017857142857142856 0.017857142857142856
0 0.5089285714285714 0.8139880952380952 0.005952380952380952 0.002976190476190476
0 0.5580357142857143 0.7619047619047619 0.026785714285714284 0.011904761904761904
0 0.6309523809523809 0.7544642857142857 0.005952380952380952 0.002976190476190476
0 0.6443452380952381 0.7425595238095238 0.002976190476190476 0.002976190476190476
0 0.3645833333333333 0.7098214285714286 0.002976190476190476 0.002976190476190476
0 0.6175595238095238 0.7247023809523809 0.08035714285714286 0.06845238095238096
0 0.6264880952380952 0.6800595238095238 0.020833333333333332 0.01488095238095238
0 0.6205357142857143 0.6681547619047619 0.002976190476190476 0.002976190476190476
0 0.4523809523809524 0.7202380952380952 0.17857142857142858 0.17857142857142858
0 0.5922619047619048 0.5848214285714286 0.005952380952380952 0.002976190476190476
0 0.5788690476190477 0.5461309523809523 0.050595238095238096 0.026785714285714284
0 0.6369047619047619 0.5327380952380952 0.03571428571428571 0.005952380952380952
0 0.7008928571428571 0.5282738095238095 0.002976190476190476 0.002976190476190476
0 0.6443452380952381 0.5193452380952381 0.03869047619047619 0.020833333333333332
