0 0.3958333333333333 0.8169642857142857 0.017857142857142856 0.01488095238095238
0 0.43898809523809523 0.7455357142857143 0.008928571428571428 0.002976190476190476
0 0.3869047619047619 0.7098214285714286 0.005952380952380952 0.002976190476190476
0 0.5610119047619048 0.7038690476190477 0.03273809523809524 0.002976190476190476
0 0.6354166666666666 0.6889880952380952 0.008928571428571428 0.002976190476190476
0 0.6220238095238095 0.6681547619047619 0.023809523809523808 0.008928571428571428
0 0.5074404761904762 0.7098214285714286 0.25297619047619047 0.12202380952380952
0 0.43898809523809523 0.6443452380952381 0.008928571428571428 0.002976190476190476
0 0.5877976190476191 0.5758928571428571 0.01488095238095238 0.002976190476190476
0 0.625 0.5714285714285714 0.017857142857142856 0.005952380952380952
0 0.6339285714285714 0.5669642857142857 0.017857142857142856 0.002976190476190476
0 0.6220238095238095 0.5119047619047619 0.017857142857142856 0.005952380952380952
