0 0.6666666666666666 0.8005952380952381 0.005952380952380952 0.005952380952380952
0 0.6339285714285714 0.7991071428571429 0.005952380952380952 0.002976190476190476
0 0.6607142857142857 0.7931547619047619 0.005952380952380952 0.002976190476190476
0 0.6264880952380952 0.7901785714285714 0.03273809523809524 0.01488095238095238
0 0.59375 0.78125 0.002976190476190476 0.002976190476190476
0 0.4270833333333333 0.7663690476190477 0.002976190476190476 0.002976190476190476
0 0.6636904761904762 0.7410714285714286 0.011904761904761904 0.005952380952380952
0 0.5074404761904762 0.7306547619047619 0.002976190476190476 0.002976190476190476
0 0.5014880952380952 0.7232142857142857 0.01488095238095238 0.005952380952380952
0 0.48214285714285715 0.7217261904761905 0.005952380952380952 0.002976190476190476
0 0.5342261904761905 0.7142857142857143 0.002976190476190476 0.005952380952380952
0 0.5148809523809523 0.7142857142857143 0.023809523809523808 0.005952380952380952
0 0.5610119047619048 0.7098214285714286 0.01488095238095238 0.002976190476190476
0 0.5059523809523809 0.7053571428571429 0.05357142857142857 0.017857142857142856
0 0.6086309523809523 0.7529761904761905 0.13988095238095238 0.11904761904761904
0 0.6354166666666666 0.6770833333333334 0.044642857142857144 0.026785714285714284
0 0.44345238095238093 0.7261904761904762 0.18452380952380953 0.16666666666666666
0 0.6696428571428571 0.5461309523809523 0.023809523809523808 0.008928571428571428
0 0.5997023809523809 0.5431547619047619 0.002976190476190476 0.002976190476190476
0 0.5863095238095238 0.5446428571428571 0.011904761904761904 0.011904761904761904
0 0.59375 0.5282738095238095 0.008928571428571428 0.002976190476190476
0 0.625 0.5252976190476191 0.011904761904761904 0.002976190476190476
0 0.6101190476190477 0.5208333333333334 0.011904761904761904 0.005952380952380952
0 0.6264880952380952 0.5044642857142857 0.01488095238095238 0.002976190476190476
0 0.6741071428571429 0.5133928571428571 0.0744047619047619 0.03869047619047619
