0 0.6279761904761905 0.7351190476190477 0.005952380952380952 0.005952380952380952
0 0.6339285714285714 0.7276785714285714 0.005952380952380952 0.002976190476190476
0 0.6770833333333334 0.6860119047619048 0.002976190476190476 0.002976190476190476
0 0.5074404761904762 0.7232142857142857 0.22916666666666666 0.10714285714285714
0 0.6532738095238095 0.6919642857142857 0.0625 0.06845238095238096
0 0.46726190476190477 0.65625 0.011904761904761904 0.002976190476190476
0 0.4330357142857143 0.6517857142857143 0.050595238095238096 0.017857142857142856
0 0.59375 0.6413690476190477 0.002976190476190476 0.002976190476190476
0 0.5773809523809523 0.6532738095238095 0.06547619047619048 0.026785714285714284
0 0.7901785714285714 0.6383928571428571 0.002976190476190476 0.002976190476190476
0 0.5669642857142857 0.6383928571428571 0.008928571428571428 0.002976190476190476
0 0.7916666666666666 0.6264880952380952 0.02976190476190476 0.01488095238095238
0 0.6086309523809523 0.5639880952380952 0.002976190476190476 0.002976190476190476
0 0.5997023809523809 0.53125 0.01488095238095238 0.002976190476190476
0 0.6205357142857143 0.5163690476190477 0.002976190476190476 0.002976190476190476
0 0.6741071428571429 0.5238095238095238 0.12797619047619047 0.05357142857142857
