0 0.6026785714285714 0.7336309523809523 0.002976190476190476 0.002976190476190476
0 0.40327380952380953 0.7217261904761905 0.020833333333333332 0.002976190476190476
0 0.40327380952380953 0.7157738095238095 0.008928571428571428 0.002976190476190476
0 0.3898809523809524 0.7157738095238095 0.011904761904761904 0.002976190476190476
0 0.5461309523809523 0.7083333333333334 0.020833333333333332 0.005952380952380952
0 0.5625 0.7038690476190477 0.011904761904761904 0.002976190476190476
0 0.5386904761904762 0.7008928571428571 0.023809523809523808 0.002976190476190476
0 0.5104166666666666 0.6800595238095238 0.002976190476190476 0.002976190476190476
0 0.46279761904761907 0.6741071428571429 0.002976190476190476 0.002976190476190476
0 0.5104166666666666 0.7172619047619048 0.25297619047619047 0.09523809523809523
0 0.625 0.6666666666666666 0.023809523809523808 0.011904761904761904
0 0.4107142857142857 0.6636904761904762 0.023809523809523808 0.005952380952380952
0 0.4880952380952381 0.65625 0.017857142857142856 0.002976190476190476
0 0.5877976190476191 0.5744047619047619 0.020833333333333332 0.005952380952380952
0 0.6279761904761905 0.5639880952380952 0.005952380952380952 0.002976190476190476
0 0.6369047619047619 0.5595238095238095 0.017857142857142856 0.011904761904761904
0 0.6264880952380952 0.5223214285714286 0.008928571428571428 0.002976190476190476
