0 0.6145833333333334 0.8303571428571429 0.008928571428571428 0.005952380952380952
0 0.5238095238095238 0.8169642857142857 0.005952380952380952 0.002976190476190476
0 0.4955357142857143 0.8214285714285714 0.01488095238095238 0.017857142857142856
0 0.5595238095238095 0.8035714285714286 0.005952380952380952 0.005952380952380952
0 0.5520833333333334 0.7991071428571429 0.002976190476190476 0.002976190476190476
0 0.4330357142857143 0.7842261904761905 0.026785714285714284 0.01488095238095238
0 0.5119047619047619 0.71875 0.011904761904761904 0.002976190476190476
0 0.7068452380952381 0.6889880952380952 0.002976190476190476 0.002976190476190476
0 0.5669642857142857 0.6934523809523809 0.03869047619047619 0.011904761904761904
0 0.5342261904761905 0.6919642857142857 0.026785714285714284 0.008928571428571428
0 0.6175595238095238 0.6830357142857143 0.002976190476190476 0.002976190476190476
0 0.5803571428571429 0.6845238095238095 0.05952380952380952 0.011904761904761904
0 0.6696428571428571 0.6681547619047619 0.005952380952380952 0.002976190476190476
0 0.6681547619047619 0.6622023809523809 0.002976190476190476 0.002976190476190476
0 0.6458333333333334 0.6517857142857143 0.041666666666666664 0.017857142857142856
0 0.5610119047619048 0.6398809523809523 0.03273809523809524 0.017857142857142856
0 0.4270833333333333 0.6294642857142857 0.002976190476190476 0.002976190476190476
0 0.5535714285714286 0.7247023809523809 0.35119047619047616 0.19940476190476192
0 0.7663690476190477 0.6309523809523809 0.05654761904761905 0.05952380952380952
0 0.5208333333333334 0.5669642857142857 0.011904761904761904 0.002976190476190476
0 0.5252976190476191 0.5610119047619048 0.002976190476190476 0.002976190476190476
0 0.5148809523809523 0.5610119047619048 0.011904761904761904 0.002976190476190476
0 0.6443452380952381 0.5148809523809523 0.05654761904761905 0.02976190476190476
