0 0.5119047619047619 0.8333333333333334 0.017857142857142856 0.005952380952380952
0 0.4955357142857143 0.8050595238095238 0.008928571428571428 0.002976190476190476
0 0.5922619047619048 0.7604166666666666 0.011904761904761904 0.002976190476190476
0 0.7038690476190477 0.7276785714285714 0.008928571428571428 0.002976190476190476
0 0.6770833333333334 0.7276785714285714 0.002976190476190476 0.002976190476190476
0 0.5788690476190477 0.6845238095238095 0.020833333333333332 0.005952380952380952
0 0.5907738095238095 0.6592261904761905 0.002976190476190476 0.002976190476190476
0 0.6056547619047619 0.6547619047619048 0.020833333333333332 0.011904761904761904
0 0.5684523809523809 0.6517857142857143 0.017857142857142856 0.005952380952380952
0 0.5982142857142857 0.6443452380952381 0.005952380952380952 0.002976190476190476
0 0.5372023809523809 0.7068452380952381 0.29464285714285715 0.13988095238095238
0 0.7961309523809523 0.6354166666666666 0.008928571428571428 0.002976190476190476
0 0.7782738095238095 0.6205357142857143 0.002976190476190476 0.002976190476190476
0 0.7857142857142857 0.6190476190476191 0.023809523809523808 0.011904761904761904
0 0.6041666666666666 0.5610119047619048 0.011904761904761904 0.002976190476190476
0 0.6904761904761905 0.5372023809523809 0.047619047619047616 0.020833333333333332
0 0.5997023809523809 0.53125 0.026785714285714284 0.008928571428571428
0 0.6324404761904762 0.5163690476190477 0.044642857142857144 0.03273809523809524
