0 0.4642857142857143 0.8482142857142857 0.041666666666666664 0.023809523809523808
0 0.40476190476190477 0.8110119047619048 0.017857142857142856 0.01488095238095238
0 0.3794642857142857 0.7574404761904762 0.002976190476190476 0.002976190476190476
0 0.6741071428571429 0.7306547619047619 0.002976190476190476 0.002976190476190476
0 0.5386904761904762 0.7038690476190477 0.011904761904761904 0.002976190476190476
0 0.5431547619047619 0.6889880952380952 0.008928571428571428 0.002976190476190476
0 0.6220238095238095 0.6860119047619048 0.02976190476190476 0.044642857142857144
0 0.5014880952380952 0.7127976190476191 0.25297619047619047 0.14583333333333334
0 0.36607142857142855 0.6413690476190477 0.005952380952380952 0.002976190476190476
0 0.3794642857142857 0.6339285714285714 0.01488095238095238 0.005952380952380952
0 0.6294642857142857 0.5684523809523809 0.03273809523809524 0.011904761904761904
0 0.5684523809523809 0.5446428571428571 0.041666666666666664 0.023809523809523808
0 0.6235119047619048 0.5119047619047619 0.020833333333333332 0.005952380952380952
