0 0.40922619047619047 0.7217261904761905 0.01488095238095238 0.002976190476190476
0 0.40029761904761907 0.7157738095238095 0.01488095238095238 0.002976190476190476
0 0.39732142857142855 0.7068452380952381 0.002976190476190476 0.002976190476190476
0 0.5639880952380952 0.7038690476190477 0.01488095238095238 0.002976190476190476
0 0.5163690476190477 0.7172619047619048 0.25892857142857145 0.09523809523809523
0 0.6264880952380952 0.6666666666666666 0.026785714285714284 0.011904761904761904
0 0.49107142857142855 0.6577380952380952 0.023809523809523808 0.005952380952380952
0 0.59375 0.5758928571428571 0.01488095238095238 0.002976190476190476
0 0.6309523809523809 0.5610119047619048 0.02976190476190476 0.01488095238095238
0 0.6279761904761905 0.5223214285714286 0.011904761904761904 0.002976190476190476
