0 0.4479166666666667 0.7380952380952381 0.09821428571428571 0.047619047619047616
0 0.37797619047619047 0.6949404761904762 0.017857142857142856 0.008928571428571428
0 0.37648809523809523 0.6800595238095238 0.008928571428571428 0.002976190476190476
0 0.7217261904761905 0.65625 0.002976190476190476 0.002976190476190476
0 0.5535714285714286 0.625 0.03571428571428571 0.005952380952380952
0 0.6666666666666666 0.6860119047619048 0.23809523809523808 0.13392857142857142
0 0.5029761904761905 0.6190476190476191 0.02976190476190476 0.005952380952380952
0 0.48660714285714285 0.5758928571428571 0.008928571428571428 0.002976190476190476
0 0.5639880952380952 0.5833333333333334 0.050595238095238096 0.023809523809523808
0 0.6473214285714286 0.5223214285714286 0.01488095238095238 0.002976190476190476
0 0.6755952380952381 0.5223214285714286 0.023809523809523808 0.008928571428571428
0 0.7306547619047619 0.5074404761904762 0.026785714285714284 0.008928571428571428
0 0.6517857142857143 0.5074404761904762 0.03571428571428571 0.008928571428571428
0 0.6711309523809523 0.4895833333333333 0.01488095238095238 0.002976190476190476
