0 0.49255952380952384 0.8050595238095238 0.01488095238095238 0.002976190476190476
0 0.5997023809523809 0.8095238095238095 0.03869047619047619 0.023809523809523808
0 0.4880952380952381 0.7782738095238095 0.005952380952380952 0.002976190476190476
0 0.6949404761904762 0.7693452380952381 0.008928571428571428 0.002976190476190476
0 0.6369047619047619 0.7127976190476191 0.005952380952380952 0.002976190476190476
0 0.7291666666666666 0.6919642857142857 0.005952380952380952 0.002976190476190476
0 0.5297619047619048 0.6904761904761905 0.023809523809523808 0.005952380952380952
0 0.49851190476190477 0.6860119047619048 0.002976190476190476 0.002976190476190476
0 0.5907738095238095 0.6860119047619048 0.044642857142857144 0.008928571428571428
0 0.5595238095238095 0.6830357142857143 0.005952380952380952 0.002976190476190476
0 0.5505952380952381 0.6800595238095238 0.005952380952380952 0.002976190476190476
0 0.6636904761904762 0.65625 0.011904761904761904 0.002976190476190476
0 0.6473214285714286 0.6577380952380952 0.044642857142857144 0.023809523809523808
0 0.5520833333333334 0.6443452380952381 0.008928571428571428 0.002976190476190476
0 0.5580357142857143 0.7127976190476191 0.3482142857142857 0.1636904761904762
0 0.43154761904761907 0.6264880952380952 0.005952380952380952 0.002976190476190476
0 0.7752976190476191 0.6309523809523809 0.03869047619047619 0.041666666666666664
0 0.6949404761904762 0.5327380952380952 0.03273809523809524 0.011904761904761904
0 0.6651785714285714 0.5282738095238095 0.002976190476190476 0.002976190476190476
0 0.6413690476190477 0.5148809523809523 0.050595238095238096 0.02976190476190476
