0 0.5 0.8080357142857143 0.011904761904761904 0.008928571428571428
0 0.3854166666666667 0.7514880952380952 0.002976190476190476 0.002976190476190476
0 0.4479166666666667 0.7544642857142857 0.15773809523809523 0.09226190476190477
0 0.59375 0.7023809523809523 0.008928571428571428 0.011904761904761904
0 0.5952380952380952 0.6904761904761905 0.005952380952380952 0.005952380952380952
0 0.6428571428571429 0.7351190476190477 0.16666666666666666 0.1130952380952381
0 0.3898809523809524 0.6800595238095238 0.005952380952380952 0.002976190476190476
0 0.3794642857142857 0.6919642857142857 0.044642857142857144 0.03273809523809524
0 0.6666666666666666 0.6741071428571429 0.005952380952380952 0.002976190476190476
0 0.7708333333333334 0.6547619047619048 0.011904761904761904 0.005952380952380952
0 0.6235119047619048 0.6235119047619048 0.002976190476190476 0.002976190476190476
0 0.6235119047619048 0.6175595238095238 0.002976190476190476 0.002976190476190476
0 0.7529761904761905 0.6264880952380952 0.041666666666666664 0.03273809523809524
0 0.6235119047619048 0.5252976190476191 0.002976190476190476 0.002976190476190476
0 0.6473214285714286 0.5238095238095238 0.05654761904761905 0.03571428571428571
0 0.6651785714285714 0.5014880952380952 0.020833333333333332 0.002976190476190476
0 0.6949404761904762 0.5014880952380952 0.01488095238095238 0.008928571428571428
