0 0.5729166666666666 0.8586309523809523 0.01488095238095238 0.008928571428571428
0 0.5223214285714286 0.8035714285714286 0.026785714285714284 0.023809523809523808
0 0.47470238095238093 0.8020833333333334 0.008928571428571428 0.020833333333333332
0 0.5148809523809523 0.7857142857142857 0.011904761904761904 0.005952380952380952
0 0.5 0.7648809523809523 0.017857142857142856 0.011904761904761904
0 0.5133928571428571 0.7247023809523809 0.002976190476190476 0.002976190476190476
0 0.5431547619047619 0.7485119047619048 0.050595238095238096 0.05654761904761905
0 0.47172619047619047 0.7217261904761905 0.008928571428571428 0.002976190476190476
0 0.5133928571428571 0.71875 0.002976190476190476 0.002976190476190476
0 0.49255952380952384 0.7157738095238095 0.002976190476190476 0.002976190476190476
0 0.5223214285714286 0.7127976190476191 0.002976190476190476 0.002976190476190476
0 0.6502976190476191 0.6056547619047619 0.002976190476190476 0.002976190476190476
0 0.6458333333333334 0.6666666666666666 0.125 0.13095238095238096
0 0.5848214285714286 0.6041666666666666 0.020833333333333332 0.005952380952380952
0 0.5401785714285714 0.5997023809523809 0.05654761904761905 0.020833333333333332
0 0.4955357142857143 0.5639880952380952 0.05654761904761905 0.044642857142857144
0 0.7068452380952381 0.49255952380952384 0.002976190476190476 0.002976190476190476
0 0.6800595238095238 0.49107142857142855 0.03273809523809524 0.011904761904761904
