0 0.5104166666666666 0.7485119047619048 0.12202380952380952 0.026785714285714284
0 0.5833333333333334 0.7351190476190477 0.017857142857142856 0.005952380952380952
0 0.3898809523809524 0.7157738095238095 0.005952380952380952 0.002976190476190476
0 0.6220238095238095 0.6994047619047619 0.05357142857142857 0.047619047619047616
0 0.4181547619047619 0.7008928571428571 0.0625 0.0625
0 0.6279761904761905 0.6666666666666666 0.02976190476190476 0.011904761904761904
0 0.4806547619047619 0.6577380952380952 0.03869047619047619 0.005952380952380952
0 0.5848214285714286 0.5758928571428571 0.008928571428571428 0.002976190476190476
0 0.6294642857142857 0.5595238095238095 0.026785714285714284 0.017857142857142856
0 0.6815476190476191 0.5416666666666666 0.041666666666666664 0.017857142857142856
0 0.7098214285714286 0.5282738095238095 0.008928571428571428 0.002976190476190476
0 0.6190476190476191 0.5282738095238095 0.005952380952380952 0.002976190476190476
0 0.5758928571428571 0.5133928571428571 0.002976190476190476 0.002976190476190476
