0 0.5357142857142857 0.7544642857142857 0.011904761904761904 0.008928571428571428
0 0.625 0.7306547619047619 0.017857142857142856 0.008928571428571428
0 0.4211309523809524 0.7276785714285714 0.008928571428571428 0.002976190476190476
0 0.43898809523809523 0.7395833333333334 0.044642857142857144 0.03273809523809524
0 0.5059523809523809 0.7202380952380952 0.011904761904761904 0.005952380952380952
0 0.6279761904761905 0.7127976190476191 0.005952380952380952 0.008928571428571428
0 0.3794642857142857 0.6949404761904762 0.002976190476190476 0.002976190476190476
0 0.6086309523809523 0.6800595238095238 0.020833333333333332 0.01488095238095238
0 0.6026785714285714 0.6666666666666666 0.008928571428571428 0.005952380952380952
0 0.7261904761904762 0.6383928571428571 0.017857142857142856 0.020833333333333332
0 0.6205357142857143 0.6116071428571429 0.002976190476190476 0.002976190476190476
0 0.5788690476190477 0.6116071428571429 0.01488095238095238 0.002976190476190476
0 0.6116071428571429 0.6056547619047619 0.002976190476190476 0.002976190476190476
0 0.6056547619047619 0.6026785714285714 0.002976190476190476 0.002976190476190476
0 0.6175595238095238 0.6547619047619048 0.19940476190476192 0.10714285714285714
0 0.5907738095238095 0.5982142857142857 0.002976190476190476 0.005952380952380952
0 0.5744047619047619 0.5967261904761905 0.011904761904761904 0.002976190476190476
0 0.5282738095238095 0.5863095238095238 0.008928571428571428 0.005952380952380952
0 0.4791666666666667 0.5684523809523809 0.07142857142857142 0.05952380952380952
0 0.6934523809523809 0.5059523809523809 0.017857142857142856 0.005952380952380952
