0 0.5104166666666666 0.7276785714285714 0.01488095238095238 0.002976190476190476
0 0.53125 0.7217261904761905 0.01488095238095238 0.002976190476190476
0 0.5133928571428571 0.7217261904761905 0.002976190476190476 0.002976190476190476
0 0.44642857142857145 0.7395833333333334 0.10714285714285714 0.050595238095238096
0 0.37797619047619047 0.7038690476190477 0.005952380952380952 0.002976190476190476
0 0.3794642857142857 0.6949404761904762 0.020833333333333332 0.008928571428571428
0 0.5967261904761905 0.6800595238095238 0.020833333333333332 0.002976190476190476
0 0.37351190476190477 0.6800595238095238 0.002976190476190476 0.002976190476190476
0 0.5565476190476191 0.625 0.03571428571428571 0.005952380952380952
0 0.6622023809523809 0.6875 0.25297619047619047 0.13690476190476192
0 0.4955357142857143 0.6175595238095238 0.01488095238095238 0.002976190476190476
0 0.5074404761904762 0.6145833333333334 0.002976190476190476 0.002976190476190476
0 0.4895833333333333 0.5758928571428571 0.008928571428571428 0.002976190476190476
0 0.5639880952380952 0.5833333333333334 0.050595238095238096 0.023809523809523808
0 0.6622023809523809 0.5238095238095238 0.044642857142857144 0.011904761904761904
0 0.71875 0.5074404761904762 0.002976190476190476 0.002976190476190476
0 0.6473214285714286 0.5074404761904762 0.03273809523809524 0.008928571428571428
0 0.7068452380952381 0.49851190476190477 0.008928571428571428 0.002976190476190476
0 0.6711309523809523 0.4895833333333333 0.01488095238095238 0.002976190476190476
