0 0.53125 0.7395833333333334 0.1636904761904762 0.044642857142857144
0 0.6279761904761905 0.7068452380952381 0.005952380952380952 0.002976190476190476
0 0.5089285714285714 0.6785714285714286 0.005952380952380952 0.005952380952380952
0 0.44345238095238093 0.6994047619047619 0.1130952380952381 0.05952380952380952
0 0.6145833333333334 0.6889880952380952 0.05654761904761905 0.05654761904761905
0 0.5803571428571429 0.6101190476190477 0.03571428571428571 0.005952380952380952
0 0.59375 0.59375 0.03869047619047619 0.01488095238095238
0 0.59375 0.5714285714285714 0.050595238095238096 0.017857142857142856
0 0.5744047619047619 0.5461309523809523 0.005952380952380952 0.002976190476190476
0 0.6949404761904762 0.5431547619047619 0.008928571428571428 0.002976190476190476
0 0.5416666666666666 0.5401785714285714 0.005952380952380952 0.002976190476190476
0 0.5565476190476191 0.5372023809523809 0.005952380952380952 0.002976190476190476
0 0.7440476190476191 0.5297619047619048 0.017857142857142856 0.005952380952380952
0 0.6339285714285714 0.49255952380952384 0.017857142857142856 0.002976190476190476
