0 0.4642857142857143 0.8452380952380952 0.041666666666666664 0.03571428571428571
0 0.4479166666666667 0.7782738095238095 0.002976190476190476 0.002976190476190476
0 0.65625 0.7366071428571429 0.026785714285714284 0.002976190476190476
0 0.6294642857142857 0.7336309523809523 0.002976190476190476 0.002976190476190476
0 0.6696428571428571 0.7306547619047619 0.005952380952380952 0.002976190476190476
0 0.36160714285714285 0.7083333333333334 0.008928571428571428 0.005952380952380952
0 0.6116071428571429 0.7068452380952381 0.05654761904761905 0.08630952380952381
0 0.42410714285714285 0.6383928571428571 0.002976190476190476 0.002976190476190476
0 0.4732142857142857 0.7098214285714286 0.21428571428571427 0.15773809523809523
0 0.5595238095238095 0.5863095238095238 0.011904761904761904 0.005952380952380952
0 0.5952380952380952 0.5848214285714286 0.05357142857142857 0.01488095238095238
0 0.6235119047619048 0.5669642857142857 0.020833333333333332 0.01488095238095238
0 0.5491071428571429 0.5520833333333334 0.002976190476190476 0.002976190476190476
0 0.5163690476190477 0.5431547619047619 0.002976190476190476 0.002976190476190476
0 0.5238095238095238 0.5401785714285714 0.005952380952380952 0.002976190476190476
0 0.6696428571428571 0.5461309523809523 0.05952380952380952 0.026785714285714284
0 0.6547619047619048 0.5342261904761905 0.005952380952380952 0.002976190476190476
0 0.5744047619047619 0.5461309523809523 0.047619047619047616 0.026785714285714284
0 0.6294642857142857 0.5372023809523809 0.008928571428571428 0.01488095238095238
0 0.7157738095238095 0.5297619047619048 0.008928571428571428 0.005952380952380952
0 0.6309523809523809 0.5163690476190477 0.023809523809523808 0.020833333333333332
0 0.6190476190476191 0.5059523809523809 0.005952380952380952 0.005952380952380952
0 0.6636904761904762 0.49851190476190477 0.005952380952380952 0.002976190476190476
0 0.625 0.44047619047619047 0.03571428571428571 0.023809523809523808
