0 0.5714285714285714 0.7410714285714286 0.017857142857142856 0.005952380952380952
0 0.5729166666666666 0.7157738095238095 0.01488095238095238 0.002976190476190476
0 0.5729166666666666 0.7098214285714286 0.008928571428571428 0.002976190476190476
0 0.5282738095238095 0.7098214285714286 0.002976190476190476 0.002976190476190476
0 0.6235119047619048 0.7395833333333334 0.13392857142857142 0.12797619047619047
0 0.6383928571428571 0.6636904761904762 0.044642857142857144 0.011904761904761904
0 0.44047619047619047 0.7261904761904762 0.17261904761904762 0.16071428571428573
0 0.5104166666666666 0.6205357142857143 0.01488095238095238 0.008928571428571428
0 0.7589285714285714 0.6145833333333334 0.011904761904761904 0.002976190476190476
0 0.6726190476190477 0.5461309523809523 0.023809523809523808 0.008928571428571428
0 0.5922619047619048 0.5446428571428571 0.005952380952380952 0.005952380952380952
0 0.6086309523809523 0.5133928571428571 0.002976190476190476 0.002976190476190476
0 0.625 0.5044642857142857 0.011904761904761904 0.002976190476190476
0 0.6502976190476191 0.5133928571428571 0.11607142857142858 0.03869047619047619
