0 0.4583333333333333 0.8467261904761905 0.041666666666666664 0.03273809523809524
0 0.40625 0.8169642857142857 0.01488095238095238 0.002976190476190476
0 0.4017857142857143 0.8050595238095238 0.023809523809523808 0.01488095238095238
0 0.3958333333333333 0.7872023809523809 0.005952380952380952 0.002976190476190476
0 0.4107142857142857 0.7738095238095238 0.017857142857142856 0.005952380952380952
0 0.3854166666666667 0.7604166666666666 0.002976190476190476 0.002976190476190476
0 0.39285714285714285 0.7529761904761905 0.02976190476190476 0.005952380952380952
0 0.3898809523809524 0.7455357142857143 0.011904761904761904 0.002976190476190476
0 0.5699404761904762 0.6949404761904762 0.008928571428571428 0.002976190476190476
0 0.5357142857142857 0.6949404761904762 0.005952380952380952 0.002976190476190476
0 0.6369047619047619 0.6800595238095238 0.005952380952380952 0.002976190476190476
0 0.6607142857142857 0.6711309523809523 0.017857142857142856 0.002976190476190476
0 0.5014880952380952 0.6651785714285714 0.002976190476190476 0.002976190476190476
0 0.4895833333333333 0.6651785714285714 0.002976190476190476 0.002976190476190476
0 0.47023809523809523 0.65625 0.023809523809523808 0.008928571428571428
0 0.5178571428571429 0.6502976190476191 0.005952380952380952 0.002976190476190476
0 0.3869047619047619 0.6502976190476191 0.005952380952380952 0.002976190476190476
0 0.47767857142857145 0.6413690476190477 0.002976190476190476 0.002976190476190476
0 0.5044642857142857 0.7127976190476191 0.2648809523809524 0.14583333333333334
0 0.5922619047619048 0.5833333333333334 0.03571428571428571 0.023809523809523808
0 0.5699404761904762 0.5476190476190477 0.03869047619047619 0.011904761904761904
0 0.6934523809523809 0.5431547619047619 0.023809523809523808 0.008928571428571428
0 0.5327380952380952 0.5267857142857143 0.005952380952380952 0.005952380952380952
0 0.5401785714285714 0.5193452380952381 0.002976190476190476 0.002976190476190476
0 0.5803571428571429 0.5089285714285714 0.02976190476190476 0.017857142857142856
