0 0.40327380952380953 0.7366071428571429 0.01488095238095238 0.008928571428571428
0 0.45089285714285715 0.7395833333333334 0.0744047619047619 0.03869047619047619
0 0.37648809523809523 0.6964285714285714 0.01488095238095238 0.005952380952380952
0 0.6235119047619048 0.65625 0.002976190476190476 0.002976190476190476
0 0.6785714285714286 0.6488095238095238 0.005952380952380952 0.005952380952380952
0 0.6071428571428571 0.6413690476190477 0.005952380952380952 0.002976190476190476
0 0.6041666666666666 0.6369047619047619 0.011904761904761904 0.005952380952380952
0 0.6696428571428571 0.6815476190476191 0.17261904761904762 0.125
0 0.5565476190476191 0.6324404761904762 0.10714285714285714 0.03869047619047619
0 0.6026785714285714 0.6101190476190477 0.01488095238095238 0.005952380952380952
0 0.5208333333333334 0.6056547619047619 0.005952380952380952 0.002976190476190476
0 0.49851190476190477 0.59375 0.002976190476190476 0.002976190476190476
0 0.4895833333333333 0.59375 0.002976190476190476 0.002976190476190476
0 0.5714285714285714 0.5848214285714286 0.005952380952380952 0.002976190476190476
0 0.48214285714285715 0.5773809523809523 0.017857142857142856 0.011904761904761904
0 0.4851190476190476 0.5699404761904762 0.005952380952380952 0.002976190476190476
0 0.6577380952380952 0.5089285714285714 0.023809523809523808 0.005952380952380952
0 0.7291666666666666 0.5074404761904762 0.02976190476190476 0.008928571428571428
0 0.6875 0.5059523809523809 0.017857142857142856 0.005952380952380952
0 0.6488095238095238 0.5014880952380952 0.011904761904761904 0.002976190476190476
