0 0.5818452380952381 0.8110119047619048 0.002976190476190476 0.002976190476190476
0 0.5997023809523809 0.7961309523809523 0.002976190476190476 0.002976190476190476
0 0.5074404761904762 0.7842261904761905 0.026785714285714284 0.002976190476190476
0 0.6011904761904762 0.7782738095238095 0.005952380952380952 0.002976190476190476
0 0.7261904761904762 0.7514880952380952 0.011904761904761904 0.002976190476190476
0 0.4270833333333333 0.7485119047619048 0.008928571428571428 0.002976190476190476
0 0.7247023809523809 0.7425595238095238 0.002976190476190476 0.002976190476190476
0 0.5877976190476191 0.6889880952380952 0.002976190476190476 0.002976190476190476
0 0.5818452380952381 0.6651785714285714 0.020833333333333332 0.002976190476190476
0 0.5416666666666666 0.7157738095238095 0.30952380952380953 0.14583333333333334
0 0.7827380952380952 0.6279761904761905 0.041666666666666664 0.02976190476190476
0 0.6607142857142857 0.5461309523809523 0.011904761904761904 0.002976190476190476
0 0.5997023809523809 0.5342261904761905 0.008928571428571428 0.002976190476190476
0 0.6934523809523809 0.5357142857142857 0.03571428571428571 0.017857142857142856
0 0.6860119047619048 0.5178571428571429 0.026785714285714284 0.005952380952380952
0 0.6458333333333334 0.5193452380952381 0.05952380952380952 0.044642857142857144
