0 0.4017857142857143 0.8139880952380952 0.011904761904761904 0.002976190476190476
0 0.5089285714285714 0.7663690476190477 0.011904761904761904 0.002976190476190476
0 0.4955357142857143 0.7663690476190477 0.008928571428571428 0.002976190476190476
0 0.43154761904761907 0.7425595238095238 0.011904761904761904 0.002976190476190476
0 0.41369047619047616 0.7440476190476191 0.017857142857142856 0.011904761904761904
0 0.5982142857142857 0.7053571428571429 0.07738095238095238 0.08333333333333333
0 0.47023809523809523 0.7113095238095238 0.17261904761904762 0.10119047619047619
0 0.43898809523809523 0.65625 0.09226190476190477 0.008928571428571428
0 0.625 0.5699404761904762 0.023809523809523808 0.020833333333333332
0 0.6235119047619048 0.5550595238095238 0.002976190476190476 0.002976190476190476
0 0.5491071428571429 0.5401785714285714 0.01488095238095238 0.002976190476190476
0 0.6279761904761905 0.5238095238095238 0.011904761904761904 0.005952380952380952
0 0.6279761904761905 0.5104166666666666 0.011904761904761904 0.01488095238095238
