0 0.43005952380952384 0.7633928571428571 0.008928571428571428 0.002976190476190476
0 0.5282738095238095 0.7485119047619048 0.008928571428571428 0.002976190476190476
0 0.5550595238095238 0.7261904761904762 0.01488095238095238 0.005952380952380952
0 0.5327380952380952 0.7232142857142857 0.011904761904761904 0.005952380952380952
0 0.5342261904761905 0.625 0.01488095238095238 0.011904761904761904
0 0.6086309523809523 0.5818452380952381 0.002976190476190476 0.002976190476190476
0 0.5967261904761905 0.6145833333333334 0.16964285714285715 0.08035714285714286
0 0.4806547619047619 0.5669642857142857 0.002976190476190476 0.002976190476190476
0 0.46130952380952384 0.5669642857142857 0.005952380952380952 0.002976190476190476
0 0.48214285714285715 0.5565476190476191 0.005952380952380952 0.005952380952380952
0 0.6726190476190477 0.5059523809523809 0.011904761904761904 0.005952380952380952
0 0.6354166666666666 0.5014880952380952 0.008928571428571428 0.002976190476190476
