0 0.47767857142857145 0.7604166666666666 0.002976190476190476 0.002976190476190476
0 0.6919642857142857 0.7336309523809523 0.002976190476190476 0.002976190476190476
0 0.4479166666666667 0.7440476190476191 0.11607142857142858 0.041666666666666664
0 0.5208333333333334 0.7247023809523809 0.017857142857142856 0.008928571428571428
0 0.3794642857142857 0.6979166666666666 0.020833333333333332 0.01488095238095238
0 0.375 0.6830357142857143 0.005952380952380952 0.002976190476190476
0 0.6443452380952381 0.71875 0.1636904761904762 0.09226190476190477
0 0.7395833333333334 0.6622023809523809 0.008928571428571428 0.002976190476190476
0 0.6220238095238095 0.6622023809523809 0.005952380952380952 0.002976190476190476
0 0.5833333333333334 0.6324404761904762 0.005952380952380952 0.002976190476190476
0 0.5758928571428571 0.6294642857142857 0.002976190476190476 0.002976190476190476
0 0.71875 0.6235119047619048 0.002976190476190476 0.002976190476190476
0 0.6473214285714286 0.6279761904761905 0.050595238095238096 0.011904761904761904
0 0.5580357142857143 0.6279761904761905 0.01488095238095238 0.011904761904761904
0 0.7574404761904762 0.6458333333333334 0.06845238095238096 0.05357142857142857
0 0.5431547619047619 0.6160714285714286 0.008928571428571428 0.005952380952380952
0 0.5758928571428571 0.5907738095238095 0.01488095238095238 0.008928571428571428
0 0.5833333333333334 0.5833333333333334 0.011904761904761904 0.005952380952380952
0 0.4836309523809524 0.5669642857142857 0.002976190476190476 0.002976190476190476
0 0.6369047619047619 0.5372023809523809 0.005952380952380952 0.002976190476190476
0 0.6279761904761905 0.5372023809523809 0.005952380952380952 0.002976190476190476
0 0.6592261904761905 0.5282738095238095 0.050595238095238096 0.01488095238095238
0 0.6473214285714286 0.5104166666666666 0.03869047619047619 0.020833333333333332
0 0.7053571428571429 0.5 0.005952380952380952 0.005952380952380952
