0 0.5386904761904762 0.7529761904761905 0.017857142857142856 0.005952380952380952
0 0.44345238095238093 0.7380952380952381 0.041666666666666664 0.02976190476190476
0 0.4226190476190476 0.7247023809523809 0.005952380952380952 0.002976190476190476
0 0.5357142857142857 0.6636904761904762 0.023809523809523808 0.005952380952380952
0 0.45089285714285715 0.6488095238095238 0.008928571428571428 0.005952380952380952
0 0.5907738095238095 0.6324404761904762 0.002976190476190476 0.002976190476190476
0 0.6294642857142857 0.6726190476190477 0.22321428571428573 0.125
0 0.5074404761904762 0.5877976190476191 0.002976190476190476 0.002976190476190476
0 0.6086309523809523 0.5848214285714286 0.008928571428571428 0.002976190476190476
0 0.5119047619047619 0.5818452380952381 0.005952380952380952 0.002976190476190476
0 0.5148809523809523 0.5758928571428571 0.023809523809523808 0.002976190476190476
0 0.5178571428571429 0.5684523809523809 0.017857142857142856 0.005952380952380952
0 0.4166666666666667 0.5684523809523809 0.017857142857142856 0.005952380952380952
0 0.47767857142857145 0.5699404761904762 0.05654761904761905 0.05654761904761905
0 0.6919642857142857 0.5044642857142857 0.026785714285714284 0.008928571428571428
0 0.6592261904761905 0.5059523809523809 0.03273809523809524 0.011904761904761904
