0 0.5699404761904762 0.8139880952380952 0.002976190476190476 0.002976190476190476
0 0.49107142857142855 0.8050595238095238 0.011904761904761904 0.002976190476190476
0 0.5952380952380952 0.8080357142857143 0.047619047619047616 0.026785714285714284
0 0.43452380952380953 0.7872023809523809 0.005952380952380952 0.002976190476190476
0 0.5952380952380952 0.78125 0.005952380952380952 0.002976190476190476
0 0.6964285714285714 0.7693452380952381 0.011904761904761904 0.008928571428571428
0 0.6636904761904762 0.7678571428571429 0.011904761904761904 0.011904761904761904
0 0.6026785714285714 0.7574404761904762 0.002976190476190476 0.002976190476190476
0 0.5610119047619048 0.6949404761904762 0.008928571428571428 0.002976190476190476
0 0.5461309523809523 0.6949404761904762 0.008928571428571428 0.002976190476190476
0 0.7068452380952381 0.6889880952380952 0.002976190476190476 0.002976190476190476
0 0.5238095238095238 0.6904761904761905 0.02976190476190476 0.005952380952380952
0 0.5907738095238095 0.6860119047619048 0.044642857142857144 0.008928571428571428
0 0.5625 0.6830357142857143 0.005952380952380952 0.002976190476190476
0 0.6651785714285714 0.65625 0.008928571428571428 0.002976190476190476
0 0.5520833333333334 0.6443452380952381 0.008928571428571428 0.002976190476190476
0 0.43601190476190477 0.6443452380952381 0.002976190476190476 0.002976190476190476
0 0.5565476190476191 0.7142857142857143 0.35119047619047616 0.16666666666666666
0 0.42857142857142855 0.6279761904761905 0.017857142857142856 0.005952380952380952
0 0.7872023809523809 0.6205357142857143 0.002976190476190476 0.002976190476190476
0 0.7723214285714286 0.6309523809523809 0.03273809523809524 0.041666666666666664
0 0.7842261904761905 0.6056547619047619 0.01488095238095238 0.008928571428571428
0 0.6979166666666666 0.5297619047619048 0.026785714285714284 0.005952380952380952
0 0.6458333333333334 0.5148809523809523 0.047619047619047616 0.02976190476190476
