0 0.5788690476190477 0.8005952380952381 0.020833333333333332 0.023809523809523808
0 0.5639880952380952 0.7723214285714286 0.01488095238095238 0.002976190476190476
0 0.6517857142857143 0.7633928571428571 0.005952380952380952 0.002976190476190476
0 0.6592261904761905 0.7336309523809523 0.008928571428571428 0.002976190476190476
0 0.5223214285714286 0.7008928571428571 0.05654761904761905 0.01488095238095238
0 0.6383928571428571 0.6845238095238095 0.008928571428571428 0.005952380952380952
0 0.6294642857142857 0.6755952380952381 0.026785714285714284 0.005952380952380952
0 0.6235119047619048 0.6651785714285714 0.002976190476190476 0.002976190476190476
0 0.46875 0.6413690476190477 0.008928571428571428 0.002976190476190476
0 0.5089285714285714 0.7202380952380952 0.30952380952380953 0.17857142857142858
0 0.6800595238095238 0.5491071428571429 0.008928571428571428 0.002976190476190476
0 0.6741071428571429 0.5401785714285714 0.002976190476190476 0.002976190476190476
0 0.6309523809523809 0.5401785714285714 0.005952380952380952 0.002976190476190476
0 0.5833333333333334 0.5461309523809523 0.03571428571428571 0.03273809523809524
0 0.6755952380952381 0.5297619047619048 0.02976190476190476 0.011904761904761904
0 0.6428571428571429 0.5252976190476191 0.02976190476190476 0.03273809523809524
0 0.6949404761904762 0.5074404761904762 0.01488095238095238 0.002976190476190476
0 0.6428571428571429 0.5044642857142857 0.005952380952380952 0.002976190476190476
