0 0.5699404761904762 0.8214285714285714 0.01488095238095238 0.011904761904761904
0 0.4270833333333333 0.7276785714285714 0.008928571428571428 0.002976190476190476
0 0.43154761904761907 0.71875 0.02976190476190476 0.008928571428571428
0 0.5684523809523809 0.7098214285714286 0.03571428571428571 0.002976190476190476
0 0.43005952380952384 0.7098214285714286 0.008928571428571428 0.002976190476190476
0 0.7172619047619048 0.7068452380952381 0.005952380952380952 0.002976190476190476
0 0.5535714285714286 0.7038690476190477 0.005952380952380952 0.002976190476190476
0 0.5907738095238095 0.7038690476190477 0.01488095238095238 0.01488095238095238
0 0.5282738095238095 0.7559523809523809 0.15178571428571427 0.11904761904761904
0 0.3958333333333333 0.6875 0.03571428571428571 0.023809523809523808
0 0.38392857142857145 0.6696428571428571 0.023809523809523808 0.005952380952380952
0 0.6205357142857143 0.6651785714285714 0.002976190476190476 0.002976190476190476
0 0.4017857142857143 0.6502976190476191 0.005952380952380952 0.002976190476190476
0 0.6205357142857143 0.6354166666666666 0.002976190476190476 0.002976190476190476
0 0.6800595238095238 0.6145833333333334 0.002976190476190476 0.002976190476190476
0 0.6815476190476191 0.6770833333333334 0.17857142857142858 0.13988095238095238
0 0.5788690476190477 0.5699404761904762 0.03273809523809524 0.020833333333333332
0 0.6934523809523809 0.49255952380952384 0.03571428571428571 0.008928571428571428
0 0.6904761904761905 0.4836309523809524 0.005952380952380952 0.002976190476190476
0 0.6592261904761905 0.48214285714285715 0.020833333333333332 0.005952380952380952
