0 0.6592261904761905 0.7455357142857143 0.002976190476190476 0.002976190476190476
0 0.5550595238095238 0.7366071428571429 0.01488095238095238 0.002976190476190476
0 0.41220238095238093 0.7247023809523809 0.002976190476190476 0.002976190476190476
0 0.44494047619047616 0.7395833333333334 0.09821428571428571 0.03869047619047619
0 0.44642857142857145 0.71875 0.011904761904761904 0.002976190476190476
0 0.5967261904761905 0.7068452380952381 0.002976190476190476 0.002976190476190476
0 0.375 0.6949404761904762 0.011904761904761904 0.002976190476190476
0 0.6428571428571429 0.6711309523809523 0.023809523809523808 0.002976190476190476
0 0.5357142857142857 0.6607142857142857 0.017857142857142856 0.005952380952380952
0 0.7038690476190477 0.65625 0.020833333333333332 0.002976190476190476
0 0.49255952380952384 0.6592261904761905 0.020833333333333332 0.008928571428571428
0 0.4568452380952381 0.6502976190476191 0.008928571428571428 0.002976190476190476
0 0.7202380952380952 0.6488095238095238 0.005952380952380952 0.005952380952380952
0 0.7574404761904762 0.6443452380952381 0.002976190476190476 0.002976190476190476
0 0.6860119047619048 0.6383928571428571 0.002976190476190476 0.002976190476190476
0 0.46279761904761907 0.6428571428571429 0.03273809523809524 0.011904761904761904
0 0.5773809523809523 0.6383928571428571 0.03571428571428571 0.01488095238095238
0 0.5476190476190477 0.6294642857142857 0.03571428571428571 0.01488095238095238
0 0.6696428571428571 0.6830357142857143 0.17857142857142858 0.12797619047619047
0 0.5238095238095238 0.6190476190476191 0.05357142857142857 0.005952380952380952
0 0.5744047619047619 0.5877976190476191 0.017857142857142856 0.008928571428571428
0 0.49404761904761907 0.5848214285714286 0.005952380952380952 0.002976190476190476
0 0.4851190476190476 0.5818452380952381 0.005952380952380952 0.002976190476190476
0 0.48660714285714285 0.5758928571428571 0.008928571428571428 0.002976190476190476
0 0.5208333333333334 0.5669642857142857 0.02976190476190476 0.008928571428571428
0 0.47767857142857145 0.5654761904761905 0.01488095238095238 0.005952380952380952
0 0.6651785714285714 0.5193452380952381 0.002976190476190476 0.002976190476190476
0 0.6607142857142857 0.5089285714285714 0.017857142857142856 0.005952380952380952
0 0.7261904761904762 0.5059523809523809 0.041666666666666664 0.011904761904761904
0 0.6860119047619048 0.5044642857142857 0.020833333333333332 0.008928571428571428
0 0.65625 0.5014880952380952 0.020833333333333332 0.002976190476190476
0 0.6755952380952381 0.49255952380952384 0.011904761904761904 0.008928571428571428
