0 0.5089285714285714 0.8333333333333334 0.011904761904761904 0.005952380952380952
0 0.5252976190476191 0.6919642857142857 0.002976190476190476 0.002976190476190476
0 0.3869047619047619 0.6919642857142857 0.005952380952380952 0.002976190476190476
0 0.5625 0.6860119047619048 0.005952380952380952 0.002976190476190476
0 0.5520833333333334 0.6860119047619048 0.002976190476190476 0.002976190476190476
0 0.5252976190476191 0.6860119047619048 0.002976190476190476 0.002976190476190476
0 0.5744047619047619 0.6845238095238095 0.005952380952380952 0.005952380952380952
0 0.6889880952380952 0.6711309523809523 0.002976190476190476 0.002976190476190476
0 0.6681547619047619 0.6681547619047619 0.002976190476190476 0.002976190476190476
0 0.5252976190476191 0.7098214285714286 0.25892857142857145 0.10416666666666667
0 0.6473214285714286 0.65625 0.002976190476190476 0.002976190476190476
0 0.39732142857142855 0.65625 0.002976190476190476 0.002976190476190476
0 0.41517857142857145 0.6502976190476191 0.002976190476190476 0.002976190476190476
0 0.5044642857142857 0.6517857142857143 0.17559523809523808 0.02976190476190476
0 0.6145833333333334 0.5580357142857143 0.03273809523809524 0.01488095238095238
0 0.6889880952380952 0.5401785714285714 0.044642857142857144 0.020833333333333332
0 0.6190476190476191 0.5223214285714286 0.041666666666666664 0.020833333333333332
0 0.6309523809523809 0.5074404761904762 0.017857142857142856 0.002976190476190476
0 0.625 0.5014880952380952 0.005952380952380952 0.002976190476190476
