0 0.5386904761904762 0.7544642857142857 0.005952380952380952 0.002976190476190476
0 0.5729166666666666 0.7261904761904762 0.026785714285714284 0.005952380952380952
0 0.6190476190476191 0.7514880952380952 0.14285714285714285 0.11607142857142858
0 0.6547619047619048 0.6770833333333334 0.011904761904761904 0.002976190476190476
0 0.4479166666666667 0.7261904761904762 0.18154761904761904 0.16666666666666666
0 0.7663690476190477 0.6116071428571429 0.020833333333333332 0.002976190476190476
0 0.6726190476190477 0.5431547619047619 0.03571428571428571 0.01488095238095238
0 0.6354166666666666 0.5357142857142857 0.008928571428571428 0.005952380952380952
0 0.7261904761904762 0.5119047619047619 0.011904761904761904 0.005952380952380952
0 0.6458333333333334 0.5163690476190477 0.1130952380952381 0.03273809523809524
0 0.7008928571428571 0.4895833333333333 0.020833333333333332 0.008928571428571428
