0 0.44494047619047616 0.7395833333333334 0.09821428571428571 0.03869047619047619
0 0.4479166666666667 0.71875 0.01488095238095238 0.002976190476190476
0 0.5967261904761905 0.7068452380952381 0.002976190476190476 0.002976190476190476
0 0.37797619047619047 0.6934523809523809 0.017857142857142856 0.005952380952380952
0 0.5372023809523809 0.6622023809523809 0.008928571428571428 0.002976190476190476
0 0.4895833333333333 0.6592261904761905 0.026785714285714284 0.008928571428571428
0 0.4538690476190476 0.6502976190476191 0.002976190476190476 0.002976190476190476
0 0.7217261904761905 0.6488095238095238 0.008928571428571428 0.005952380952380952
0 0.5744047619047619 0.6413690476190477 0.011904761904761904 0.002976190476190476
0 0.46279761904761907 0.6428571428571429 0.03273809523809524 0.011904761904761904
0 0.7723214285714286 0.6324404761904762 0.002976190476190476 0.002976190476190476
0 0.5476190476190477 0.6279761904761905 0.03571428571428571 0.011904761904761904
0 0.6532738095238095 0.6845238095238095 0.2113095238095238 0.13095238095238096
0 0.5372023809523809 0.6175595238095238 0.01488095238095238 0.002976190476190476
0 0.5059523809523809 0.6190476190476191 0.02976190476190476 0.005952380952380952
0 0.5758928571428571 0.5877976190476191 0.020833333333333332 0.008928571428571428
0 0.5788690476190477 0.5788690476190477 0.002976190476190476 0.002976190476190476
0 0.5372023809523809 0.5699404761904762 0.020833333333333332 0.008928571428571428
0 0.5119047619047619 0.5669642857142857 0.011904761904761904 0.008928571428571428
0 0.47619047619047616 0.5654761904761905 0.017857142857142856 0.005952380952380952
0 0.6607142857142857 0.5252976190476191 0.011904761904761904 0.002976190476190476
0 0.6651785714285714 0.5193452380952381 0.008928571428571428 0.002976190476190476
0 0.6577380952380952 0.5089285714285714 0.023809523809523808 0.005952380952380952
0 0.7261904761904762 0.5059523809523809 0.041666666666666664 0.011904761904761904
0 0.6875 0.5044642857142857 0.017857142857142856 0.008928571428571428
0 0.6547619047619048 0.5014880952380952 0.017857142857142856 0.002976190476190476
0 0.6741071428571429 0.49107142857142855 0.01488095238095238 0.005952380952380952
