0 0.71875 0.7336309523809523 0.01488095238095238 0.002976190476190476
0 0.5133928571428571 0.7261904761904762 0.008928571428571428 0.005952380952380952
0 0.4479166666666667 0.7410714285714286 0.12202380952380952 0.047619047619047616
0 0.44494047619047616 0.71875 0.002976190476190476 0.002976190476190476
0 0.41964285714285715 0.7157738095238095 0.011904761904761904 0.002976190476190476
0 0.37797619047619047 0.6979166666666666 0.02976190476190476 0.03273809523809524
0 0.6443452380952381 0.7217261904761905 0.1636904761904762 0.10416666666666667
0 0.7514880952380952 0.6681547619047619 0.002976190476190476 0.002976190476190476
0 0.5758928571428571 0.6294642857142857 0.002976190476190476 0.002976190476190476
0 0.5461309523809523 0.6235119047619048 0.002976190476190476 0.002976190476190476
0 0.6398809523809523 0.6264880952380952 0.041666666666666664 0.01488095238095238
0 0.5446428571428571 0.6175595238095238 0.005952380952380952 0.002976190476190476
0 0.7648809523809523 0.6428571428571429 0.05357142857142857 0.05952380952380952
0 0.46577380952380953 0.5758928571428571 0.008928571428571428 0.002976190476190476
0 0.6473214285714286 0.5208333333333334 0.05654761904761905 0.041666666666666664
