0 0.4270833333333333 0.7857142857142857 0.026785714285714284 0.023809523809523808
0 0.65625 0.7723214285714286 0.008928571428571428 0.002976190476190476
0 0.6473214285714286 0.7574404761904762 0.008928571428571428 0.002976190476190476
0 0.6979166666666666 0.7366071428571429 0.002976190476190476 0.002976190476190476
0 0.47619047619047616 0.7217261904761905 0.011904761904761904 0.002976190476190476
0 0.48660714285714285 0.7157738095238095 0.008928571428571428 0.002976190476190476
0 0.5967261904761905 0.7142857142857143 0.03273809523809524 0.017857142857142856
0 0.6056547619047619 0.7008928571428571 0.008928571428571428 0.002976190476190476
0 0.6086309523809523 0.6845238095238095 0.008928571428571428 0.005952380952380952
0 0.41369047619047616 0.6711309523809523 0.017857142857142856 0.002976190476190476
0 0.7038690476190477 0.6488095238095238 0.002976190476190476 0.005952380952380952
0 0.6949404761904762 0.6488095238095238 0.002976190476190476 0.005952380952380952
0 0.4330357142857143 0.6383928571428571 0.002976190476190476 0.002976190476190476
0 0.5610119047619048 0.6398809523809523 0.03273809523809524 0.02976190476190476
0 0.45535714285714285 0.625 0.05952380952380952 0.017857142857142856
0 0.6279761904761905 0.6145833333333334 0.005952380952380952 0.002976190476190476
0 0.5461309523809523 0.7113095238095238 0.4494047619047619 0.21428571428571427
0 0.6458333333333334 0.6116071428571429 0.05357142857142857 0.020833333333333332
0 0.6235119047619048 0.5252976190476191 0.002976190476190476 0.002976190476190476
0 0.6264880952380952 0.5119047619047619 0.008928571428571428 0.005952380952380952
0 0.6949404761904762 0.5104166666666666 0.03273809523809524 0.01488095238095238
0 0.7038690476190477 0.48214285714285715 0.020833333333333332 0.011904761904761904
0 0.6741071428571429 0.46875 0.01488095238095238 0.008928571428571428
