0 0.5476190476190477 0.8258928571428571 0.017857142857142856 0.01488095238095238
0 0.3958333333333333 0.7455357142857143 0.005952380952380952 0.002976190476190476
0 0.5580357142857143 0.7366071428571429 0.020833333333333332 0.008928571428571428
0 0.44642857142857145 0.7410714285714286 0.10119047619047619 0.041666666666666664
0 0.5044642857142857 0.71875 0.008928571428571428 0.002976190476190476
0 0.3794642857142857 0.6979166666666666 0.002976190476190476 0.002976190476190476
0 0.37351190476190477 0.6785714285714286 0.01488095238095238 0.005952380952380952
0 0.6651785714285714 0.6979166666666666 0.17559523809523808 0.10416666666666667
0 0.6101190476190477 0.6413690476190477 0.011904761904761904 0.002976190476190476
0 0.5744047619047619 0.6413690476190477 0.011904761904761904 0.002976190476190476
0 0.7440476190476191 0.6383928571428571 0.005952380952380952 0.002976190476190476
0 0.5595238095238095 0.6354166666666666 0.005952380952380952 0.002976190476190476
0 0.5877976190476191 0.6294642857142857 0.002976190476190476 0.002976190476190476
0 0.7217261904761905 0.6294642857142857 0.020833333333333332 0.01488095238095238
0 0.7023809523809523 0.6235119047619048 0.005952380952380952 0.002976190476190476
0 0.6741071428571429 0.6279761904761905 0.0625 0.011904761904761904
0 0.5788690476190477 0.6220238095238095 0.01488095238095238 0.005952380952380952
0 0.5505952380952381 0.6235119047619048 0.041666666666666664 0.01488095238095238
0 0.5550595238095238 0.6160714285714286 0.026785714285714284 0.005952380952380952
0 0.5 0.6160714285714286 0.017857142857142856 0.005952380952380952
0 0.5104166666666666 0.6071428571428571 0.008928571428571428 0.005952380952380952
0 0.5818452380952381 0.5848214285714286 0.002976190476190476 0.002976190476190476
0 0.5625 0.5818452380952381 0.02976190476190476 0.008928571428571428
0 0.4791666666666667 0.5744047619047619 0.03571428571428571 0.017857142857142856
0 0.6607142857142857 0.5252976190476191 0.011904761904761904 0.002976190476190476
0 0.6532738095238095 0.5104166666666666 0.002976190476190476 0.002976190476190476
0 0.6324404761904762 0.5104166666666666 0.01488095238095238 0.002976190476190476
0 0.7485119047619048 0.5074404761904762 0.002976190476190476 0.002976190476190476
0 0.7217261904761905 0.5074404761904762 0.044642857142857144 0.008928571428571428
0 0.6904761904761905 0.5059523809523809 0.011904761904761904 0.005952380952380952
0 0.6696428571428571 0.49107142857142855 0.011904761904761904 0.005952380952380952
