0 0.4642857142857143 0.84375 0.047619047619047616 0.044642857142857144
0 0.46130952380952384 0.8139880952380952 0.017857142857142856 0.002976190476190476
0 0.37648809523809523 0.7485119047619048 0.008928571428571428 0.002976190476190476
0 0.6413690476190477 0.7217261904761905 0.01488095238095238 0.002976190476190476
0 0.5089285714285714 0.6949404761904762 0.005952380952380952 0.002976190476190476
0 0.3705357142857143 0.6919642857142857 0.002976190476190476 0.002976190476190476
0 0.5252976190476191 0.6860119047619048 0.08630952380952381 0.020833333333333332
0 0.6220238095238095 0.6785714285714286 0.017857142857142856 0.017857142857142856
0 0.49404761904761907 0.7098214285714286 0.2916666666666667 0.1636904761904762
0 0.5922619047619048 0.5848214285714286 0.023809523809523808 0.008928571428571428
0 0.6279761904761905 0.5699404761904762 0.017857142857142856 0.01488095238095238
0 0.6711309523809523 0.53125 0.002976190476190476 0.002976190476190476
0 0.5744047619047619 0.5446428571428571 0.05952380952380952 0.02976190476190476
0 0.6711309523809523 0.53125 0.11607142857142858 0.044642857142857144
0 0.5818452380952381 0.5104166666666666 0.020833333333333332 0.008928571428571428
