0 0.5148809523809523 0.8333333333333334 0.023809523809523808 0.005952380952380952
0 0.5610119047619048 0.7738095238095238 0.01488095238095238 0.005952380952380952
0 0.6264880952380952 0.7395833333333334 0.002976190476190476 0.002976190476190476
0 0.6056547619047619 0.7247023809523809 0.002976190476190476 0.002976190476190476
0 0.5758928571428571 0.6845238095238095 0.026785714285714284 0.005952380952380952
0 0.47172619047619047 0.6592261904761905 0.002976190476190476 0.002976190476190476
0 0.6502976190476191 0.65625 0.002976190476190476 0.002976190476190476
0 0.5014880952380952 0.6577380952380952 0.008928571428571428 0.005952380952380952
0 0.48660714285714285 0.6577380952380952 0.008928571428571428 0.005952380952380952
0 0.5282738095238095 0.7113095238095238 0.2708333333333333 0.1130952380952381
0 0.45982142857142855 0.6532738095238095 0.002976190476190476 0.002976190476190476
0 0.53125 0.6502976190476191 0.01488095238095238 0.008928571428571428
0 0.5952380952380952 0.6443452380952381 0.005952380952380952 0.002976190476190476
0 0.5788690476190477 0.6517857142857143 0.0625 0.017857142857142856
0 0.4583333333333333 0.6458333333333334 0.03571428571428571 0.017857142857142856
0 0.8005952380952381 0.6324404761904762 0.005952380952380952 0.002976190476190476
0 0.6101190476190477 0.5595238095238095 0.02976190476190476 0.011904761904761904
0 0.6875 0.5401785714285714 0.047619047619047616 0.020833333333333332
0 0.6354166666666666 0.53125 0.01488095238095238 0.002976190476190476
0 0.6502976190476191 0.5282738095238095 0.002976190476190476 0.002976190476190476
0 0.5982142857142857 0.53125 0.023809523809523808 0.008928571428571428
0 0.6145833333333334 0.5044642857142857 0.002976190476190476 0.002976190476190476
0 0.6279761904761905 0.5133928571428571 0.041666666666666664 0.026785714285714284
