0 0.44047619047619047 0.7366071428571429 0.005952380952380952 0.002976190476190476
0 0.40922619047619047 0.7217261904761905 0.002976190476190476 0.002976190476190476
0 0.43154761904761907 0.7068452380952381 0.08333333333333333 0.0744047619047619
0 0.5565476190476191 0.7098214285714286 0.16071428571428573 0.09226190476190477
0 0.49404761904761907 0.6622023809523809 0.005952380952380952 0.002976190476190476
0 0.39285714285714285 0.6622023809523809 0.023809523809523808 0.008928571428571428
0 0.49255952380952384 0.65625 0.002976190476190476 0.002976190476190476
0 0.41517857142857145 0.6473214285714286 0.044642857142857144 0.01488095238095238
0 0.37797619047619047 0.6398809523809523 0.023809523809523808 0.005952380952380952
0 0.6845238095238095 0.5431547619047619 0.017857142857142856 0.008928571428571428
0 0.6279761904761905 0.5282738095238095 0.005952380952380952 0.008928571428571428
0 0.6309523809523809 0.5133928571428571 0.005952380952380952 0.01488095238095238
0 0.6383928571428571 0.49851190476190477 0.002976190476190476 0.002976190476190476
