0 0.5148809523809523 0.8125 0.005952380952380952 0.005952380952380952
0 0.5148809523809523 0.8050595238095238 0.005952380952380952 0.002976190476190476
0 0.47619047619047616 0.8095238095238095 0.005952380952380952 0.011904761904761904
0 0.49851190476190477 0.7633928571428571 0.01488095238095238 0.002976190476190476
0 0.6815476190476191 0.7291666666666666 0.02976190476190476 0.005952380952380952
0 0.6889880952380952 0.7217261904761905 0.002976190476190476 0.002976190476190476
0 0.5357142857142857 0.7455357142857143 0.03571428571428571 0.05654761904761905
0 0.6041666666666666 0.7113095238095238 0.005952380952380952 0.005952380952380952
0 0.5997023809523809 0.6473214285714286 0.002976190476190476 0.002976190476190476
0 0.5967261904761905 0.6086309523809523 0.002976190476190476 0.002976190476190476
0 0.6473214285714286 0.6651785714285714 0.12797619047619047 0.12797619047619047
0 0.5788690476190477 0.5967261904761905 0.002976190476190476 0.002976190476190476
0 0.5446428571428571 0.6011904761904762 0.047619047619047616 0.017857142857142856
0 0.5178571428571429 0.5803571428571429 0.03571428571428571 0.017857142857142856
0 0.6755952380952381 0.4895833333333333 0.017857142857142856 0.008928571428571428
