0 0.5446428571428571 0.8229166666666666 0.011904761904761904 0.002976190476190476
0 0.45089285714285715 0.7425595238095238 0.09226190476190477 0.03869047619047619
0 0.4375 0.7172619047619048 0.02976190476190476 0.005952380952380952
0 0.4806547619047619 0.7142857142857143 0.03869047619047619 0.005952380952380952
0 0.41517857142857145 0.7127976190476191 0.008928571428571428 0.002976190476190476
0 0.5877976190476191 0.7068452380952381 0.002976190476190476 0.002976190476190476
0 0.3794642857142857 0.6949404761904762 0.002976190476190476 0.002976190476190476
0 0.6755952380952381 0.6681547619047619 0.011904761904761904 0.002976190476190476
0 0.6041666666666666 0.6726190476190477 0.02976190476190476 0.011904761904761904
0 0.6651785714285714 0.6651785714285714 0.002976190476190476 0.002976190476190476
0 0.7723214285714286 0.6622023809523809 0.002976190476190476 0.002976190476190476
0 0.7619047619047619 0.6622023809523809 0.005952380952380952 0.002976190476190476
0 0.6830357142857143 0.65625 0.002976190476190476 0.002976190476190476
0 0.46726190476190477 0.6428571428571429 0.023809523809523808 0.005952380952380952
0 0.7247023809523809 0.6354166666666666 0.026785714285714284 0.002976190476190476
0 0.6220238095238095 0.6354166666666666 0.005952380952380952 0.002976190476190476
0 0.6101190476190477 0.6354166666666666 0.005952380952380952 0.002976190476190476
0 0.5967261904761905 0.6354166666666666 0.008928571428571428 0.002976190476190476
0 0.6681547619047619 0.6889880952380952 0.22321428571428573 0.12797619047619047
0 0.7321428571428571 0.6264880952380952 0.005952380952380952 0.002976190476190476
0 0.6815476190476191 0.6279761904761905 0.08333333333333333 0.011904761904761904
0 0.6309523809523809 0.6235119047619048 0.005952380952380952 0.002976190476190476
0 0.5625 0.6294642857142857 0.03571428571428571 0.01488095238095238
0 0.5565476190476191 0.6145833333333334 0.03571428571428571 0.002976190476190476
0 0.5 0.6220238095238095 0.041666666666666664 0.017857142857142856
0 0.5104166666666666 0.6086309523809523 0.002976190476190476 0.002976190476190476
0 0.5044642857142857 0.5907738095238095 0.002976190476190476 0.002976190476190476
0 0.5877976190476191 0.5729166666666666 0.002976190476190476 0.002976190476190476
0 0.5148809523809523 0.5744047619047619 0.023809523809523808 0.005952380952380952
0 0.5997023809523809 0.5699404761904762 0.002976190476190476 0.002976190476190476
0 0.5758928571428571 0.5699404761904762 0.002976190476190476 0.002976190476190476
0 0.5238095238095238 0.5729166666666666 0.11904761904761904 0.044642857142857144
0 0.6577380952380952 0.5297619047619048 0.07142857142857142 0.023809523809523808
0 0.7336309523809523 0.5104166666666666 0.002976190476190476 0.002976190476190476
0 0.6711309523809523 0.5104166666666666 0.01488095238095238 0.002976190476190476
0 0.7321428571428571 0.5044642857142857 0.005952380952380952 0.002976190476190476
0 0.6458333333333334 0.5059523809523809 0.02976190476190476 0.017857142857142856
0 0.6726190476190477 0.49107142857142855 0.017857142857142856 0.005952380952380952
0 0.6711309523809523 0.4836309523809524 0.002976190476190476 0.002976190476190476
