0 0.6041666666666666 0.8318452380952381 0.011904761904761904 0.002976190476190476
0 0.49851190476190477 0.8110119047619048 0.002976190476190476 0.002976190476190476
0 0.41517857142857145 0.6845238095238095 0.008928571428571428 0.005952380952380952
0 0.44345238095238093 0.7410714285714286 0.15476190476190477 0.13095238095238096
0 0.6413690476190477 0.7366071428571429 0.1636904761904762 0.12797619047619047
0 0.6175595238095238 0.6651785714285714 0.002976190476190476 0.002976190476190476
0 0.6428571428571429 0.6428571428571429 0.03571428571428571 0.023809523809523808
0 0.6235119047619048 0.6294642857142857 0.002976190476190476 0.002976190476190476
0 0.5133928571428571 0.6205357142857143 0.020833333333333332 0.002976190476190476
0 0.7589285714285714 0.6264880952380952 0.03571428571428571 0.03273809523809524
0 0.4851190476190476 0.5729166666666666 0.005952380952380952 0.002976190476190476
0 0.5074404761904762 0.5625 0.05654761904761905 0.02976190476190476
0 0.7053571428571429 0.5252976190476191 0.017857142857142856 0.002976190476190476
0 0.6651785714285714 0.5104166666666666 0.002976190476190476 0.002976190476190476
0 0.6577380952380952 0.5148809523809523 0.10119047619047619 0.05952380952380952
