0 0.53125 0.7544642857142857 0.008928571428571428 0.002976190476190476
0 0.44494047619047616 0.7455357142857143 0.008928571428571428 0.002976190476190476
0 0.43005952380952384 0.7485119047619048 0.01488095238095238 0.008928571428571428
0 0.6205357142857143 0.7291666666666666 0.026785714285714284 0.011904761904761904
0 0.5372023809523809 0.7261904761904762 0.01488095238095238 0.005952380952380952
0 0.4523809523809524 0.7261904761904762 0.005952380952380952 0.005952380952380952
0 0.37797619047619047 0.6964285714285714 0.017857142857142856 0.011904761904761904
0 0.6086309523809523 0.6755952380952381 0.026785714285714284 0.023809523809523808
0 0.5803571428571429 0.6220238095238095 0.017857142857142856 0.005952380952380952
0 0.5803571428571429 0.6116071428571429 0.011904761904761904 0.002976190476190476
0 0.6116071428571429 0.6056547619047619 0.002976190476190476 0.002976190476190476
0 0.5520833333333334 0.6026785714285714 0.002976190476190476 0.002976190476190476
0 0.5833333333333334 0.5997023809523809 0.017857142857142856 0.002976190476190476
0 0.5922619047619048 0.625 0.2857142857142857 0.16666666666666666
0 0.6517857142857143 0.5089285714285714 0.017857142857142856 0.005952380952380952
0 0.6919642857142857 0.5059523809523809 0.01488095238095238 0.005952380952380952
