0 0.4851190476190476 0.84375 0.011904761904761904 0.002976190476190476
0 0.5476190476190477 0.8214285714285714 0.011904761904761904 0.005952380952380952
0 0.5401785714285714 0.7425595238095238 0.008928571428571428 0.002976190476190476
0 0.5610119047619048 0.7351190476190477 0.020833333333333332 0.011904761904761904
0 0.5133928571428571 0.7306547619047619 0.008928571428571428 0.002976190476190476
0 0.6934523809523809 0.7247023809523809 0.005952380952380952 0.002976190476190476
0 0.5178571428571429 0.7247023809523809 0.011904761904761904 0.002976190476190476
0 0.4479166666666667 0.7425595238095238 0.11011904761904762 0.044642857142857144
0 0.37797619047619047 0.6994047619047619 0.005952380952380952 0.005952380952380952
0 0.3794642857142857 0.6919642857142857 0.002976190476190476 0.002976190476190476
0 0.37351190476190477 0.6800595238095238 0.020833333333333332 0.008928571428571428
0 0.6220238095238095 0.6741071428571429 0.005952380952380952 0.002976190476190476
0 0.6086309523809523 0.6741071428571429 0.002976190476190476 0.002976190476190476
0 0.6026785714285714 0.6741071428571429 0.002976190476190476 0.002976190476190476
0 0.6101190476190477 0.6502976190476191 0.005952380952380952 0.002976190476190476
0 0.5729166666666666 0.6354166666666666 0.03273809523809524 0.002976190476190476
0 0.5625 0.6264880952380952 0.02976190476190476 0.008928571428571428
0 0.6800595238095238 0.6875 0.20535714285714285 0.13690476190476192
0 0.5491071428571429 0.6160714285714286 0.01488095238095238 0.005952380952380952
0 0.49702380952380953 0.6160714285714286 0.005952380952380952 0.005952380952380952
0 0.5074404761904762 0.6071428571428571 0.008928571428571428 0.005952380952380952
0 0.4836309523809524 0.5818452380952381 0.002976190476190476 0.002976190476190476
0 0.5654761904761905 0.5818452380952381 0.03571428571428571 0.008928571428571428
0 0.47172619047619047 0.5788690476190477 0.002976190476190476 0.002976190476190476
0 0.4836309523809524 0.5758928571428571 0.01488095238095238 0.002976190476190476
0 0.4955357142857143 0.5699404761904762 0.002976190476190476 0.002976190476190476
0 0.4791666666666667 0.5684523809523809 0.023809523809523808 0.005952380952380952
0 0.6636904761904762 0.5238095238095238 0.03571428571428571 0.011904761904761904
0 0.6532738095238095 0.5104166666666666 0.002976190476190476 0.002976190476190476
0 0.6369047619047619 0.5089285714285714 0.023809523809523808 0.005952380952380952
0 0.7306547619047619 0.5074404761904762 0.026785714285714284 0.008928571428571428
0 0.7068452380952381 0.5014880952380952 0.01488095238095238 0.008928571428571428
0 0.6741071428571429 0.49107142857142855 0.020833333333333332 0.005952380952380952
