0 0.4270833333333333 0.7663690476190477 0.01488095238095238 0.008928571428571428
0 0.5208333333333334 0.7470238095238095 0.017857142857142856 0.005952380952380952
0 0.44047619047619047 0.7455357142857143 0.017857142857142856 0.002976190476190476
0 0.5282738095238095 0.7291666666666666 0.0625 0.023809523809523808
0 0.5744047619047619 0.6235119047619048 0.005952380952380952 0.002976190476190476
0 0.5952380952380952 0.6101190476190477 0.15476190476190477 0.07142857142857142
0 0.46577380952380953 0.5699404761904762 0.020833333333333332 0.002976190476190476
0 0.49702380952380953 0.5669642857142857 0.005952380952380952 0.002976190476190476
0 0.4806547619047619 0.5580357142857143 0.002976190476190476 0.002976190476190476
0 0.4880952380952381 0.5491071428571429 0.005952380952380952 0.002976190476190476
