0 0.5133928571428571 0.8318452380952381 0.020833333333333332 0.002976190476190476
0 0.6770833333333334 0.7336309523809523 0.008928571428571428 0.002976190476190476
0 0.6607142857142857 0.7336309523809523 0.017857142857142856 0.002976190476190476
0 0.6651785714285714 0.7276785714285714 0.002976190476190476 0.002976190476190476
0 0.6041666666666666 0.6681547619047619 0.005952380952380952 0.002976190476190476
0 0.5877976190476191 0.6592261904761905 0.044642857142857144 0.008928571428571428
0 0.5163690476190477 0.65625 0.002976190476190476 0.002976190476190476
0 0.5044642857142857 0.65625 0.002976190476190476 0.002976190476190476
0 0.5119047619047619 0.7142857142857143 0.23809523809523808 0.11904761904761904
0 0.6398809523809523 0.6875 0.047619047619047616 0.07142857142857142
0 0.5297619047619048 0.6532738095238095 0.011904761904761904 0.002976190476190476
0 0.4583333333333333 0.6532738095238095 0.005952380952380952 0.002976190476190476
0 0.42857142857142855 0.6532738095238095 0.005952380952380952 0.002976190476190476
0 0.44642857142857145 0.6517857142857143 0.011904761904761904 0.005952380952380952
0 0.8005952380952381 0.6324404761904762 0.005952380952380952 0.002976190476190476
0 0.6056547619047619 0.5669642857142857 0.002976190476190476 0.002976190476190476
0 0.6681547619047619 0.5550595238095238 0.002976190476190476 0.002976190476190476
0 0.6860119047619048 0.5520833333333334 0.008928571428571428 0.002976190476190476
0 0.7306547619047619 0.53125 0.002976190476190476 0.002976190476190476
0 0.6011904761904762 0.53125 0.011904761904761904 0.008928571428571428
0 0.6130952380952381 0.5193452380952381 0.005952380952380952 0.002976190476190476
0 0.6651785714285714 0.5252976190476191 0.10416666666666667 0.050595238095238096
