0 0.6517857142857143 0.7961309523809523 0.005952380952380952 0.002976190476190476
0 0.6294642857142857 0.7961309523809523 0.002976190476190476 0.002976190476190476
0 0.6220238095238095 0.7886904761904762 0.017857142857142856 0.005952380952380952
0 0.5773809523809523 0.7991071428571429 0.041666666666666664 0.03273809523809524
0 0.5238095238095238 0.7485119047619048 0.023809523809523808 0.002976190476190476
0 0.4955357142857143 0.7172619047619048 0.050595238095238096 0.005952380952380952
0 0.43452380952380953 0.7127976190476191 0.011904761904761904 0.002976190476190476
0 0.4211309523809524 0.7098214285714286 0.008928571428571428 0.002976190476190476
0 0.5684523809523809 0.7038690476190477 0.005952380952380952 0.002976190476190476
0 0.5416666666666666 0.7053571428571429 0.047619047619047616 0.011904761904761904
0 0.5848214285714286 0.7008928571428571 0.020833333333333332 0.008928571428571428
0 0.5148809523809523 0.7008928571428571 0.017857142857142856 0.01488095238095238
0 0.5892857142857143 0.6889880952380952 0.005952380952380952 0.002976190476190476
0 0.6845238095238095 0.6741071428571429 0.005952380952380952 0.002976190476190476
0 0.6532738095238095 0.6741071428571429 0.002976190476190476 0.002976190476190476
0 0.6934523809523809 0.6622023809523809 0.005952380952380952 0.002976190476190476
0 0.5104166666666666 0.7276785714285714 0.33630952380952384 0.18154761904761904
0 0.5714285714285714 0.5446428571428571 0.005952380952380952 0.005952380952380952
0 0.6711309523809523 0.5431547619047619 0.026785714285714284 0.01488095238095238
0 0.6473214285714286 0.5342261904761905 0.020833333333333332 0.002976190476190476
0 0.5892857142857143 0.5416666666666666 0.023809523809523808 0.017857142857142856
0 0.6517857142857143 0.5238095238095238 0.017857142857142856 0.011904761904761904
0 0.5342261904761905 0.5238095238095238 0.01488095238095238 0.011904761904761904
0 0.6934523809523809 0.5074404761904762 0.011904761904761904 0.002976190476190476
0 0.6502976190476191 0.5074404761904762 0.01488095238095238 0.002976190476190476
