0 0.43154761904761907 0.7604166666666666 0.011904761904761904 0.008928571428571428
0 0.5282738095238095 0.7514880952380952 0.01488095238095238 0.008928571428571428
0 0.44345238095238093 0.7455357142857143 0.005952380952380952 0.002976190476190476
0 0.5565476190476191 0.7247023809523809 0.011904761904761904 0.008928571428571428
0 0.5342261904761905 0.7232142857142857 0.01488095238095238 0.005952380952380952
0 0.5074404761904762 0.7157738095238095 0.020833333333333332 0.002976190476190476
0 0.6026785714285714 0.6755952380952381 0.008928571428571428 0.005952380952380952
0 0.5669642857142857 0.5997023809523809 0.002976190476190476 0.002976190476190476
0 0.5714285714285714 0.6041666666666666 0.23809523809523808 0.125
0 0.6681547619047619 0.5059523809523809 0.01488095238095238 0.005952380952380952
0 0.6369047619047619 0.5014880952380952 0.005952380952380952 0.002976190476190476
