0 0.5699404761904762 0.8571428571428571 0.020833333333333332 0.017857142857142856
0 0.5133928571428571 0.8377976190476191 0.01488095238095238 0.008928571428571428
0 0.4791666666666667 0.8288690476190477 0.011904761904761904 0.020833333333333332
0 0.4806547619047619 0.7961309523809523 0.020833333333333332 0.03273809523809524
0 0.5119047619047619 0.7886904761904762 0.041666666666666664 0.06547619047619048
0 0.6339285714285714 0.7366071428571429 0.005952380952380952 0.002976190476190476
0 0.5193452380952381 0.7455357142857143 0.11011904761904762 0.0744047619047619
0 0.5089285714285714 0.7038690476190477 0.017857142857142856 0.002976190476190476
0 0.6577380952380952 0.7008928571428571 0.005952380952380952 0.002976190476190476
0 0.3898809523809524 0.6785714285714286 0.005952380952380952 0.005952380952380952
0 0.7410714285714286 0.6547619047619048 0.011904761904761904 0.005952380952380952
0 0.7142857142857143 0.6502976190476191 0.005952380952380952 0.002976190476190476
0 0.75 0.6458333333333334 0.011904761904761904 0.005952380952380952
0 0.5729166666666666 0.6294642857142857 0.01488095238095238 0.002976190476190476
0 0.6488095238095238 0.6681547619047619 0.13095238095238096 0.12797619047619047
0 0.5610119047619048 0.6041666666666666 0.08630952380952381 0.011904761904761904
0 0.5282738095238095 0.5907738095238095 0.002976190476190476 0.002976190476190476
0 0.5193452380952381 0.5818452380952381 0.002976190476190476 0.002976190476190476
0 0.49255952380952384 0.5654761904761905 0.03869047619047619 0.023809523809523808
0 0.7068452380952381 0.49255952380952384 0.002976190476190476 0.002976190476190476
0 0.6830357142857143 0.49107142857142855 0.03273809523809524 0.011904761904761904
