0 0.43898809523809523 0.7827380952380952 0.01488095238095238 0.011904761904761904
0 0.5684523809523809 0.6949404761904762 0.005952380952380952 0.002976190476190476
0 0.5327380952380952 0.6904761904761905 0.02976190476190476 0.005952380952380952
0 0.5833333333333334 0.7485119047619048 0.27380952380952384 0.15178571428571427
0 0.6681547619047619 0.6651785714285714 0.002976190476190476 0.002976190476190476
0 0.6651785714285714 0.6592261904761905 0.002976190476190476 0.002976190476190476
0 0.6130952380952381 0.65625 0.005952380952380952 0.002976190476190476
0 0.6592261904761905 0.6502976190476191 0.008928571428571428 0.002976190476190476
0 0.6383928571428571 0.6532738095238095 0.020833333333333332 0.008928571428571428
0 0.5595238095238095 0.6413690476190477 0.02976190476190476 0.01488095238095238
0 0.40922619047619047 0.6875 0.0744047619047619 0.11904761904761904
0 0.7619047619047619 0.6354166666666666 0.047619047619047616 0.05654761904761905
0 0.6220238095238095 0.53125 0.005952380952380952 0.002976190476190476
0 0.6130952380952381 0.5238095238095238 0.041666666666666664 0.017857142857142856
0 0.65625 0.5193452380952381 0.026785714285714284 0.020833333333333332
