0 0.5044642857142857 0.8110119047619048 0.002976190476190476 0.002976190476190476
0 0.49255952380952384 0.8110119047619048 0.008928571428571428 0.002976190476190476
0 0.42410714285714285 0.7782738095238095 0.002976190476190476 0.002976190476190476
0 0.6130952380952381 0.7723214285714286 0.005952380952380952 0.002976190476190476
0 0.4494047619047619 0.7455357142857143 0.005952380952380952 0.002976190476190476
0 0.5550595238095238 0.7127976190476191 0.002976190476190476 0.002976190476190476
0 0.6041666666666666 0.6934523809523809 0.005952380952380952 0.005952380952380952
0 0.39880952380952384 0.6919642857142857 0.017857142857142856 0.008928571428571428
0 0.39285714285714285 0.6726190476190477 0.011904761904761904 0.005952380952380952
0 0.37351190476190477 0.6577380952380952 0.008928571428571428 0.005952380952380952
0 0.3898809523809524 0.6532738095238095 0.011904761904761904 0.008928571428571428
0 0.7023809523809523 0.6413690476190477 0.005952380952380952 0.002976190476190476
0 0.5550595238095238 0.6354166666666666 0.002976190476190476 0.002976190476190476
0 0.4538690476190476 0.6264880952380952 0.002976190476190476 0.002976190476190476
0 0.6101190476190477 0.6116071428571429 0.005952380952380952 0.002976190476190476
0 0.5922619047619048 0.7068452380952381 0.35119047619047616 0.19940476190476192
0 0.6279761904761905 0.5133928571428571 0.005952380952380952 0.002976190476190476
0 0.6934523809523809 0.5089285714285714 0.011904761904761904 0.011904761904761904
