0 0.4166666666666667 0.7455357142857143 0.011904761904761904 0.002976190476190476
0 0.40625 0.7455357142857143 0.002976190476190476 0.002976190476190476
0 0.5758928571428571 0.7425595238095238 0.002976190476190476 0.002976190476190476
0 0.6785714285714286 0.7336309523809523 0.017857142857142856 0.002976190476190476
0 0.5059523809523809 0.7485119047619048 0.14285714285714285 0.03273809523809524
0 0.3794642857142857 0.7023809523809523 0.008928571428571428 0.005952380952380952
0 0.5699404761904762 0.6949404761904762 0.008928571428571428 0.002976190476190476
0 0.5565476190476191 0.6949404761904762 0.011904761904761904 0.002976190476190476
0 0.38839285714285715 0.6919642857142857 0.002976190476190476 0.002976190476190476
0 0.41964285714285715 0.7008928571428571 0.05357142857142857 0.06845238095238096
0 0.37648809523809523 0.6681547619047619 0.002976190476190476 0.002976190476190476
0 0.36607142857142855 0.6681547619047619 0.005952380952380952 0.002976190476190476
0 0.6160714285714286 0.7008928571428571 0.07142857142857142 0.08035714285714286
0 0.5803571428571429 0.6577380952380952 0.017857142857142856 0.005952380952380952
0 0.3913690476190476 0.65625 0.002976190476190476 0.002976190476190476
0 0.5223214285714286 0.6577380952380952 0.01488095238095238 0.011904761904761904
0 0.4211309523809524 0.6532738095238095 0.002976190476190476 0.002976190476190476
0 0.46130952380952384 0.6607142857142857 0.10119047619047619 0.023809523809523808
0 0.44494047619047616 0.6517857142857143 0.020833333333333332 0.005952380952380952
0 0.40327380952380953 0.6502976190476191 0.002976190476190476 0.002976190476190476
0 0.41369047619047616 0.6488095238095238 0.005952380952380952 0.005952380952380952
0 0.6264880952380952 0.5788690476190477 0.002976190476190476 0.002976190476190476
0 0.6711309523809523 0.5550595238095238 0.002976190476190476 0.002976190476190476
0 0.6443452380952381 0.5520833333333334 0.008928571428571428 0.002976190476190476
0 0.6354166666666666 0.5520833333333334 0.002976190476190476 0.002976190476190476
0 0.6264880952380952 0.5520833333333334 0.008928571428571428 0.002976190476190476
0 0.6175595238095238 0.5595238095238095 0.020833333333333332 0.017857142857142856
0 0.7693452380952381 0.5342261904761905 0.01488095238095238 0.002976190476190476
0 0.7261904761904762 0.53125 0.02976190476190476 0.008928571428571428
0 0.65625 0.5282738095238095 0.10416666666666667 0.05654761904761905
