0 0.49851190476190477 0.8199404761904762 0.020833333333333332 0.01488095238095238
0 0.49702380952380953 0.8050595238095238 0.005952380952380952 0.002976190476190476
0 0.5 0.7976190476190477 0.017857142857142856 0.005952380952380952
0 0.47619047619047616 0.7901785714285714 0.005952380952380952 0.002976190476190476
0 0.6577380952380952 0.78125 0.017857142857142856 0.008928571428571428
0 0.49702380952380953 0.7752976190476191 0.017857142857142856 0.002976190476190476
0 0.38244047619047616 0.7217261904761905 0.002976190476190476 0.002976190476190476
0 0.4226190476190476 0.7098214285714286 0.005952380952380952 0.002976190476190476
0 0.44494047619047616 0.7276785714285714 0.1636904761904762 0.09226190476190477
0 0.6324404761904762 0.7217261904761905 0.18154761904761904 0.11011904761904762
0 0.5163690476190477 0.625 0.044642857142857144 0.005952380952380952
0 0.6413690476190477 0.6339285714285714 0.050595238095238096 0.02976190476190476
0 0.5431547619047619 0.6160714285714286 0.008928571428571428 0.005952380952380952
0 0.7559523809523809 0.6413690476190477 0.07142857142857142 0.06845238095238096
0 0.5431547619047619 0.6071428571428571 0.026785714285714284 0.005952380952380952
0 0.5773809523809523 0.5892857142857143 0.02976190476190476 0.011904761904761904
0 0.5565476190476191 0.5788690476190477 0.017857142857142856 0.002976190476190476
0 0.5059523809523809 0.5758928571428571 0.03571428571428571 0.002976190476190476
0 0.4806547619047619 0.5684523809523809 0.026785714285714284 0.011904761904761904
0 0.7038690476190477 0.5282738095238095 0.008928571428571428 0.002976190476190476
0 0.6726190476190477 0.5044642857142857 0.005952380952380952 0.002976190476190476
0 0.7053571428571429 0.49851190476190477 0.005952380952380952 0.002976190476190476
0 0.6488095238095238 0.5163690476190477 0.06547619047619048 0.050595238095238096
