0 0.5997023809523809 0.8363095238095238 0.020833333333333332 0.017857142857142856
0 0.49702380952380953 0.8169642857142857 0.005952380952380952 0.008928571428571428
0 0.6369047619047619 0.7752976190476191 0.011904761904761904 0.002976190476190476
0 0.5892857142857143 0.7663690476190477 0.011904761904761904 0.002976190476190476
0 0.6875 0.7276785714285714 0.005952380952380952 0.002976190476190476
0 0.5372023809523809 0.7217261904761905 0.002976190476190476 0.002976190476190476
0 0.45982142857142855 0.7410714285714286 0.14583333333333334 0.05357142857142857
0 0.37797619047619047 0.6949404761904762 0.02976190476190476 0.03273809523809524
0 0.6383928571428571 0.7232142857142857 0.18154761904761904 0.09523809523809523
0 0.7321428571428571 0.6711309523809523 0.005952380952380952 0.002976190476190476
0 0.6919642857142857 0.6294642857142857 0.002976190476190476 0.002976190476190476
0 0.5550595238095238 0.6235119047619048 0.008928571428571428 0.002976190476190476
0 0.6502976190476191 0.6235119047619048 0.03869047619047619 0.008928571428571428
0 0.7604166666666666 0.6428571428571429 0.08035714285714286 0.06547619047619048
0 0.5699404761904762 0.5863095238095238 0.026785714285714284 0.017857142857142856
0 0.5104166666666666 0.5684523809523809 0.008928571428571428 0.005952380952380952
0 0.48660714285714285 0.5654761904761905 0.026785714285714284 0.005952380952380952
0 0.6369047619047619 0.5372023809523809 0.023809523809523808 0.008928571428571428
0 0.6979166666666666 0.5252976190476191 0.008928571428571428 0.002976190476190476
0 0.6532738095238095 0.5178571428571429 0.06845238095238096 0.02976190476190476
0 0.7053571428571429 0.5 0.023809523809523808 0.005952380952380952
0 0.6860119047619048 0.4955357142857143 0.002976190476190476 0.002976190476190476
