0 0.6324404761904762 0.7098214285714286 0.002976190476190476 0.002976190476190476
0 0.6354166666666666 0.6979166666666666 0.002976190476190476 0.002976190476190476
0 0.6383928571428571 0.6889880952380952 0.002976190476190476 0.002976190476190476
0 0.5089285714285714 0.7157738095238095 0.24404761904761904 0.09226190476190477
0 0.40922619047619047 0.6681547619047619 0.002976190476190476 0.002976190476190476
0 0.6235119047619048 0.6681547619047619 0.020833333333333332 0.008928571428571428
0 0.44642857142857145 0.6592261904761905 0.10714285714285714 0.01488095238095238
0 0.5848214285714286 0.5967261904761905 0.020833333333333332 0.008928571428571428
0 0.6041666666666666 0.59375 0.017857142857142856 0.01488095238095238
0 0.5952380952380952 0.5714285714285714 0.047619047619047616 0.017857142857142856
0 0.5610119047619048 0.5431547619047619 0.002976190476190476 0.002976190476190476
0 0.6919642857142857 0.5357142857142857 0.020833333333333332 0.005952380952380952
0 0.6949404761904762 0.5282738095238095 0.01488095238095238 0.002976190476190476
0 0.6205357142857143 0.5193452380952381 0.020833333333333332 0.008928571428571428
0 0.5744047619047619 0.5089285714285714 0.017857142857142856 0.005952380952380952
