0 0.5133928571428571 0.8333333333333334 0.020833333333333332 0.005952380952380952
0 0.4955357142857143 0.8050595238095238 0.008928571428571428 0.002976190476190476
0 0.5952380952380952 0.7604166666666666 0.005952380952380952 0.002976190476190476
0 0.38839285714285715 0.6889880952380952 0.002976190476190476 0.002976190476190476
0 0.5758928571428571 0.6845238095238095 0.026785714285714284 0.005952380952380952
0 0.6502976190476191 0.65625 0.002976190476190476 0.002976190476190476
0 0.5029761904761905 0.6577380952380952 0.011904761904761904 0.005952380952380952
0 0.4836309523809524 0.6577380952380952 0.01488095238095238 0.005952380952380952
0 0.5342261904761905 0.7142857142857143 0.28273809523809523 0.125
0 0.6145833333333334 0.6532738095238095 0.002976190476190476 0.002976190476190476
0 0.5788690476190477 0.6547619047619048 0.0625 0.011904761904761904
0 0.5967261904761905 0.6443452380952381 0.002976190476190476 0.002976190476190476
0 0.4583333333333333 0.6458333333333334 0.03571428571428571 0.017857142857142856
0 0.8020833333333334 0.6324404761904762 0.002976190476190476 0.002976190476190476
0 0.7827380952380952 0.6145833333333334 0.005952380952380952 0.002976190476190476
0 0.6056547619047619 0.5595238095238095 0.020833333333333332 0.011904761904761904
0 0.6889880952380952 0.5386904761904762 0.044642857142857144 0.017857142857142856
0 0.6369047619047619 0.53125 0.011904761904761904 0.002976190476190476
0 0.6532738095238095 0.5282738095238095 0.002976190476190476 0.002976190476190476
0 0.6011904761904762 0.53125 0.023809523809523808 0.008928571428571428
0 0.6160714285714286 0.5044642857142857 0.005952380952380952 0.002976190476190476
0 0.6309523809523809 0.5133928571428571 0.041666666666666664 0.026785714285714284
