0 0.5550595238095238 0.8333333333333334 0.008928571428571428 0.005952380952380952
0 0.5357142857142857 0.7529761904761905 0.017857142857142856 0.011904761904761904
0 0.5372023809523809 0.7247023809523809 0.002976190476190476 0.002976190476190476
0 0.4419642857142857 0.7380952380952381 0.03869047619047619 0.02976190476190476
0 0.5327380952380952 0.7157738095238095 0.005952380952380952 0.002976190476190476
0 0.5119047619047619 0.71875 0.02976190476190476 0.008928571428571428
0 0.46577380952380953 0.7127976190476191 0.01488095238095238 0.002976190476190476
0 0.6398809523809523 0.7023809523809523 0.005952380952380952 0.005952380952380952
0 0.38095238095238093 0.6964285714285714 0.011904761904761904 0.011904761904761904
0 0.6026785714285714 0.625 0.020833333333333332 0.005952380952380952
0 0.5729166666666666 0.6220238095238095 0.008928571428571428 0.005952380952380952
0 0.6636904761904762 0.6755952380952381 0.1488095238095238 0.11904761904761904
0 0.5610119047619048 0.6175595238095238 0.002976190476190476 0.002976190476190476
0 0.6324404761904762 0.6145833333333334 0.002976190476190476 0.002976190476190476
0 0.6145833333333334 0.6071428571428571 0.026785714285714284 0.011904761904761904
0 0.5997023809523809 0.6026785714285714 0.002976190476190476 0.002976190476190476
0 0.5848214285714286 0.5967261904761905 0.002976190476190476 0.002976190476190476
0 0.5267857142857143 0.59375 0.005952380952380952 0.002976190476190476
0 0.5610119047619048 0.5818452380952381 0.002976190476190476 0.002976190476190476
0 0.5133928571428571 0.5818452380952381 0.002976190476190476 0.002976190476190476
0 0.5461309523809523 0.6041666666666666 0.14583333333333334 0.09523809523809523
0 0.46577380952380953 0.5491071428571429 0.03273809523809524 0.01488095238095238
0 0.6696428571428571 0.5342261904761905 0.005952380952380952 0.002976190476190476
0 0.6904761904761905 0.5074404761904762 0.005952380952380952 0.002976190476190476
0 0.6517857142857143 0.5074404761904762 0.02976190476190476 0.01488095238095238
