0 0.49404761904761907 0.8288690476190477 0.005952380952380952 0.008928571428571428
0 0.5178571428571429 0.8050595238095238 0.005952380952380952 0.002976190476190476
0 0.4880952380952381 0.8035714285714286 0.017857142857142856 0.005952380952380952
0 0.6711309523809523 0.7872023809523809 0.008928571428571428 0.002976190476190476
0 0.43005952380952384 0.7872023809523809 0.01488095238095238 0.002976190476190476
0 0.5952380952380952 0.8035714285714286 0.05357142857142857 0.041666666666666664
0 0.5952380952380952 0.78125 0.005952380952380952 0.002976190476190476
0 0.6666666666666666 0.7782738095238095 0.005952380952380952 0.002976190476190476
0 0.6622023809523809 0.7678571428571429 0.01488095238095238 0.011904761904761904
0 0.7068452380952381 0.6889880952380952 0.002976190476190476 0.002976190476190476
0 0.5342261904761905 0.6919642857142857 0.03273809523809524 0.008928571428571428
0 0.5877976190476191 0.6875 0.06845238095238096 0.017857142857142856
0 0.6473214285714286 0.6577380952380952 0.044642857142857144 0.023809523809523808
0 0.5520833333333334 0.6443452380952381 0.020833333333333332 0.008928571428571428
0 0.5580357142857143 0.7157738095238095 0.3482142857142857 0.16964285714285715
0 0.4270833333333333 0.6279761904761905 0.008928571428571428 0.005952380952380952
0 0.7857142857142857 0.6205357142857143 0.005952380952380952 0.002976190476190476
0 0.7708333333333334 0.6309523809523809 0.041666666666666664 0.05952380952380952
0 0.6458333333333334 0.5148809523809523 0.047619047619047616 0.02976190476190476
