0 0.47470238095238093 0.7514880952380952 0.002976190476190476 0.002976190476190476
0 0.5610119047619048 0.7366071428571429 0.008928571428571428 0.002976190476190476
0 0.4494047619047619 0.7410714285714286 0.09523809523809523 0.041666666666666664
0 0.37797619047619047 0.6979166666666666 0.005952380952380952 0.008928571428571428
0 0.37797619047619047 0.6800595238095238 0.011904761904761904 0.008928571428571428
0 0.6755952380952381 0.6696428571428571 0.005952380952380952 0.005952380952380952
0 0.6651785714285714 0.6651785714285714 0.002976190476190476 0.002976190476190476
0 0.7604166666666666 0.6235119047619048 0.01488095238095238 0.002976190476190476
0 0.5684523809523809 0.6294642857142857 0.047619047619047616 0.01488095238095238
0 0.6800595238095238 0.6860119047619048 0.19940476190476192 0.13392857142857142
0 0.49702380952380953 0.6235119047619048 0.03571428571428571 0.008928571428571428
0 0.5669642857142857 0.5863095238095238 0.03273809523809524 0.017857142857142856
0 0.5044642857142857 0.5758928571428571 0.002976190476190476 0.002976190476190476
0 0.48660714285714285 0.5744047619047619 0.03273809523809524 0.017857142857142856
0 0.6755952380952381 0.5357142857142857 0.005952380952380952 0.005952380952380952
0 0.6607142857142857 0.5342261904761905 0.017857142857142856 0.002976190476190476
0 0.6636904761904762 0.5267857142857143 0.023809523809523808 0.005952380952380952
0 0.6324404761904762 0.5252976190476191 0.01488095238095238 0.002976190476190476
0 0.6681547619047619 0.5193452380952381 0.008928571428571428 0.002976190476190476
0 0.6383928571428571 0.5104166666666666 0.002976190476190476 0.002976190476190476
0 0.6532738095238095 0.5089285714285714 0.008928571428571428 0.005952380952380952
0 0.7276785714285714 0.5074404761904762 0.020833333333333332 0.008928571428571428
