0 0.5848214285714286 0.8169642857142857 0.002976190476190476 0.002976190476190476
0 0.5773809523809523 0.8169642857142857 0.005952380952380952 0.002976190476190476
0 0.5029761904761905 0.8139880952380952 0.02976190476190476 0.002976190476190476
0 0.6830357142857143 0.7901785714285714 0.002976190476190476 0.002976190476190476
0 0.53125 0.7425595238095238 0.002976190476190476 0.002976190476190476
0 0.5714285714285714 0.7395833333333334 0.02976190476190476 0.008928571428571428
0 0.5565476190476191 0.7336309523809523 0.005952380952380952 0.002976190476190476
0 0.5788690476190477 0.7306547619047619 0.002976190476190476 0.002976190476190476
0 0.5282738095238095 0.7157738095238095 0.002976190476190476 0.002976190476190476
0 0.5595238095238095 0.7098214285714286 0.011904761904761904 0.002976190476190476
0 0.5044642857142857 0.7023809523809523 0.06845238095238096 0.011904761904761904
0 0.6175595238095238 0.6666666666666666 0.008928571428571428 0.005952380952380952
0 0.44494047619047616 0.7261904761904762 0.18154761904761904 0.16666666666666666
0 0.40327380952380953 0.6413690476190477 0.008928571428571428 0.002976190476190476
0 0.6145833333333334 0.7247023809523809 0.15773809523809523 0.17559523809523808
0 0.6145833333333334 0.6264880952380952 0.008928571428571428 0.002976190476190476
0 0.4955357142857143 0.6235119047619048 0.008928571428571428 0.002976190476190476
0 0.5089285714285714 0.6235119047619048 0.011904761904761904 0.008928571428571428
0 0.7589285714285714 0.6116071428571429 0.03571428571428571 0.008928571428571428
0 0.5074404761904762 0.5729166666666666 0.044642857142857144 0.008928571428571428
0 0.48660714285714285 0.5639880952380952 0.01488095238095238 0.002976190476190476
0 0.6339285714285714 0.5401785714285714 0.017857142857142856 0.008928571428571428
0 0.5892857142857143 0.53125 0.017857142857142856 0.002976190476190476
0 0.7261904761904762 0.5133928571428571 0.017857142857142856 0.008928571428571428
0 0.6651785714285714 0.5178571428571429 0.10416666666666667 0.06547619047619048
