0 0.6532738095238095 0.7752976190476191 0.002976190476190476 0.002976190476190476
0 0.6458333333333334 0.7752976190476191 0.005952380952380952 0.002976190476190476
0 0.6026785714285714 0.7633928571428571 0.008928571428571428 0.002976190476190476
0 0.5907738095238095 0.7604166666666666 0.002976190476190476 0.002976190476190476
0 0.7068452380952381 0.7306547619047619 0.008928571428571428 0.002976190476190476
0 0.5699404761904762 0.7306547619047619 0.01488095238095238 0.002976190476190476
0 0.5208333333333334 0.7276785714285714 0.017857142857142856 0.002976190476190476
0 0.6175595238095238 0.7217261904761905 0.002976190476190476 0.002976190476190476
0 0.44494047619047616 0.7455357142857143 0.12797619047619047 0.05654761904761905
0 0.38839285714285715 0.7157738095238095 0.002976190476190476 0.002976190476190476
0 0.7217261904761905 0.6889880952380952 0.002976190476190476 0.002976190476190476
0 0.5967261904761905 0.6889880952380952 0.002976190476190476 0.002976190476190476
0 0.37797619047619047 0.6949404761904762 0.02976190476190476 0.03273809523809524
0 0.6413690476190477 0.7276785714285714 0.1636904761904762 0.10416666666666667
0 0.6651785714285714 0.6681547619047619 0.002976190476190476 0.002976190476190476
0 0.7633928571428571 0.6413690476190477 0.002976190476190476 0.002976190476190476
0 0.6383928571428571 0.625 0.044642857142857144 0.011904761904761904
0 0.5148809523809523 0.6220238095238095 0.041666666666666664 0.011904761904761904
0 0.7589285714285714 0.6413690476190477 0.05952380952380952 0.0625
0 0.5803571428571429 0.5907738095238095 0.017857142857142856 0.008928571428571428
0 0.4836309523809524 0.5699404761904762 0.01488095238095238 0.008928571428571428
0 0.6815476190476191 0.5223214285714286 0.005952380952380952 0.002976190476190476
0 0.6741071428571429 0.5223214285714286 0.002976190476190476 0.002976190476190476
0 0.6755952380952381 0.5163690476190477 0.005952380952380952 0.002976190476190476
0 0.6443452380952381 0.5223214285714286 0.050595238095238096 0.03869047619047619
0 0.6800595238095238 0.5014880952380952 0.008928571428571428 0.002976190476190476
