0 0.6741071428571429 0.8050595238095238 0.002976190476190476 0.002976190476190476
0 0.4166666666666667 0.7991071428571429 0.017857142857142856 0.002976190476190476
0 0.6592261904761905 0.7872023809523809 0.002976190476190476 0.002976190476190476
0 0.47767857142857145 0.7425595238095238 0.002976190476190476 0.002976190476190476
0 0.5193452380952381 0.7157738095238095 0.03869047619047619 0.008928571428571428
0 0.5267857142857143 0.7038690476190477 0.08333333333333333 0.01488095238095238
0 0.4211309523809524 0.6830357142857143 0.002976190476190476 0.002976190476190476
0 0.6473214285714286 0.6651785714285714 0.002976190476190476 0.002976190476190476
0 0.5089285714285714 0.7247023809523809 0.3273809523809524 0.1875
0 0.6622023809523809 0.5580357142857143 0.020833333333333332 0.008928571428571428
0 0.5848214285714286 0.5416666666666666 0.03273809523809524 0.023809523809523808
0 0.7455357142857143 0.5282738095238095 0.008928571428571428 0.002976190476190476
0 0.6636904761904762 0.5327380952380952 0.07738095238095238 0.03571428571428571
0 0.6309523809523809 0.5104166666666666 0.011904761904761904 0.002976190476190476
0 0.6994047619047619 0.5074404761904762 0.005952380952380952 0.002976190476190476
0 0.6845238095238095 0.5044642857142857 0.005952380952380952 0.002976190476190476
0 0.6770833333333334 0.5044642857142857 0.002976190476190476 0.002976190476190476
0 0.6547619047619048 0.5 0.017857142857142856 0.005952380952380952
0 0.7083333333333334 0.4955357142857143 0.011904761904761904 0.002976190476190476
