0 0.4583333333333333 0.8422619047619048 0.041666666666666664 0.041666666666666664
0 0.5714285714285714 0.6949404761904762 0.005952380952380952 0.002976190476190476
0 0.5401785714285714 0.6949404761904762 0.008928571428571428 0.002976190476190476
0 0.45982142857142855 0.6830357142857143 0.020833333333333332 0.002976190476190476
0 0.6458333333333334 0.6711309523809523 0.011904761904761904 0.002976190476190476
0 0.43601190476190477 0.6681547619047619 0.002976190476190476 0.002976190476190476
0 0.4642857142857143 0.6458333333333334 0.011904761904761904 0.005952380952380952
0 0.44642857142857145 0.6443452380952381 0.011904761904761904 0.008928571428571428
0 0.5074404761904762 0.7217261904761905 0.2708333333333333 0.16964285714285715
0 0.5892857142857143 0.5848214285714286 0.03571428571428571 0.020833333333333332
0 0.6934523809523809 0.5431547619047619 0.017857142857142856 0.008928571428571428
0 0.5744047619047619 0.5461309523809523 0.05357142857142857 0.026785714285714284
0 0.5327380952380952 0.5282738095238095 0.017857142857142856 0.008928571428571428
0 0.5386904761904762 0.5193452380952381 0.005952380952380952 0.002976190476190476
0 0.5803571428571429 0.5089285714285714 0.03571428571428571 0.017857142857142856
