0 0.5416666666666666 0.75 0.005952380952380952 0.005952380952380952
0 0.49851190476190477 0.7559523809523809 0.0744047619047619 0.017857142857142856
0 0.42410714285714285 0.7470238095238095 0.020833333333333332 0.005952380952380952
0 0.4583333333333333 0.7425595238095238 0.011904761904761904 0.008928571428571428
0 0.6309523809523809 0.6800595238095238 0.017857142857142856 0.002976190476190476
0 0.59375 0.7142857142857143 0.08630952380952381 0.07142857142857142
0 0.6220238095238095 0.6681547619047619 0.02976190476190476 0.01488095238095238
0 0.3854166666666667 0.6636904761904762 0.002976190476190476 0.005952380952380952
0 0.36607142857142855 0.6592261904761905 0.011904761904761904 0.002976190476190476
0 0.3854166666666667 0.6532738095238095 0.008928571428571428 0.002976190476190476
0 0.49702380952380953 0.6383928571428571 0.005952380952380952 0.002976190476190476
0 0.44047619047619047 0.6860119047619048 0.11904761904761904 0.10416666666666667
0 0.6919642857142857 0.5416666666666666 0.002976190476190476 0.005952380952380952
0 0.6770833333333334 0.5416666666666666 0.008928571428571428 0.005952380952380952
0 0.5505952380952381 0.5416666666666666 0.017857142857142856 0.005952380952380952
0 0.625 0.5386904761904762 0.005952380952380952 0.005952380952380952
0 0.6130952380952381 0.5193452380952381 0.005952380952380952 0.002976190476190476
0 0.6235119047619048 0.5163690476190477 0.020833333333333332 0.026785714285714284
