0 0.46726190476190477 0.8511904761904762 0.023809523809523808 0.02976190476190476
0 0.5773809523809523 0.8065476190476191 0.005952380952380952 0.005952380952380952
0 0.36904761904761907 0.7485119047619048 0.005952380952380952 0.002976190476190476
0 0.6383928571428571 0.7425595238095238 0.002976190476190476 0.002976190476190476
0 0.5297619047619048 0.7098214285714286 0.011904761904761904 0.002976190476190476
0 0.36160714285714285 0.6979166666666666 0.002976190476190476 0.002976190476190476
0 0.36755952380952384 0.6964285714285714 0.002976190476190476 0.005952380952380952
0 0.3630952380952381 0.6904761904761905 0.005952380952380952 0.005952380952380952
0 0.5238095238095238 0.6889880952380952 0.08928571428571429 0.026785714285714284
0 0.6235119047619048 0.6726190476190477 0.01488095238095238 0.005952380952380952
0 0.5014880952380952 0.7276785714285714 0.30654761904761907 0.19345238095238096
0 0.5877976190476191 0.5848214285714286 0.020833333333333332 0.008928571428571428
0 0.5773809523809523 0.5446428571428571 0.05357142857142857 0.02976190476190476
0 0.5863095238095238 0.5133928571428571 0.011904761904761904 0.002976190476190476
0 0.6681547619047619 0.53125 0.10416666666666667 0.044642857142857144
