0 0.5461309523809523 0.8229166666666666 0.008928571428571428 0.002976190476190476
0 0.5625 0.7351190476190477 0.017857142857142856 0.005952380952380952
0 0.4494047619047619 0.7425595238095238 0.09523809523809523 0.03869047619047619
0 0.5238095238095238 0.7217261904761905 0.005952380952380952 0.002976190476190476
0 0.4642857142857143 0.7157738095238095 0.07738095238095238 0.008928571428571428
0 0.5877976190476191 0.7068452380952381 0.002976190476190476 0.002976190476190476
0 0.38095238095238093 0.6949404761904762 0.005952380952380952 0.002976190476190476
0 0.6071428571428571 0.6711309523809523 0.023809523809523808 0.002976190476190476
0 0.6755952380952381 0.6681547619047619 0.011904761904761904 0.002976190476190476
0 0.47172619047619047 0.6443452380952381 0.01488095238095238 0.002976190476190476
0 0.45982142857142855 0.6443452380952381 0.002976190476190476 0.002976190476190476
0 0.71875 0.6354166666666666 0.008928571428571428 0.002976190476190476
0 0.6101190476190477 0.6354166666666666 0.005952380952380952 0.002976190476190476
0 0.5982142857142857 0.6354166666666666 0.005952380952380952 0.002976190476190476
0 0.6800595238095238 0.6889880952380952 0.2113095238095238 0.13392857142857142
0 0.6458333333333334 0.6235119047619048 0.011904761904761904 0.002976190476190476
0 0.6324404761904762 0.625 0.008928571428571428 0.005952380952380952
0 0.5669642857142857 0.6294642857142857 0.044642857142857144 0.01488095238095238
0 0.49255952380952384 0.6220238095238095 0.03869047619047619 0.011904761904761904
0 0.5535714285714286 0.6145833333333334 0.005952380952380952 0.002976190476190476
0 0.5446428571428571 0.6145833333333334 0.005952380952380952 0.002976190476190476
0 0.5089285714285714 0.6086309523809523 0.005952380952380952 0.002976190476190476
0 0.5074404761904762 0.5907738095238095 0.002976190476190476 0.002976190476190476
0 0.5178571428571429 0.5744047619047619 0.02976190476190476 0.005952380952380952
0 0.5892857142857143 0.5714285714285714 0.023809523809523808 0.005952380952380952
0 0.5639880952380952 0.5803571428571429 0.05654761904761905 0.02976190476190476
0 0.49851190476190477 0.5669642857142857 0.0625 0.026785714285714284
0 0.53125 0.5520833333333334 0.002976190476190476 0.002976190476190476
0 0.6309523809523809 0.5282738095238095 0.005952380952380952 0.002976190476190476
0 0.6086309523809523 0.5282738095238095 0.002976190476190476 0.002976190476190476
0 0.6651785714285714 0.5297619047619048 0.05654761904761905 0.023809523809523808
0 0.7351190476190477 0.5044642857142857 0.005952380952380952 0.002976190476190476
0 0.6473214285714286 0.5059523809523809 0.03273809523809524 0.017857142857142856
0 0.6666666666666666 0.48660714285714285 0.023809523809523808 0.01488095238095238
