0 0.5684523809523809 0.8526785714285714 0.02976190476190476 0.026785714285714284
0 0.5178571428571429 0.8363095238095238 0.011904761904761904 0.005952380952380952
0 0.6622023809523809 0.7008928571428571 0.002976190476190476 0.002976190476190476
0 0.5193452380952381 0.7723214285714286 0.11607142857142858 0.14583333333333334
0 0.6726190476190477 0.6964285714285714 0.017857142857142856 0.005952380952380952
0 0.38392857142857145 0.6845238095238095 0.017857142857142856 0.023809523809523808
0 0.7157738095238095 0.6532738095238095 0.008928571428571428 0.002976190476190476
0 0.7351190476190477 0.6517857142857143 0.011904761904761904 0.005952380952380952
0 0.7470238095238095 0.6428571428571429 0.005952380952380952 0.005952380952380952
0 0.7336309523809523 0.6413690476190477 0.002976190476190476 0.002976190476190476
0 0.6264880952380952 0.6383928571428571 0.002976190476190476 0.002976190476190476
0 0.6205357142857143 0.6383928571428571 0.002976190476190476 0.002976190476190476
0 0.6369047619047619 0.6785714285714286 0.11904761904761904 0.10714285714285714
0 0.6904761904761905 0.6294642857142857 0.07738095238095238 0.050595238095238096
0 0.5550595238095238 0.6056547619047619 0.01488095238095238 0.002976190476190476
0 0.49404761904761907 0.5610119047619048 0.03571428571428571 0.020833333333333332
0 0.47172619047619047 0.5461309523809523 0.01488095238095238 0.002976190476190476
0 0.6517857142857143 0.5029761904761905 0.041666666666666664 0.005952380952380952
0 0.6785714285714286 0.49107142857142855 0.023809523809523808 0.011904761904761904
0 0.6889880952380952 0.48214285714285715 0.01488095238095238 0.005952380952380952
