0 0.5133928571428571 0.8244047619047619 0.01488095238095238 0.011904761904761904
0 0.47470238095238093 0.8110119047619048 0.002976190476190476 0.002976190476190476
0 0.6473214285714286 0.7127976190476191 0.03869047619047619 0.01488095238095238
0 0.6458333333333334 0.6979166666666666 0.017857142857142856 0.002976190476190476
0 0.6458333333333334 0.6860119047619048 0.011904761904761904 0.002976190476190476
0 0.6622023809523809 0.6443452380952381 0.002976190476190476 0.002976190476190476
0 0.39285714285714285 0.6264880952380952 0.005952380952380952 0.002976190476190476
0 0.5922619047619048 0.6026785714285714 0.19642857142857142 0.0744047619047619
0 0.6086309523809523 0.5669642857142857 0.01488095238095238 0.008928571428571428
0 0.48214285714285715 0.5654761904761905 0.011904761904761904 0.005952380952380952
0 0.6741071428571429 0.4880952380952381 0.008928571428571428 0.005952380952380952
