0 0.49851190476190477 0.8110119047619048 0.002976190476190476 0.002976190476190476
0 0.46279761904761907 0.8020833333333334 0.002976190476190476 0.002976190476190476
0 0.6071428571428571 0.7306547619047619 0.005952380952380952 0.002976190476190476
0 0.43154761904761907 0.7232142857142857 0.03571428571428571 0.02976190476190476
0 0.39285714285714285 0.7068452380952381 0.011904761904761904 0.002976190476190476
0 0.5267857142857143 0.7529761904761905 0.15476190476190477 0.10714285714285714
0 0.3541666666666667 0.6830357142857143 0.011904761904761904 0.002976190476190476
0 0.3943452380952381 0.6830357142857143 0.026785714285714284 0.026785714285714284
0 0.37797619047619047 0.6577380952380952 0.011904761904761904 0.005952380952380952
0 0.41964285714285715 0.6517857142857143 0.005952380952380952 0.005952380952380952
0 0.39285714285714285 0.6502976190476191 0.005952380952380952 0.002976190476190476
0 0.7113095238095238 0.6488095238095238 0.005952380952380952 0.005952380952380952
0 0.6101190476190477 0.6086309523809523 0.005952380952380952 0.002976190476190476
0 0.6800595238095238 0.6815476190476191 0.18154761904761904 0.15476190476190477
0 0.5818452380952381 0.5758928571428571 0.002976190476190476 0.002976190476190476
0 0.6235119047619048 0.5163690476190477 0.002976190476190476 0.002976190476190476
0 0.6175595238095238 0.5163690476190477 0.002976190476190476 0.002976190476190476
0 0.6383928571428571 0.5104166666666666 0.002976190476190476 0.002976190476190476
0 0.6934523809523809 0.5104166666666666 0.017857142857142856 0.008928571428571428
0 0.6889880952380952 0.4955357142857143 0.008928571428571428 0.002976190476190476
0 0.7083333333333334 0.4836309523809524 0.005952380952380952 0.002976190476190476
