0 0.5342261904761905 0.7574404761904762 0.008928571428571428 0.002976190476190476
0 0.43601190476190477 0.7425595238095238 0.026785714285714284 0.01488095238095238
0 0.4419642857142857 0.7336309523809523 0.002976190476190476 0.002976190476190476
0 0.6235119047619048 0.7291666666666666 0.020833333333333332 0.011904761904761904
0 0.5416666666666666 0.7261904761904762 0.011904761904761904 0.005952380952380952
0 0.6264880952380952 0.7098214285714286 0.002976190476190476 0.002976190476190476
0 0.6473214285714286 0.6919642857142857 0.002976190476190476 0.002976190476190476
0 0.37648809523809523 0.6934523809523809 0.008928571428571428 0.005952380952380952
0 0.6086309523809523 0.6770833333333334 0.020833333333333332 0.008928571428571428
0 0.6041666666666666 0.6696428571428571 0.005952380952380952 0.005952380952380952
0 0.6205357142857143 0.6116071428571429 0.002976190476190476 0.002976190476190476
0 0.6026785714285714 0.6041666666666666 0.020833333333333332 0.005952380952380952
0 0.5758928571428571 0.6011904761904762 0.01488095238095238 0.005952380952380952
0 0.46875 0.5758928571428571 0.002976190476190476 0.002976190476190476
0 0.59375 0.6264880952380952 0.28273809523809523 0.16964285714285715
0 0.7247023809523809 0.5133928571428571 0.002976190476190476 0.002976190476190476
0 0.6517857142857143 0.5089285714285714 0.023809523809523808 0.005952380952380952
0 0.6934523809523809 0.5074404761904762 0.011904761904761904 0.008928571428571428
