0 0.5386904761904762 0.8020833333333334 0.005952380952380952 0.002976190476190476
0 0.42410714285714285 0.7827380952380952 0.020833333333333332 0.017857142857142856
0 0.6443452380952381 0.7574404761904762 0.01488095238095238 0.002976190476190476
0 0.5892857142857143 0.71875 0.005952380952380952 0.002976190476190476
0 0.6145833333333334 0.6919642857142857 0.002976190476190476 0.002976190476190476
0 0.5654761904761905 0.6443452380952381 0.017857142857142856 0.008928571428571428
0 0.3913690476190476 0.6383928571428571 0.002976190476190476 0.002976190476190476
0 0.5580357142857143 0.6354166666666666 0.008928571428571428 0.002976190476190476
0 0.6711309523809523 0.625 0.020833333333333332 0.005952380952380952
0 0.5625 0.6145833333333334 0.023809523809523808 0.002976190476190476
0 0.5476190476190477 0.7113095238095238 0.44642857142857145 0.20833333333333334
0 0.6517857142857143 0.6130952380952381 0.03571428571428571 0.011904761904761904
0 0.6577380952380952 0.5282738095238095 0.011904761904761904 0.002976190476190476
0 0.6904761904761905 0.5133928571428571 0.011904761904761904 0.002976190476190476
0 0.6815476190476191 0.5074404761904762 0.005952380952380952 0.002976190476190476
0 0.625 0.5044642857142857 0.005952380952380952 0.002976190476190476
0 0.7068452380952381 0.48214285714285715 0.020833333333333332 0.005952380952380952
