0 0.5133928571428571 0.8139880952380952 0.008928571428571428 0.008928571428571428
0 0.4732142857142857 0.8095238095238095 0.005952380952380952 0.005952380952380952
0 0.5401785714285714 0.7514880952380952 0.026785714285714284 0.026785714285714284
0 0.6845238095238095 0.7306547619047619 0.023809523809523808 0.002976190476190476
0 0.5401785714285714 0.7321428571428571 0.03273809523809524 0.005952380952380952
0 0.6041666666666666 0.7113095238095238 0.005952380952380952 0.005952380952380952
0 0.5401785714285714 0.6056547619047619 0.002976190476190476 0.002976190476190476
0 0.5178571428571429 0.6056547619047619 0.017857142857142856 0.002976190476190476
0 0.6443452380952381 0.6636904761904762 0.12202380952380952 0.13095238095238096
0 0.5833333333333334 0.5967261904761905 0.005952380952380952 0.002976190476190476
0 0.6205357142857143 0.5952380952380952 0.008928571428571428 0.005952380952380952
0 0.5580357142857143 0.6026785714285714 0.050595238095238096 0.020833333333333332
0 0.5163690476190477 0.5818452380952381 0.050595238095238096 0.020833333333333332
0 0.6741071428571429 0.4895833333333333 0.020833333333333332 0.008928571428571428
