0 0.5714285714285714 0.7931547619047619 0.005952380952380952 0.002976190476190476
0 0.4211309523809524 0.7872023809523809 0.002976190476190476 0.002976190476190476
0 0.4255952380952381 0.7797619047619048 0.011904761904761904 0.011904761904761904
0 0.6205357142857143 0.7663690476190477 0.002976190476190476 0.002976190476190476
0 0.6086309523809523 0.7217261904761905 0.002976190476190476 0.002976190476190476
0 0.3943452380952381 0.7127976190476191 0.03273809523809524 0.01488095238095238
0 0.3601190476190476 0.6964285714285714 0.011904761904761904 0.005952380952380952
0 0.37797619047619047 0.6830357142857143 0.011904761904761904 0.002976190476190476
0 0.38839285714285715 0.6696428571428571 0.05654761904761905 0.06547619047619048
0 0.5565476190476191 0.6279761904761905 0.011904761904761904 0.005952380952380952
0 0.4538690476190476 0.625 0.03869047619047619 0.017857142857142856
0 0.5892857142857143 0.7098214285714286 0.3630952380952381 0.20535714285714285
0 0.65625 0.6116071428571429 0.03273809523809524 0.008928571428571428
0 0.5803571428571429 0.5729166666666666 0.005952380952380952 0.002976190476190476
0 0.5744047619047619 0.5669642857142857 0.005952380952380952 0.002976190476190476
0 0.6949404761904762 0.5089285714285714 0.026785714285714284 0.011904761904761904
0 0.6279761904761905 0.5059523809523809 0.017857142857142856 0.005952380952380952
0 0.6741071428571429 0.49851190476190477 0.002976190476190476 0.002976190476190476
0 0.6636904761904762 0.49851190476190477 0.011904761904761904 0.002976190476190476
0 0.7068452380952381 0.48214285714285715 0.01488095238095238 0.005952380952380952
