0 0.5550595238095238 0.8333333333333334 0.008928571428571428 0.005952380952380952
0 0.5386904761904762 0.7544642857142857 0.011904761904761904 0.002976190476190476
0 0.5282738095238095 0.7514880952380952 0.002976190476190476 0.002976190476190476
0 0.5386904761904762 0.7247023809523809 0.005952380952380952 0.002976190476190476
0 0.44642857142857145 0.7395833333333334 0.047619047619047616 0.03273809523809524
0 0.5119047619047619 0.71875 0.02976190476190476 0.008928571428571428
0 0.47023809523809523 0.7127976190476191 0.017857142857142856 0.002976190476190476
0 0.4479166666666667 0.7127976190476191 0.002976190476190476 0.002976190476190476
0 0.38095238095238093 0.6964285714285714 0.011904761904761904 0.011904761904761904
0 0.6294642857142857 0.6592261904761905 0.01488095238095238 0.020833333333333332
0 0.6041666666666666 0.625 0.017857142857142856 0.005952380952380952
0 0.5729166666666666 0.6220238095238095 0.008928571428571428 0.005952380952380952
0 0.5431547619047619 0.6130952380952381 0.002976190476190476 0.005952380952380952
0 0.5967261904761905 0.6086309523809523 0.002976190476190476 0.002976190476190476
0 0.6636904761904762 0.6726190476190477 0.15476190476190477 0.13690476190476192
0 0.5401785714285714 0.6056547619047619 0.002976190476190476 0.002976190476190476
0 0.5997023809523809 0.6026785714285714 0.002976190476190476 0.002976190476190476
0 0.5758928571428571 0.5997023809523809 0.008928571428571428 0.002976190476190476
0 0.5848214285714286 0.5967261904761905 0.002976190476190476 0.002976190476190476
0 0.5267857142857143 0.59375 0.005952380952380952 0.002976190476190476
0 0.5535714285714286 0.6220238095238095 0.13095238095238096 0.05952380952380952
0 0.5178571428571429 0.5714285714285714 0.08928571428571429 0.02976190476190476
0 0.46577380952380953 0.5491071428571429 0.026785714285714284 0.01488095238095238
0 0.6711309523809523 0.5342261904761905 0.002976190476190476 0.002976190476190476
0 0.7351190476190477 0.5074404761904762 0.005952380952380952 0.002976190476190476
0 0.6904761904761905 0.5074404761904762 0.005952380952380952 0.002976190476190476
0 0.6532738095238095 0.5074404761904762 0.03273809523809524 0.01488095238095238
