0 0.5892857142857143 0.8125 0.017857142857142856 0.011904761904761904
0 0.6026785714285714 0.7782738095238095 0.002976190476190476 0.002976190476190476
0 0.6919642857142857 0.7425595238095238 0.002976190476190476 0.002976190476190476
0 0.5625 0.7366071428571429 0.03571428571428571 0.002976190476190476
0 0.7157738095238095 0.7336309523809523 0.002976190476190476 0.002976190476190476
0 0.5059523809523809 0.7336309523809523 0.03571428571428571 0.002976190476190476
0 0.6860119047619048 0.7306547619047619 0.002976190476190476 0.002976190476190476
0 0.44345238095238093 0.7306547619047619 0.07142857142857142 0.050595238095238096
0 0.5833333333333334 0.6889880952380952 0.011904761904761904 0.002976190476190476
0 0.5803571428571429 0.6651785714285714 0.023809523809523808 0.002976190476190476
0 0.59375 0.7217261904761905 0.23511904761904762 0.12797619047619047
0 0.7752976190476191 0.6458333333333334 0.002976190476190476 0.005952380952380952
0 0.40922619047619047 0.6696428571428571 0.044642857142857144 0.06547619047619048
0 0.41220238095238093 0.6309523809523809 0.002976190476190476 0.005952380952380952
0 0.42857142857142855 0.6264880952380952 0.005952380952380952 0.002976190476190476
0 0.78125 0.6279761904761905 0.03273809523809524 0.023809523809523808
0 0.5089285714285714 0.5669642857142857 0.005952380952380952 0.002976190476190476
0 0.6860119047619048 0.5401785714285714 0.026785714285714284 0.008928571428571428
0 0.6622023809523809 0.5342261904761905 0.002976190476190476 0.002976190476190476
0 0.6889880952380952 0.5148809523809523 0.002976190476190476 0.005952380952380952
0 0.6473214285714286 0.5163690476190477 0.03273809523809524 0.03273809523809524
