0 0.46726190476190477 0.8526785714285714 0.005952380952380952 0.002976190476190476
0 0.5744047619047619 0.8095238095238095 0.005952380952380952 0.005952380952380952
0 0.6190476190476191 0.7916666666666666 0.005952380952380952 0.005952380952380952
0 0.6026785714285714 0.7872023809523809 0.002976190476190476 0.002976190476190476
0 0.5863095238095238 0.7663690476190477 0.005952380952380952 0.002976190476190476
0 0.6622023809523809 0.7633928571428571 0.002976190476190476 0.002976190476190476
0 0.36160714285714285 0.7276785714285714 0.002976190476190476 0.002976190476190476
0 0.43005952380952384 0.6383928571428571 0.01488095238095238 0.002976190476190476
0 0.5119047619047619 0.7202380952380952 0.30952380952380953 0.17857142857142858
0 0.5625 0.5863095238095238 0.017857142857142856 0.005952380952380952
0 0.5848214285714286 0.5863095238095238 0.020833333333333332 0.011904761904761904
0 0.6726190476190477 0.5565476190476191 0.011904761904761904 0.005952380952380952
0 0.6979166666666666 0.5461309523809523 0.008928571428571428 0.002976190476190476
0 0.6815476190476191 0.5476190476190477 0.011904761904761904 0.005952380952380952
0 0.5342261904761905 0.5461309523809523 0.002976190476190476 0.002976190476190476
0 0.6294642857142857 0.5416666666666666 0.008928571428571428 0.005952380952380952
0 0.5818452380952381 0.5476190476190477 0.03869047619047619 0.02976190476190476
0 0.7247023809523809 0.5297619047619048 0.01488095238095238 0.005952380952380952
0 0.6622023809523809 0.5267857142857143 0.06845238095238096 0.03571428571428571
0 0.6681547619047619 0.49702380952380953 0.008928571428571428 0.005952380952380952
