0 0.5282738095238095 0.75 0.1636904761904762 0.03571428571428571
0 0.625 0.7217261904761905 0.005952380952380952 0.002976190476190476
0 0.4226190476190476 0.7008928571428571 0.047619047619047616 0.0625
0 0.6324404761904762 0.6889880952380952 0.044642857142857144 0.0625
0 0.5714285714285714 0.6622023809523809 0.03571428571428571 0.008928571428571428
0 0.40625 0.65625 0.002976190476190476 0.002976190476190476
0 0.46875 0.6577380952380952 0.09226190476190477 0.011904761904761904
0 0.42410714285714285 0.6532738095238095 0.002976190476190476 0.002976190476190476
0 0.5729166666666666 0.6458333333333334 0.050595238095238096 0.017857142857142856
0 0.6383928571428571 0.5520833333333334 0.008928571428571428 0.002976190476190476
0 0.6041666666666666 0.5327380952380952 0.011904761904761904 0.005952380952380952
0 0.6592261904761905 0.5342261904761905 0.12202380952380952 0.06845238095238096
