0 0.5505952380952381 0.8318452380952381 0.017857142857142856 0.01488095238095238
0 0.5372023809523809 0.7559523809523809 0.008928571428571428 0.005952380952380952
0 0.40476190476190477 0.7336309523809523 0.005952380952380952 0.002976190476190476
0 0.45535714285714285 0.7395833333333334 0.07738095238095238 0.03273809523809524
0 0.5089285714285714 0.7202380952380952 0.017857142857142856 0.005952380952380952
0 0.38095238095238093 0.6964285714285714 0.011904761904761904 0.005952380952380952
0 0.5877976190476191 0.6622023809523809 0.002976190476190476 0.002976190476190476
0 0.5877976190476191 0.65625 0.002976190476190476 0.002976190476190476
0 0.6145833333333334 0.6443452380952381 0.002976190476190476 0.002976190476190476
0 0.5788690476190477 0.6235119047619048 0.002976190476190476 0.002976190476190476
0 0.6622023809523809 0.6785714285714286 0.15178571428571427 0.125
0 0.5714285714285714 0.6190476190476191 0.005952380952380952 0.005952380952380952
0 0.5580357142857143 0.6160714285714286 0.008928571428571428 0.005952380952380952
0 0.6205357142857143 0.6116071428571429 0.008928571428571428 0.002976190476190476
0 0.6071428571428571 0.6116071428571429 0.011904761904761904 0.002976190476190476
0 0.5416666666666666 0.6086309523809523 0.011904761904761904 0.002976190476190476
0 0.5535714285714286 0.625 0.1130952380952381 0.047619047619047616
0 0.49851190476190477 0.5952380952380952 0.01488095238095238 0.005952380952380952
0 0.47470238095238093 0.5639880952380952 0.05654761904761905 0.044642857142857144
0 0.4419642857142857 0.5401785714285714 0.002976190476190476 0.002976190476190476
0 0.7351190476190477 0.5089285714285714 0.017857142857142856 0.005952380952380952
0 0.7142857142857143 0.5044642857142857 0.005952380952380952 0.002976190476190476
0 0.6904761904761905 0.5059523809523809 0.017857142857142856 0.005952380952380952
0 0.6681547619047619 0.4955357142857143 0.002976190476190476 0.002976190476190476
