0 0.5267857142857143 0.7247023809523809 0.011904761904761904 0.002976190476190476
0 0.47172619047619047 0.7127976190476191 0.026785714285714284 0.002976190476190476
0 0.42410714285714285 0.6949404761904762 0.002976190476190476 0.002976190476190476
0 0.5133928571428571 0.6860119047619048 0.01488095238095238 0.002976190476190476
0 0.49851190476190477 0.6845238095238095 0.002976190476190476 0.005952380952380952
0 0.39732142857142855 0.6636904761904762 0.008928571428571428 0.005952380952380952
0 0.5089285714285714 0.7083333333333334 0.2619047619047619 0.10714285714285714
0 0.4895833333333333 0.6547619047619048 0.002976190476190476 0.005952380952380952
0 0.4330357142857143 0.6443452380952381 0.002976190476190476 0.002976190476190476
0 0.5788690476190477 0.5074404761904762 0.03273809523809524 0.01488095238095238
