0 0.5178571428571429 0.8363095238095238 0.011904761904761904 0.005952380952380952
0 0.47767857142857145 0.8348214285714286 0.008928571428571428 0.002976190476190476
0 0.5148809523809523 0.8110119047619048 0.011904761904761904 0.01488095238095238
0 0.47619047619047616 0.8065476190476191 0.011904761904761904 0.011904761904761904
0 0.5163690476190477 0.7946428571428571 0.01488095238095238 0.005952380952380952
0 0.47470238095238093 0.7931547619047619 0.01488095238095238 0.002976190476190476
0 0.43452380952380953 0.7916666666666666 0.017857142857142856 0.011904761904761904
0 0.5119047619047619 0.78125 0.005952380952380952 0.002976190476190476
0 0.5 0.7648809523809523 0.017857142857142856 0.011904761904761904
0 0.6830357142857143 0.7276785714285714 0.002976190476190476 0.002976190476190476
0 0.6235119047619048 0.7247023809523809 0.002976190476190476 0.002976190476190476
0 0.6875 0.7217261904761905 0.005952380952380952 0.002976190476190476
0 0.5416666666666666 0.7470238095238095 0.05357142857142857 0.06547619047619048
0 0.5104166666666666 0.7172619047619048 0.008928571428571428 0.005952380952380952
0 0.6116071428571429 0.6056547619047619 0.002976190476190476 0.002976190476190476
0 0.5877976190476191 0.6056547619047619 0.01488095238095238 0.002976190476190476
0 0.6473214285714286 0.6651785714285714 0.13392857142857142 0.12797619047619047
0 0.5550595238095238 0.5907738095238095 0.002976190476190476 0.002976190476190476
0 0.53125 0.5877976190476191 0.0744047619047619 0.044642857142857144
0 0.6830357142857143 0.4895833333333333 0.026785714285714284 0.008928571428571428
