0 0.5565476190476191 0.7395833333333334 0.005952380952380952 0.002976190476190476
0 0.5654761904761905 0.7380952380952381 0.005952380952380952 0.005952380952380952
0 0.5520833333333334 0.7276785714285714 0.002976190476190476 0.002976190476190476
0 0.44494047619047616 0.7395833333333334 0.08630952380952381 0.03273809523809524
0 0.5357142857142857 0.7217261904761905 0.005952380952380952 0.002976190476190476
0 0.37648809523809523 0.6919642857142857 0.008928571428571428 0.002976190476190476
0 0.6904761904761905 0.6651785714285714 0.011904761904761904 0.002976190476190476
0 0.6741071428571429 0.6651785714285714 0.01488095238095238 0.002976190476190476
0 0.6681547619047619 0.6994047619047619 0.16964285714285715 0.10119047619047619
0 0.71875 0.6473214285714286 0.002976190476190476 0.002976190476190476
0 0.6086309523809523 0.6413690476190477 0.008928571428571428 0.002976190476190476
0 0.5744047619047619 0.6413690476190477 0.011904761904761904 0.002976190476190476
0 0.6339285714285714 0.6354166666666666 0.005952380952380952 0.002976190476190476
0 0.59375 0.6354166666666666 0.01488095238095238 0.002976190476190476
0 0.6086309523809523 0.6324404761904762 0.03869047619047619 0.008928571428571428
0 0.6979166666666666 0.6324404761904762 0.11011904761904762 0.020833333333333332
0 0.6264880952380952 0.6235119047619048 0.002976190476190476 0.002976190476190476
0 0.5535714285714286 0.6294642857142857 0.041666666666666664 0.01488095238095238
0 0.5550595238095238 0.6175595238095238 0.002976190476190476 0.002976190476190476
0 0.5461309523809523 0.6175595238095238 0.008928571428571428 0.002976190476190476
0 0.6086309523809523 0.6145833333333334 0.002976190476190476 0.002976190476190476
0 0.5372023809523809 0.6086309523809523 0.002976190476190476 0.002976190476190476
0 0.5282738095238095 0.6056547619047619 0.008928571428571428 0.002976190476190476
0 0.5133928571428571 0.6056547619047619 0.008928571428571428 0.002976190476190476
0 0.5729166666666666 0.5833333333333334 0.008928571428571428 0.005952380952380952
0 0.5580357142857143 0.5818452380952381 0.008928571428571428 0.002976190476190476
0 0.48214285714285715 0.5788690476190477 0.017857142857142856 0.002976190476190476
0 0.4851190476190476 0.5714285714285714 0.02976190476190476 0.005952380952380952
0 0.6726190476190477 0.53125 0.011904761904761904 0.002976190476190476
0 0.6577380952380952 0.5267857142857143 0.005952380952380952 0.005952380952380952
0 0.6666666666666666 0.5104166666666666 0.017857142857142856 0.002976190476190476
0 0.7276785714285714 0.5089285714285714 0.03869047619047619 0.005952380952380952
0 0.6443452380952381 0.5074404761904762 0.020833333333333332 0.008928571428571428
