0 0.49851190476190477 0.8139880952380952 0.020833333333333332 0.020833333333333332
0 0.49851190476190477 0.7976190476190477 0.020833333333333332 0.005952380952380952
0 0.6532738095238095 0.7931547619047619 0.002976190476190476 0.002976190476190476
0 0.4791666666666667 0.7901785714285714 0.005952380952380952 0.002976190476190476
0 0.47619047619047616 0.7782738095238095 0.011904761904761904 0.002976190476190476
0 0.6845238095238095 0.7752976190476191 0.005952380952380952 0.002976190476190476
0 0.49851190476190477 0.7752976190476191 0.01488095238095238 0.002976190476190476
0 0.5788690476190477 0.7723214285714286 0.01488095238095238 0.002976190476190476
0 0.44494047619047616 0.7276785714285714 0.1636904761904762 0.09226190476190477
0 0.6339285714285714 0.7306547619047619 0.18452380952380953 0.11011904761904762
0 0.6666666666666666 0.6696428571428571 0.005952380952380952 0.005952380952380952
0 0.7797619047619048 0.6398809523809523 0.005952380952380952 0.005952380952380952
0 0.6443452380952381 0.6413690476190477 0.044642857142857144 0.026785714285714284
0 0.5163690476190477 0.625 0.044642857142857144 0.005952380952380952
0 0.6354166666666666 0.6220238095238095 0.03869047619047619 0.005952380952380952
0 0.7529761904761905 0.6413690476190477 0.05952380952380952 0.06845238095238096
0 0.5431547619047619 0.6071428571428571 0.026785714285714284 0.005952380952380952
0 0.5788690476190477 0.5892857142857143 0.03273809523809524 0.011904761904761904
0 0.5580357142857143 0.5788690476190477 0.020833333333333332 0.002976190476190476
0 0.5074404761904762 0.5744047619047619 0.03869047619047619 0.005952380952380952
0 0.4806547619047619 0.5684523809523809 0.026785714285714284 0.011904761904761904
0 0.7023809523809523 0.5282738095238095 0.017857142857142856 0.002976190476190476
0 0.6741071428571429 0.5029761904761905 0.008928571428571428 0.005952380952380952
0 0.6502976190476191 0.5178571428571429 0.0625 0.05357142857142857
0 0.6934523809523809 0.4895833333333333 0.017857142857142856 0.008928571428571428
