0 0.5714285714285714 0.8541666666666666 0.017857142857142856 0.005952380952380952
0 0.47470238095238093 0.8377976190476191 0.002976190476190476 0.002976190476190476
0 0.5148809523809523 0.8229166666666666 0.005952380952380952 0.002976190476190476
0 0.47470238095238093 0.8050595238095238 0.020833333333333332 0.020833333333333332
0 0.5178571428571429 0.8005952380952381 0.03571428571428571 0.03571428571428571
0 0.5223214285714286 0.7752976190476191 0.002976190476190476 0.002976190476190476
0 0.4895833333333333 0.7767857142857143 0.008928571428571428 0.005952380952380952
0 0.49255952380952384 0.7306547619047619 0.03869047619047619 0.002976190476190476
0 0.49404761904761907 0.7098214285714286 0.005952380952380952 0.002976190476190476
0 0.5193452380952381 0.7440476190476191 0.11011904761904762 0.07738095238095238
0 0.38244047619047616 0.6845238095238095 0.008928571428571428 0.005952380952380952
0 0.5565476190476191 0.6056547619047619 0.023809523809523808 0.002976190476190476
0 0.6502976190476191 0.6651785714285714 0.13988095238095238 0.12797619047619047
0 0.6443452380952381 0.6041666666666666 0.01488095238095238 0.005952380952380952
0 0.5357142857142857 0.59375 0.005952380952380952 0.002976190476190476
0 0.5 0.5550595238095238 0.017857142857142856 0.002976190476190476
0 0.47619047619047616 0.5491071428571429 0.017857142857142856 0.008928571428571428
0 0.47023809523809523 0.5401785714285714 0.011904761904761904 0.002976190476190476
0 0.7336309523809523 0.4955357142857143 0.002976190476190476 0.002976190476190476
0 0.6800595238095238 0.4895833333333333 0.03273809523809524 0.008928571428571428
