0 0.5520833333333334 0.8318452380952381 0.020833333333333332 0.01488095238095238
0 0.5342261904761905 0.7574404761904762 0.002976190476190476 0.002976190476190476
0 0.5595238095238095 0.7380952380952381 0.03571428571428571 0.005952380952380952
0 0.5788690476190477 0.7276785714285714 0.002976190476190476 0.002976190476190476
0 0.4955357142857143 0.7276785714285714 0.002976190476190476 0.002976190476190476
0 0.4851190476190476 0.7366071428571429 0.17261904761904762 0.044642857142857144
0 0.37797619047619047 0.7008928571428571 0.017857142857142856 0.008928571428571428
0 0.5773809523809523 0.6502976190476191 0.03571428571428571 0.008928571428571428
0 0.6458333333333334 0.6354166666666666 0.005952380952380952 0.002976190476190476
0 0.6160714285714286 0.6264880952380952 0.005952380952380952 0.002976190476190476
0 0.5922619047619048 0.6205357142857143 0.005952380952380952 0.002976190476190476
0 0.7142857142857143 0.6190476190476191 0.017857142857142856 0.005952380952380952
0 0.6607142857142857 0.6800595238095238 0.16666666666666666 0.12797619047619047
0 0.6339285714285714 0.6160714285714286 0.02976190476190476 0.011904761904761904
0 0.5550595238095238 0.625 0.13392857142857142 0.041666666666666664
0 0.5029761904761905 0.5982142857142857 0.02976190476190476 0.005952380952380952
0 0.49702380952380953 0.5892857142857143 0.005952380952380952 0.005952380952380952
0 0.5788690476190477 0.5848214285714286 0.008928571428571428 0.002976190476190476
0 0.4806547619047619 0.5714285714285714 0.05654761904761905 0.023809523809523808
0 0.45089285714285715 0.5610119047619048 0.002976190476190476 0.002976190476190476
0 0.46577380952380953 0.5535714285714286 0.026785714285714284 0.005952380952380952
0 0.4479166666666667 0.5535714285714286 0.002976190476190476 0.005952380952380952
0 0.4419642857142857 0.5431547619047619 0.002976190476190476 0.002976190476190476
0 0.6458333333333334 0.5104166666666666 0.011904761904761904 0.002976190476190476
0 0.7366071428571429 0.5104166666666666 0.026785714285714284 0.008928571428571428
0 0.6875 0.5074404761904762 0.017857142857142856 0.008928571428571428
0 0.6607142857142857 0.49404761904761907 0.011904761904761904 0.005952380952380952
