0 0.5133928571428571 0.8229166666666666 0.01488095238095238 0.020833333333333332
0 0.47470238095238093 0.8080357142857143 0.01488095238095238 0.008928571428571428
0 0.5044642857142857 0.7663690476190477 0.008928571428571428 0.008928571428571428
0 0.4955357142857143 0.7633928571428571 0.002976190476190476 0.002976190476190476
0 0.5029761904761905 0.7574404761904762 0.005952380952380952 0.002976190476190476
0 0.5416666666666666 0.7425595238095238 0.047619047619047616 0.050595238095238096
0 0.46875 0.7202380952380952 0.008928571428571428 0.005952380952380952
0 0.6502976190476191 0.6994047619047619 0.11011904761904762 0.05952380952380952
0 0.6413690476190477 0.6622023809523809 0.01488095238095238 0.002976190476190476
0 0.6502976190476191 0.65625 0.03273809523809524 0.002976190476190476
0 0.6294642857142857 0.5997023809523809 0.002976190476190476 0.002976190476190476
0 0.6383928571428571 0.625 0.11607142857142858 0.05357142857142857
0 0.6235119047619048 0.5967261904761905 0.002976190476190476 0.002976190476190476
0 0.5565476190476191 0.5997023809523809 0.041666666666666664 0.020833333333333332
0 0.6026785714285714 0.5848214285714286 0.002976190476190476 0.002976190476190476
0 0.59375 0.5818452380952381 0.008928571428571428 0.002976190476190476
0 0.5148809523809523 0.5773809523809523 0.041666666666666664 0.017857142857142856
0 0.6889880952380952 0.49255952380952384 0.002976190476190476 0.002976190476190476
0 0.6741071428571429 0.4880952380952381 0.026785714285714284 0.011904761904761904
