0 0.5133928571428571 0.8199404761904762 0.01488095238095238 0.01488095238095238
0 0.5133928571428571 0.8065476190476191 0.008928571428571428 0.005952380952380952
0 0.4732142857142857 0.8080357142857143 0.011904761904761904 0.01488095238095238
0 0.5342261904761905 0.7440476190476191 0.03869047619047619 0.041666666666666664
0 0.47172619047619047 0.7217261904761905 0.002976190476190476 0.002976190476190476
0 0.6830357142857143 0.7127976190476191 0.008928571428571428 0.002976190476190476
0 0.6279761904761905 0.6622023809523809 0.16666666666666666 0.13392857142857142
0 0.5818452380952381 0.5967261904761905 0.008928571428571428 0.002976190476190476
0 0.5699404761904762 0.5967261904761905 0.002976190476190476 0.002976190476190476
0 0.5416666666666666 0.5922619047619048 0.023809523809523808 0.005952380952380952
0 0.4895833333333333 0.5446428571428571 0.050595238095238096 0.023809523809523808
0 0.6711309523809523 0.4880952380952381 0.020833333333333332 0.005952380952380952
