0 0.5699404761904762 0.8511904761904762 0.020833333333333332 0.011904761904761904
0 0.4806547619047619 0.8288690476190477 0.01488095238095238 0.020833333333333332
0 0.47767857142857145 0.8035714285714286 0.020833333333333332 0.023809523809523808
0 0.48660714285714285 0.7872023809523809 0.002976190476190476 0.002976190476190476
0 0.5238095238095238 0.7633928571428571 0.1130952380952381 0.12797619047619047
0 0.38392857142857145 0.6830357142857143 0.017857142857142856 0.01488095238095238
0 0.7485119047619048 0.6428571428571429 0.008928571428571428 0.005952380952380952
0 0.7410714285714286 0.6235119047619048 0.005952380952380952 0.002976190476190476
0 0.5535714285714286 0.6056547619047619 0.017857142857142856 0.002976190476190476
0 0.6502976190476191 0.6666666666666666 0.14583333333333334 0.13095238095238096
0 0.49851190476190477 0.5550595238095238 0.01488095238095238 0.002976190476190476
0 0.7098214285714286 0.49255952380952384 0.002976190476190476 0.002976190476190476
0 0.6830357142857143 0.4895833333333333 0.03273809523809524 0.008928571428571428
0 0.6845238095238095 0.4806547619047619 0.011904761904761904 0.002976190476190476
