0 0.6592261904761905 0.7455357142857143 0.002976190476190476 0.002976190476190476
0 0.5550595238095238 0.7366071428571429 0.01488095238095238 0.002976190476190476
0 0.41220238095238093 0.7247023809523809 0.002976190476190476 0.002976190476190476
0 0.44494047619047616 0.7380952380952381 0.09821428571428571 0.041666666666666664
0 0.5967261904761905 0.7068452380952381 0.002976190476190476 0.002976190476190476
0 0.375 0.6964285714285714 0.017857142857142856 0.005952380952380952
0 0.6428571428571429 0.6711309523809523 0.023809523809523808 0.002976190476190476
0 0.7574404761904762 0.6443452380952381 0.002976190476190476 0.002976190476190476
0 0.6026785714285714 0.6413690476190477 0.002976190476190476 0.002976190476190476
0 0.5773809523809523 0.6413690476190477 0.03571428571428571 0.020833333333333332
0 0.5818452380952381 0.6235119047619048 0.008928571428571428 0.002976190476190476
0 0.6696428571428571 0.6830357142857143 0.17857142857142858 0.12797619047619047
0 0.5357142857142857 0.625 0.07738095238095238 0.023809523809523808
0 0.6086309523809523 0.6116071428571429 0.002976190476190476 0.002976190476190476
0 0.5967261904761905 0.6116071428571429 0.002976190476190476 0.002976190476190476
0 0.49851190476190477 0.59375 0.002976190476190476 0.002976190476190476
0 0.5729166666666666 0.5877976190476191 0.020833333333333332 0.008928571428571428
0 0.48660714285714285 0.5818452380952381 0.008928571428571428 0.002976190476190476
0 0.48660714285714285 0.5758928571428571 0.008928571428571428 0.002976190476190476
0 0.48660714285714285 0.5699404761904762 0.002976190476190476 0.002976190476190476
0 0.6651785714285714 0.5252976190476191 0.002976190476190476 0.002976190476190476
0 0.6443452380952381 0.5223214285714286 0.002976190476190476 0.002976190476190476
0 0.6860119047619048 0.5074404761904762 0.008928571428571428 0.002976190476190476
0 0.6577380952380952 0.5089285714285714 0.023809523809523808 0.005952380952380952
0 0.7291666666666666 0.5074404761904762 0.02976190476190476 0.008928571428571428
0 0.6696428571428571 0.4895833333333333 0.005952380952380952 0.002976190476190476
