0 0.6755952380952381 0.7247023809523809 0.005952380952380952 0.002976190476190476
0 0.5431547619047619 0.6830357142857143 0.002976190476190476 0.002976190476190476
0 0.5535714285714286 0.6815476190476191 0.011904761904761904 0.005952380952380952
0 0.5877976190476191 0.6741071428571429 0.020833333333333332 0.002976190476190476
0 0.5565476190476191 0.6741071428571429 0.011904761904761904 0.002976190476190476
0 0.5818452380952381 0.6636904761904762 0.03869047619047619 0.011904761904761904
0 0.46726190476190477 0.65625 0.011904761904761904 0.002976190476190476
0 0.5386904761904762 0.7098214285714286 0.2916666666666667 0.13392857142857142
0 0.7901785714285714 0.6383928571428571 0.002976190476190476 0.002976190476190476
0 0.7916666666666666 0.6264880952380952 0.02976190476190476 0.01488095238095238
0 0.6145833333333334 0.5610119047619048 0.008928571428571428 0.002976190476190476
0 0.6056547619047619 0.5297619047619048 0.020833333333333332 0.005952380952380952
0 0.6860119047619048 0.5342261904761905 0.06845238095238096 0.020833333333333332
0 0.6383928571428571 0.5163690476190477 0.03869047619047619 0.03273809523809524
