0 0.5684523809523809 0.8586309523809523 0.02976190476190476 0.01488095238095238
0 0.48214285714285715 0.8377976190476191 0.017857142857142856 0.008928571428571428
0 0.5163690476190477 0.8318452380952381 0.020833333333333332 0.026785714285714284
0 0.5401785714285714 0.7901785714285714 0.002976190476190476 0.002976190476190476
0 0.5193452380952381 0.8005952380952381 0.03273809523809524 0.02976190476190476
0 0.4806547619047619 0.8005952380952381 0.03869047619047619 0.03571428571428571
0 0.5639880952380952 0.7633928571428571 0.002976190476190476 0.002976190476190476
0 0.48660714285714285 0.7574404761904762 0.002976190476190476 0.002976190476190476
0 0.5729166666666666 0.7276785714285714 0.002976190476190476 0.002976190476190476
0 0.5386904761904762 0.7157738095238095 0.005952380952380952 0.002976190476190476
0 0.4955357142857143 0.7098214285714286 0.002976190476190476 0.002976190476190476
0 0.5208333333333334 0.7425595238095238 0.1130952380952381 0.0744047619047619
0 0.47172619047619047 0.7038690476190477 0.020833333333333332 0.002976190476190476
0 0.43154761904761907 0.7038690476190477 0.047619047619047616 0.008928571428571428
0 0.3869047619047619 0.6875 0.005952380952380952 0.005952380952380952
0 0.38392857142857145 0.6785714285714286 0.017857142857142856 0.005952380952380952
0 0.3898809523809524 0.6681547619047619 0.005952380952380952 0.002976190476190476
0 0.6502976190476191 0.6056547619047619 0.002976190476190476 0.002976190476190476
0 0.6488095238095238 0.6636904761904762 0.13690476190476192 0.13690476190476192
0 0.5446428571428571 0.5997023809523809 0.047619047619047616 0.01488095238095238
0 0.5148809523809523 0.5803571428571429 0.017857142857142856 0.005952380952380952
0 0.49851190476190477 0.5729166666666666 0.020833333333333332 0.008928571428571428
0 0.5029761904761905 0.5595238095238095 0.05952380952380952 0.011904761904761904
0 0.47619047619047616 0.5491071428571429 0.005952380952380952 0.002976190476190476
0 0.49107142857142855 0.5476190476190477 0.005952380952380952 0.005952380952380952
0 0.4880952380952381 0.5401785714285714 0.011904761904761904 0.002976190476190476
0 0.6755952380952381 0.4895833333333333 0.023809523809523808 0.008928571428571428
