0 0.5625 0.7395833333333334 0.017857142857142856 0.002976190476190476
0 0.4479166666666667 0.7425595238095238 0.09821428571428571 0.03869047619047619
0 0.3794642857142857 0.7008928571428571 0.002976190476190476 0.002976190476190476
0 0.37797619047619047 0.6949404761904762 0.005952380952380952 0.002976190476190476
0 0.6026785714285714 0.6681547619047619 0.002976190476190476 0.002976190476190476
0 0.5967261904761905 0.6681547619047619 0.002976190476190476 0.002976190476190476
0 0.6116071428571429 0.6324404761904762 0.03869047619047619 0.008928571428571428
0 0.6666666666666666 0.6875 0.2261904761904762 0.13095238095238096
0 0.5625 0.6279761904761905 0.041666666666666664 0.011904761904761904
0 0.5446428571428571 0.6175595238095238 0.005952380952380952 0.002976190476190476
0 0.5014880952380952 0.6145833333333334 0.002976190476190476 0.002976190476190476
0 0.5282738095238095 0.6056547619047619 0.008928571428571428 0.002976190476190476
0 0.5104166666666666 0.6056547619047619 0.002976190476190476 0.002976190476190476
0 0.5714285714285714 0.5877976190476191 0.017857142857142856 0.01488095238095238
0 0.48214285714285715 0.5788690476190477 0.011904761904761904 0.002976190476190476
0 0.4836309523809524 0.5699404761904762 0.026785714285714284 0.002976190476190476
0 0.6741071428571429 0.5282738095238095 0.01488095238095238 0.008928571428571428
0 0.65625 0.5267857142857143 0.01488095238095238 0.005952380952380952
0 0.6696428571428571 0.5104166666666666 0.011904761904761904 0.002976190476190476
0 0.7232142857142857 0.5089285714285714 0.02976190476190476 0.005952380952380952
0 0.6443452380952381 0.5074404761904762 0.026785714285714284 0.01488095238095238
0 0.6755952380952381 0.4895833333333333 0.005952380952380952 0.002976190476190476
