0 0.5907738095238095 0.71875 0.002976190476190476 0.002976190476190476
0 0.6369047619047619 0.7127976190476191 0.005952380952380952 0.002976190476190476
0 0.5461309523809523 0.6949404761904762 0.002976190476190476 0.002976190476190476
0 0.3898809523809524 0.6741071428571429 0.005952380952380952 0.002976190476190476
0 0.4226190476190476 0.6979166666666666 0.05357142857142857 0.05654761904761905
0 0.5386904761904762 0.7098214285714286 0.22023809523809523 0.10416666666666667
0 0.6294642857142857 0.5565476190476191 0.03869047619047619 0.011904761904761904
0 0.6845238095238095 0.5431547619047619 0.041666666666666664 0.020833333333333332
0 0.7380952380952381 0.5297619047619048 0.005952380952380952 0.005952380952380952
0 0.625 0.5208333333333334 0.03571428571428571 0.041666666666666664
0 0.6220238095238095 0.5014880952380952 0.005952380952380952 0.002976190476190476
0 0.6175595238095238 0.4955357142857143 0.002976190476190476 0.002976190476190476
0 0.6354166666666666 0.49255952380952384 0.020833333333333332 0.002976190476190476
