0 0.38839285714285715 0.7842261904761905 0.008928571428571428 0.002976190476190476
0 0.4806547619047619 0.7574404761904762 0.008928571428571428 0.002976190476190476
0 0.46130952380952384 0.7455357142857143 0.005952380952380952 0.002976190476190476
0 0.4494047619047619 0.7410714285714286 0.017857142857142856 0.005952380952380952
0 0.43898809523809523 0.7336309523809523 0.008928571428571428 0.002976190476190476
0 0.4270833333333333 0.7157738095238095 0.01488095238095238 0.002976190476190476
0 0.4211309523809524 0.7098214285714286 0.008928571428571428 0.002976190476190476
0 0.41964285714285715 0.6994047619047619 0.017857142857142856 0.011904761904761904
0 0.43154761904761907 0.6815476190476191 0.03571428571428571 0.017857142857142856
0 0.6190476190476191 0.5267857142857143 0.017857142857142856 0.005952380952380952
