0 0.5788690476190477 0.7886904761904762 0.020833333333333332 0.011904761904761904
0 0.6026785714285714 0.7232142857142857 0.020833333333333332 0.011904761904761904
0 0.5952380952380952 0.7098214285714286 0.011904761904761904 0.002976190476190476
0 0.44345238095238093 0.7157738095238095 0.047619047619047616 0.026785714285714284
0 0.3913690476190476 0.6994047619047619 0.020833333333333332 0.005952380952380952
0 0.3794642857142857 0.6532738095238095 0.03273809523809524 0.01488095238095238
0 0.7946428571428571 0.6220238095238095 0.03571428571428571 0.011904761904761904
0 0.8095238095238095 0.6160714285714286 0.017857142857142856 0.005952380952380952
0 0.37351190476190477 0.6190476190476191 0.026785714285714284 0.023809523809523808
0 0.7901785714285714 0.6071428571428571 0.008928571428571428 0.005952380952380952
0 0.7901785714285714 0.5982142857142857 0.01488095238095238 0.005952380952380952
