0 0.5773809523809523 0.7827380952380952 0.017857142857142856 0.011904761904761904
0 0.6011904761904762 0.7232142857142857 0.011904761904761904 0.005952380952380952
0 0.5952380952380952 0.7142857142857143 0.011904761904761904 0.011904761904761904
0 0.44047619047619047 0.71875 0.02976190476190476 0.020833333333333332
0 0.6041666666666666 0.7068452380952381 0.005952380952380952 0.002976190476190476
0 0.38244047619047616 0.6502976190476191 0.03273809523809524 0.01488095238095238
0 0.7991071428571429 0.6220238095238095 0.03869047619047619 0.011904761904761904
0 0.37351190476190477 0.6220238095238095 0.020833333333333332 0.017857142857142856
0 0.37648809523809523 0.6071428571428571 0.002976190476190476 0.005952380952380952
0 0.7872023809523809 0.6026785714285714 0.002976190476190476 0.002976190476190476
