0 0.5297619047619048 0.8363095238095238 0.05357142857142857 0.023809523809523808
0 0.4732142857142857 0.7872023809523809 0.023809523809523808 0.01488095238095238
0 0.43154761904761907 0.7619047619047619 0.041666666666666664 0.017857142857142856
0 0.6770833333333334 0.7425595238095238 0.0625 0.026785714285714284
0 0.3913690476190476 0.7306547619047619 0.020833333333333332 0.01488095238095238
0 0.31845238095238093 0.6875 0.041666666666666664 0.017857142857142856
0 0.35714285714285715 0.6666666666666666 0.05357142857142857 0.017857142857142856
0 0.7782738095238095 0.6488095238095238 0.05654761904761905 0.02976190476190476
0 0.7514880952380952 0.6324404761904762 0.002976190476190476 0.002976190476190476
0 0.7395833333333334 0.6309523809523809 0.01488095238095238 0.005952380952380952
