0 0.5669642857142857 0.8125 0.002976190476190476 0.005952380952380952
0 0.5565476190476191 0.8110119047619048 0.005952380952380952 0.002976190476190476
0 0.5491071428571429 0.8110119047619048 0.002976190476190476 0.002976190476190476
0 0.5595238095238095 0.8035714285714286 0.005952380952380952 0.005952380952380952
0 0.5520833333333334 0.7544642857142857 0.026785714285714284 0.026785714285714284
0 0.6190476190476191 0.7395833333333334 0.023809523809523808 0.008928571428571428
0 0.6502976190476191 0.7336309523809523 0.002976190476190476 0.002976190476190476
0 0.6681547619047619 0.7276785714285714 0.002976190476190476 0.002976190476190476
0 0.3854166666666667 0.7127976190476191 0.002976190476190476 0.002976190476190476
0 0.6860119047619048 0.7068452380952381 0.008928571428571428 0.008928571428571428
0 0.6934523809523809 0.6979166666666666 0.011904761904761904 0.008928571428571428
0 0.7678571428571429 0.6369047619047619 0.023809523809523808 0.011904761904761904
