0 0.53125 0.7991071428571429 0.01488095238095238 0.008928571428571428
0 0.43005952380952384 0.7574404761904762 0.002976190476190476 0.002976190476190476
0 0.6369047619047619 0.75 0.005952380952380952 0.005952380952380952
0 0.40625 0.7425595238095238 0.002976190476190476 0.002976190476190476
0 0.6860119047619048 0.7395833333333334 0.026785714285714284 0.020833333333333332
0 0.3943452380952381 0.7336309523809523 0.020833333333333332 0.008928571428571428
0 0.6636904761904762 0.7321428571428571 0.011904761904761904 0.011904761904761904
0 0.3333333333333333 0.6875 0.011904761904761904 0.005952380952380952
0 0.31547619047619047 0.6875 0.017857142857142856 0.017857142857142856
0 0.3601190476190476 0.6681547619047619 0.047619047619047616 0.020833333333333332
0 0.7752976190476191 0.6502976190476191 0.03869047619047619 0.01488095238095238
0 0.8005952380952381 0.6383928571428571 0.011904761904761904 0.002976190476190476
