0 0.5133928571428571 0.8333333333333334 0.044642857142857144 0.02976190476190476
0 0.5565476190476191 0.8169642857142857 0.02976190476190476 0.008928571428571428
0 0.4836309523809524 0.7842261904761905 0.01488095238095238 0.008928571428571428
0 0.4270833333333333 0.7663690476190477 0.026785714285714284 0.008928571428571428
0 0.43601190476190477 0.7559523809523809 0.026785714285714284 0.005952380952380952
0 0.6696428571428571 0.7410714285714286 0.06547619047619048 0.023809523809523808
0 0.39732142857142855 0.7351190476190477 0.05654761904761905 0.023809523809523808
0 0.3229166666666667 0.6875 0.05654761904761905 0.017857142857142856
0 0.3645833333333333 0.6666666666666666 0.0625 0.023809523809523808
0 0.7648809523809523 0.6443452380952381 0.05952380952380952 0.03273809523809524
