0 0.5223214285714286 0.8377976190476191 0.050595238095238096 0.03273809523809524
0 0.47470238095238093 0.7872023809523809 0.026785714285714284 0.01488095238095238
0 0.43005952380952384 0.7619047619047619 0.03869047619047619 0.017857142857142856
0 0.3854166666666667 0.7440476190476191 0.002976190476190476 0.005952380952380952
0 0.6785714285714286 0.7425595238095238 0.05952380952380952 0.026785714285714284
0 0.3913690476190476 0.7321428571428571 0.03273809523809524 0.017857142857142856
0 0.32589285714285715 0.6919642857142857 0.01488095238095238 0.008928571428571428
0 0.31845238095238093 0.6830357142857143 0.06547619047619048 0.01488095238095238
0 0.3601190476190476 0.6666666666666666 0.07142857142857142 0.023809523809523808
0 0.7797619047619048 0.6502976190476191 0.047619047619047616 0.026785714285714284
0 0.7395833333333334 0.6309523809523809 0.01488095238095238 0.005952380952380952
