0 0.5223214285714286 0.8377976190476191 0.020833333333333332 0.008928571428571428
0 0.5565476190476191 0.8244047619047619 0.011904761904761904 0.005952380952380952
0 0.5193452380952381 0.8258928571428571 0.020833333333333332 0.008928571428571428
0 0.5565476190476191 0.8139880952380952 0.017857142857142856 0.008928571428571428
0 0.5446428571428571 0.7976190476190477 0.005952380952380952 0.005952380952380952
0 0.47619047619047616 0.7901785714285714 0.011904761904761904 0.002976190476190476
0 0.42857142857142855 0.7633928571428571 0.02976190476190476 0.020833333333333332
0 0.65625 0.7425595238095238 0.08035714285714286 0.020833333333333332
0 0.3943452380952381 0.7336309523809523 0.03869047619047619 0.026785714285714284
0 0.3244047619047619 0.6875 0.02976190476190476 0.017857142857142856
0 0.3705357142857143 0.6726190476190477 0.026785714285714284 0.011904761904761904
0 0.34077380952380953 0.6696428571428571 0.020833333333333332 0.005952380952380952
0 0.7708333333333334 0.6428571428571429 0.05952380952380952 0.03571428571428571
