0 0.5163690476190477 0.8392857142857143 0.020833333333333332 0.017857142857142856
0 0.5446428571428571 0.7961309523809523 0.047619047619047616 0.020833333333333332
0 0.47767857142857145 0.7872023809523809 0.008928571428571428 0.002976190476190476
0 0.6800595238095238 0.75 0.008928571428571428 0.005952380952380952
0 0.4330357142857143 0.7604166666666666 0.026785714285714284 0.026785714285714284
0 0.6755952380952381 0.7395833333333334 0.023809523809523808 0.008928571428571428
0 0.40922619047619047 0.7366071428571429 0.002976190476190476 0.002976190476190476
0 0.3958333333333333 0.7351190476190477 0.017857142857142856 0.011904761904761904
0 0.32142857142857145 0.6875 0.017857142857142856 0.017857142857142856
0 0.35714285714285715 0.6711309523809523 0.041666666666666664 0.020833333333333332
0 0.7723214285714286 0.6458333333333334 0.03869047619047619 0.02976190476190476
0 0.7485119047619048 0.6324404761904762 0.002976190476190476 0.002976190476190476
