0 0.5178571428571429 0.8363095238095238 0.03571428571428571 0.023809523809523808
0 0.5565476190476191 0.8154761904761905 0.017857142857142856 0.023809523809523808
0 0.5550595238095238 0.7991071428571429 0.01488095238095238 0.002976190476190476
0 0.4806547619047619 0.7857142857142857 0.020833333333333332 0.005952380952380952
0 0.43005952380952384 0.7648809523809523 0.03869047619047619 0.023809523809523808
0 0.6636904761904762 0.7410714285714286 0.06547619047619048 0.023809523809523808
0 0.39732142857142855 0.7351190476190477 0.044642857142857144 0.023809523809523808
0 0.3229166666666667 0.6875 0.03273809523809524 0.017857142857142856
0 0.3601190476190476 0.6681547619047619 0.05357142857142857 0.020833333333333332
0 0.7678571428571429 0.6443452380952381 0.06547619047619048 0.03273809523809524
