0 0.5178571428571429 0.8452380952380952 0.023809523809523808 0.005952380952380952
0 0.5565476190476191 0.8125 0.03571428571428571 0.02976190476190476
0 0.4211309523809524 0.7678571428571429 0.020833333333333332 0.005952380952380952
0 0.5491071428571429 0.7648809523809523 0.01488095238095238 0.005952380952380952
0 0.5550595238095238 0.7529761904761905 0.03273809523809524 0.017857142857142856
0 0.6428571428571429 0.7425595238095238 0.10119047619047619 0.020833333333333332
0 0.39880952380952384 0.7336309523809523 0.05952380952380952 0.020833333333333332
0 0.3273809523809524 0.6875 0.047619047619047616 0.017857142857142856
0 0.3630952380952381 0.6741071428571429 0.08333333333333333 0.01488095238095238
0 0.7633928571428571 0.6443452380952381 0.050595238095238096 0.03273809523809524
