0 0.5550595238095238 0.8154761904761905 0.008928571428571428 0.005952380952380952
0 0.5565476190476191 0.8035714285714286 0.005952380952380952 0.005952380952380952
0 0.45089285714285715 0.7589285714285714 0.002976190476190476 0.005952380952380952
0 0.43005952380952384 0.7633928571428571 0.01488095238095238 0.020833333333333332
0 0.6324404761904762 0.7485119047619048 0.008928571428571428 0.002976190476190476
0 0.6443452380952381 0.7425595238095238 0.01488095238095238 0.002976190476190476
0 0.6651785714285714 0.7366071428571429 0.002976190476190476 0.002976190476190476
0 0.41517857142857145 0.7380952380952381 0.0625 0.017857142857142856
0 0.6770833333333334 0.7366071428571429 0.01488095238095238 0.020833333333333332
0 0.3273809523809524 0.6919642857142857 0.017857142857142856 0.008928571428571428
0 0.375 0.6755952380952381 0.017857142857142856 0.011904761904761904
0 0.7708333333333334 0.6443452380952381 0.03571428571428571 0.026785714285714284
