0 0.5178571428571429 0.8452380952380952 0.023809523809523808 0.005952380952380952
0 0.5595238095238095 0.8154761904761905 0.023809523809523808 0.011904761904761904
0 0.5550595238095238 0.7663690476190477 0.002976190476190476 0.002976190476190476
0 0.5461309523809523 0.7648809523809523 0.002976190476190476 0.005952380952380952
0 0.4226190476190476 0.7663690476190477 0.023809523809523808 0.008928571428571428
0 0.5565476190476191 0.7529761904761905 0.02976190476190476 0.017857142857142856
0 0.6636904761904762 0.7410714285714286 0.06547619047619048 0.023809523809523808
0 0.39732142857142855 0.7351190476190477 0.05654761904761905 0.023809523809523808
0 0.32589285714285715 0.6875 0.05654761904761905 0.017857142857142856
0 0.3020833333333333 0.6800595238095238 0.002976190476190476 0.002976190476190476
0 0.3630952380952381 0.6681547619047619 0.08333333333333333 0.026785714285714284
0 0.7619047619047619 0.6443452380952381 0.05357142857142857 0.03273809523809524
