0 0.5133928571428571 0.84375 0.008928571428571428 0.008928571428571428
0 0.5252976190476191 0.8333333333333334 0.002976190476190476 0.005952380952380952
0 0.5446428571428571 0.7976190476190477 0.047619047619047616 0.017857142857142856
0 0.4791666666666667 0.7872023809523809 0.017857142857142856 0.01488095238095238
0 0.43005952380952384 0.7604166666666666 0.026785714285714284 0.020833333333333332
0 0.6785714285714286 0.75 0.005952380952380952 0.005952380952380952
0 0.6755952380952381 0.7395833333333334 0.023809523809523808 0.008928571428571428
0 0.3958333333333333 0.7351190476190477 0.017857142857142856 0.011904761904761904
0 0.31845238095238093 0.6875 0.017857142857142856 0.017857142857142856
0 0.3556547619047619 0.6711309523809523 0.03869047619047619 0.020833333333333332
0 0.7738095238095238 0.6502976190476191 0.03571428571428571 0.020833333333333332
0 0.7485119047619048 0.6324404761904762 0.002976190476190476 0.002976190476190476
