0 0.5178571428571429 0.8452380952380952 0.011904761904761904 0.005952380952380952
0 0.5595238095238095 0.8110119047619048 0.03571428571428571 0.03273809523809524
0 0.5520833333333334 0.7693452380952381 0.01488095238095238 0.002976190476190476
0 0.42410714285714285 0.7663690476190477 0.020833333333333332 0.008928571428571428
0 0.43154761904761907 0.7559523809523809 0.011904761904761904 0.005952380952380952
0 0.5372023809523809 0.7485119047619048 0.008928571428571428 0.008928571428571428
0 0.65625 0.7425595238095238 0.0625 0.020833333333333332
0 0.39732142857142855 0.7366071428571429 0.044642857142857144 0.020833333333333332
0 0.31547619047619047 0.6934523809523809 0.011904761904761904 0.005952380952380952
0 0.3601190476190476 0.6711309523809523 0.05357142857142857 0.01488095238095238
0 0.7678571428571429 0.6443452380952381 0.05952380952380952 0.03273809523809524
