0 0.5133928571428571 0.84375 0.008928571428571428 0.008928571428571428
0 0.5431547619047619 0.7976190476190477 0.050595238095238096 0.017857142857142856
0 0.4791666666666667 0.7872023809523809 0.017857142857142856 0.01488095238095238
0 0.4270833333333333 0.7648809523809523 0.008928571428571428 0.005952380952380952
0 0.43601190476190477 0.7574404761904762 0.01488095238095238 0.002976190476190476
0 0.39880952380952384 0.7366071428571429 0.005952380952380952 0.002976190476190476
0 0.6815476190476191 0.7410714285714286 0.02976190476190476 0.023809523809523808
0 0.31845238095238093 0.6875 0.017857142857142856 0.017857142857142856
0 0.3556547619047619 0.6681547619047619 0.03869047619047619 0.01488095238095238
0 0.7767857142857143 0.6502976190476191 0.041666666666666664 0.020833333333333332
0 0.7485119047619048 0.6324404761904762 0.002976190476190476 0.002976190476190476
