0 0.5148809523809523 0.8452380952380952 0.017857142857142856 0.005952380952380952
0 0.5565476190476191 0.8110119047619048 0.047619047619047616 0.03273809523809524
0 0.4255952380952381 0.7678571428571429 0.011904761904761904 0.005952380952380952
0 0.5505952380952381 0.7678571428571429 0.02976190476190476 0.011904761904761904
0 0.5520833333333334 0.7514880952380952 0.03869047619047619 0.020833333333333332
0 0.6369047619047619 0.7410714285714286 0.09523809523809523 0.023809523809523808
0 0.3958333333333333 0.7321428571428571 0.05357142857142857 0.017857142857142856
0 0.31845238095238093 0.6934523809523809 0.023809523809523808 0.005952380952380952
0 0.38244047619047616 0.6726190476190477 0.03273809523809524 0.011904761904761904
0 0.32589285714285715 0.6696428571428571 0.008928571428571428 0.005952380952380952
0 0.7574404761904762 0.6488095238095238 0.026785714285714284 0.005952380952380952
0 0.7678571428571429 0.6369047619047619 0.041666666666666664 0.011904761904761904
