0 0.5610119047619048 0.8154761904761905 0.03869047619047619 0.023809523809523808
0 0.5565476190476191 0.7976190476190477 0.02976190476190476 0.005952380952380952
0 0.5491071428571429 0.7663690476190477 0.03273809523809524 0.008928571428571428
0 0.4538690476190476 0.7529761904761905 0.026785714285714284 0.005952380952380952
0 0.5491071428571429 0.75 0.03869047619047619 0.017857142857142856
0 0.44345238095238093 0.7410714285714286 0.017857142857142856 0.005952380952380952
0 0.4107142857142857 0.7380952380952381 0.017857142857142856 0.005952380952380952
0 0.38392857142857145 0.7380952380952381 0.02976190476190476 0.005952380952380952
0 0.6369047619047619 0.7395833333333334 0.09523809523809523 0.020833333333333332
0 0.40476190476190477 0.7276785714285714 0.011904761904761904 0.002976190476190476
0 0.75 0.6488095238095238 0.023809523809523808 0.005952380952380952
0 0.7693452380952381 0.6354166666666666 0.020833333333333332 0.008928571428571428
