0 0.5565476190476191 0.8244047619047619 0.011904761904761904 0.005952380952380952
0 0.5565476190476191 0.8139880952380952 0.017857142857142856 0.008928571428571428
0 0.5446428571428571 0.7976190476190477 0.005952380952380952 0.005952380952380952
0 0.47172619047619047 0.7901785714285714 0.002976190476190476 0.002976190476190476
0 0.43005952380952384 0.7633928571428571 0.03273809523809524 0.020833333333333332
0 0.5461309523809523 0.7470238095238095 0.008928571428571428 0.005952380952380952
0 0.6577380952380952 0.7425595238095238 0.07738095238095238 0.020833333333333332
0 0.3958333333333333 0.7336309523809523 0.041666666666666664 0.026785714285714284
0 0.31101190476190477 0.6934523809523809 0.002976190476190476 0.005952380952380952
0 0.3333333333333333 0.6830357142857143 0.011904761904761904 0.002976190476190476
0 0.3705357142857143 0.6726190476190477 0.026785714285714284 0.011904761904761904
0 0.7663690476190477 0.6428571428571429 0.050595238095238096 0.03571428571428571
