0 0.5178571428571429 0.8452380952380952 0.011904761904761904 0.005952380952380952
0 0.5074404761904762 0.84375 0.002976190476190476 0.002976190476190476
0 0.5565476190476191 0.8154761904761905 0.017857142857142856 0.023809523809523808
0 0.5550595238095238 0.7991071428571429 0.01488095238095238 0.002976190476190476
0 0.5580357142857143 0.7693452380952381 0.002976190476190476 0.002976190476190476
0 0.43154761904761907 0.7633928571428571 0.03571428571428571 0.020833333333333332
0 0.6622023809523809 0.7425595238095238 0.0625 0.020833333333333332
0 0.39732142857142855 0.7351190476190477 0.044642857142857144 0.023809523809523808
0 0.31398809523809523 0.6934523809523809 0.01488095238095238 0.005952380952380952
0 0.3601190476190476 0.6696428571428571 0.05357142857142857 0.017857142857142856
0 0.7663690476190477 0.6443452380952381 0.0625 0.03273809523809524
