1 0.4171875 0.753125 0.4171875 0.7546875 0.41875 0.7546875 0.4203125 0.75625 0.4203125 0.7609375 0.421875 0.7625 0.421875 0.765625 0.4234375 0.765625 0.425 0.7671875 0.425 0.76875 0.4296875 0.76875 0.4296875 0.7625 0.43125 0.7609375 0.4328125 0.7609375 0.4328125 0.759375 0.43125 0.759375 0.4296875 0.7578125 0.4296875 0.75625 0.428125 0.75625 0.4265625 0.7546875 0.4265625 0.753125
1 0.509375 0.74375 0.509375 0.7453125 0.5140625 0.7453125 0.515625 0.746875 0.515625 0.7484375 0.51875 0.7484375 0.5203125 0.75 0.5203125 0.7546875 0.53125 0.7546875 0.53125 0.753125 0.5328125 0.7515625 0.5375 0.7515625 0.5375 0.74375
1 0.43125 0.740625 0.43125 0.7453125 0.4515625 0.7453125 0.4515625 0.74375 0.45 0.74375 0.4484375 0.7421875 0.4484375 0.740625
1 0.50625 0.734375 0.50625 0.7375 0.5078125 0.7375 0.509375 0.7390625 0.515625 0.7390625 0.515625 0.7375 0.5125 0.7375 0.5109375 0.7359375 0.509375 0.7359375 0.5078125 0.734375
1 0.496875 0.734375 0.496875 0.7375 0.4984375 0.7375 0.4984375 0.734375
1 0.5125 0.7203125 0.5125 0.725 0.521875 0.725 0.5234375 0.7265625 0.5234375 0.728125 0.5421875 0.728125 0.5421875 0.7265625 0.54375 0.725 0.546875 0.725 0.5484375 0.7265625 0.5484375 0.728125 0.5671875 0.728125 0.5671875 0.7265625 0.565625 0.7265625 0.5640625 0.725 0.5640625 0.7234375 0.55 0.7234375 0.5484375 0.721875 0.5484375 0.7203125
1 0.6015625 0.675 0.6015625 0.6765625 0.60625 0.6765625 0.60625 0.675
1 0.5953125 0.671875 0.5953125 0.675 0.596875 0.675 0.596875 0.671875
1 0.575 0.63125 0.575 0.6328125 0.5734375 0.634375 0.571875 0.634375 0.571875 0.6375 0.5734375 0.6375 0.575 0.6390625 0.575 0.634375 0.5765625 0.6328125 0.58125 0.6328125 0.58125 0.63125
1 0.4875 0.5734375 0.4859375 0.575 0.484375 0.575 0.484375 0.5765625 0.4828125 0.578125 0.4640625 0.578125 0.4640625 0.5796875 0.471875 0.5796875 0.4734375 0.58125 0.4859375 0.58125 0.4875 0.5828125 0.4890625 0.58125 0.5015625 0.58125 0.503125 0.5828125 0.503125 0.584375 0.515625 0.584375 0.5171875 0.5859375 0.5171875 0.596875 0.515625 0.5984375 0.50625 0.5984375 0.50625 0.6 0.515625 0.6 0.5171875 0.6015625 0.5171875 0.603125 0.515625 0.6046875 0.515625 0.60625 0.53125 0.60625 0.5328125 0.6078125 0.5328125 0.609375 0.534375 0.609375 0.5359375 0.6109375 0.5359375 0.6140625 0.534375 0.615625 0.5234375 0.615625 0.5234375 0.6171875 0.525 0.6171875 0.5265625 0.61875 0.5265625 0.6203125 0.525 0.621875 0.5234375 0.621875 0.5234375 0.6234375 0.525 0.6234375 0.5265625 0.625 0.5265625 0.6265625 0.528125 0.6265625 0.5296875 0.628125 0.5296875 0.6328125 0.540625 0.6328125 0.540625 0.625 0.5421875 0.6234375 0.54375 0.6234375 0.5453125 0.625 0.5453125 0.6296875 0.546875 0.63125 0.546875 0.6359375 0.5484375 0.6359375 0.55 0.6375 0.55 0.6390625 0.5546875 0.6390625 0.5546875 0.634375 0.55625 0.6328125 0.5578125 0.6328125 0.5578125 0.625 0.559375 0.6234375 0.5875 0.6234375 0.5890625 0.625 0.5890625 0.6296875 0.6 0.6296875 0.6015625 0.63125 0.6015625 0.6359375 0.6234375 0.6359375 0.625 0.6375 0.625 0.640625 0.6296875 0.640625 0.63125 0.6421875 0.63125 0.646875 0.64375 0.646875 0.6453125 0.6484375 0.6453125 0.65625 0.653125 0.65625 0.653125 0.6515625 0.6484375 0.6515625 0.646875 0.65 0.646875 0.6484375 0.6484375 0.646875 0.65625 0.646875 0.6578125 0.6484375 0.6578125 0.65 0.659375 0.65 0.659375 0.6484375 0.6609375 0.646875 0.6625 0.646875 0.6640625 0.6484375 0.6640625 0.65 0.6703125 0.65 0.6703125 0.6453125 0.671875 0.64375 0.6796875 0.64375 0.6796875 0.6375 0.68125 0.6359375 0.6828125 0.6359375 0.6828125 0.63125 0.678125 0.63125 0.6765625 0.6296875 0.6765625 0.628125 0.678125 0.6265625 0.6796875 0.6265625 0.6796875 0.625 0.6671875 0.625 0.665625 0.6234375 0.665625 0.621875 0.6671875 0.6203125 0.6703125 0.6203125 0.6703125 0.61875 0.6671875 0.61875 0.665625 0.6171875 0.665625 0.615625 0.6515625 0.615625 0.65 0.6140625 0.65 0.609375 0.634375 0.609375 0.6328125 0.6078125 0.6328125 0.6046875 0.61875 0.6046875 0.6171875 0.603125 0.6171875 0.5984375 0.615625 0.5984375 0.6140625 0.596875 0.6140625 0.5890625 0.609375 0.5890625 0.6078125 0.5875 0.6078125 0.5859375 0.6046875 0.5859375 0.603125 0.584375 0.603125 0.578125 0.5984375 0.578125 0.596875 0.5765625 0.596875 0.575 0.5828125 0.575 0.5828125 0.578125 0.58125 0.5796875 0.5796875 0.5796875 0.5796875 0.58125 0.584375 0.58125 0.5859375 0.5828125 0.5859375 0.5875 0.584375 0.5890625 0.5828125 0.5890625 0.5828125 0.590625 0.58125 0.5921875 0.578125 0.5921875 0.5765625 0.590625 0.5765625 0.5890625 0.5421875 0.5890625 0.540625 0.5875 0.540625 0.5859375 0.5296875 0.5859375 0.528125 0.584375 0.528125 0.5828125 0.5296875 0.58125 0.540625 0.58125 0.5421875 0.5828125 0.5453125 0.5828125 0.5453125 0.5796875 0.5265625 0.5796875 0.5265625 0.58125 0.525 0.5828125 0.521875 0.5828125 0.5203125 0.58125 0.5203125 0.5796875 0.5171875 0.5796875 0.5171875 0.58125 0.515625 0.5828125 0.5140625 0.5828125 0.5125 0.58125 0.5125 0.5796875 0.4875 0.5796875 0.4859375 0.578125 0.4859375 0.5765625 0.4875 0.575
1 0.4765625 0.546875 0.4765625 0.5484375 0.475 0.55 0.4734375 0.55 0.4734375 0.5515625 0.471875 0.553125 0.4671875 0.553125 0.4671875 0.5609375 0.465625 0.5625 0.45 0.5625 0.45 0.5640625 0.453125 0.5640625 0.4546875 0.565625 0.4546875 0.5671875 0.453125 0.56875 0.45 0.56875 0.45 0.5703125 0.45625 0.5703125 0.4578125 0.571875 0.4578125 0.5734375 0.4625 0.5734375 0.4640625 0.571875 0.4828125 0.571875 0.484375 0.5703125 0.4859375 0.5703125 0.4859375 0.56875 0.4875 0.5671875 0.4890625 0.5671875 0.4890625 0.565625 0.490625 0.5640625 0.4953125 0.5640625 0.4953125 0.5625 0.4875 0.5625 0.4859375 0.5609375 0.4859375 0.559375 0.484375 0.559375 0.4828125 0.5578125 0.4828125 0.553125 0.484375 0.5515625 0.4953125 0.5515625 0.4953125 0.5484375 0.484375 0.5484375 0.4828125 0.546875
