1 0.5296875 0.746875 0.5296875 0.7484375 0.528125 0.75 0.5234375 0.75 0.5234375 0.7578125 0.53125 0.7578125 0.53125 0.75625 0.5328125 0.7546875 0.5375 0.7546875 0.5375 0.753125 0.5359375 0.753125 0.534375 0.7515625 0.534375 0.746875
1 0.44375 0.740625 0.44375 0.7421875 0.4421875 0.74375 0.440625 0.74375 0.440625 0.7453125 0.4453125 0.7453125 0.4453125 0.740625
1 0.5265625 0.7234375 0.5265625 0.728125 0.540625 0.728125 0.540625 0.7265625 0.5390625 0.7265625 0.5375 0.725 0.5375 0.7234375
1 0.375 0.69375 0.375 0.6953125 0.3765625 0.6953125 0.3765625 0.69375
1 0.6046875 0.675 0.6046875 0.6796875 0.60625 0.6796875 0.60625 0.675
1 0.5953125 0.609375 0.5953125 0.6109375 0.59375 0.6125 0.5890625 0.6125 0.5890625 0.6140625 0.59375 0.6140625 0.5953125 0.615625 0.5953125 0.6171875 0.596875 0.6171875 0.596875 0.615625 0.5984375 0.6140625 0.6 0.6140625 0.6 0.6125 0.5984375 0.6125 0.596875 0.6109375 0.596875 0.609375
1 0.5625 0.5890625 0.5625 0.590625 0.5609375 0.5921875 0.55625 0.5921875 0.55625 0.59375 0.5609375 0.59375 0.5609375 0.5921875 0.5625 0.590625 0.5640625 0.590625 0.565625 0.5921875 0.565625 0.59375 0.5765625 0.59375 0.5765625 0.5921875 0.571875 0.5921875 0.5703125 0.590625 0.5703125 0.5890625
1 0.5984375 0.5859375 0.5984375 0.5875 0.6 0.5875 0.6 0.5859375
1 0.5453125 0.5828125 0.5453125 0.584375 0.5515625 0.584375 0.5515625 0.5828125
1 0.503125 0.5796875 0.503125 0.58125 0.5046875 0.58125 0.50625 0.5828125 0.50625 0.5875 0.5078125 0.5875 0.509375 0.5890625 0.509375 0.59375 0.5109375 0.59375 0.5125 0.5953125 0.5125 0.6 0.5109375 0.6015625 0.509375 0.6015625 0.509375 0.603125 0.5140625 0.603125 0.515625 0.6046875 0.515625 0.60625 0.51875 0.60625 0.5203125 0.6078125 0.5203125 0.6109375 0.525 0.6109375 0.5265625 0.6125 0.5265625 0.6171875 0.5375 0.6171875 0.5390625 0.61875 0.5390625 0.6203125 0.5375 0.621875 0.5359375 0.621875 0.5359375 0.6234375 0.5375 0.6234375 0.5390625 0.625 0.5390625 0.6265625 0.5375 0.628125 0.5328125 0.628125 0.5328125 0.6296875 0.534375 0.6296875 0.5359375 0.63125 0.5359375 0.6328125 0.5515625 0.6328125 0.553125 0.634375 0.553125 0.6359375 0.5578125 0.6359375 0.559375 0.6375 0.559375 0.6390625 0.5609375 0.6390625 0.5625 0.640625 0.5703125 0.640625 0.571875 0.6421875 0.571875 0.64375 0.575 0.64375 0.575 0.6421875 0.5765625 0.640625 0.578125 0.640625 0.5796875 0.6390625 0.584375 0.6390625 0.584375 0.6375 0.5859375 0.6359375 0.5875 0.6359375 0.5890625 0.6375 0.5890625 0.6390625 0.590625 0.6390625 0.5921875 0.640625 0.6 0.640625 0.6015625 0.6390625 0.6234375 0.6390625 0.625 0.640625 0.6265625 0.640625 0.628125 0.6421875 0.628125 0.646875 0.6390625 0.646875 0.640625 0.6484375 0.640625 0.65 0.6390625 0.6515625 0.6375 0.6515625 0.6375 0.653125 0.640625 0.653125 0.6421875 0.6546875 0.6421875 0.65625 0.64375 0.65625 0.6453125 0.6578125 0.6453125 0.659375 0.65625 0.659375 0.6578125 0.6609375 0.6578125 0.665625 0.665625 0.665625 0.665625 0.6609375 0.6671875 0.659375 0.6703125 0.659375 0.6703125 0.6578125 0.671875 0.65625 0.6734375 0.65625 0.6734375 0.6515625 0.675 0.65 0.6796875 0.65 0.6796875 0.6453125 0.68125 0.64375 0.6828125 0.64375 0.684375 0.6421875 0.6859375 0.6421875 0.6859375 0.6390625 0.684375 0.6390625 0.6828125 0.6375 0.6828125 0.63125 0.6703125 0.63125 0.66875 0.6296875 0.66875 0.628125 0.6703125 0.6265625 0.6734375 0.6265625 0.6734375 0.625 0.6671875 0.625 0.665625 0.6234375 0.665625 0.621875 0.6671875 0.6203125 0.66875 0.6203125 0.66875 0.61875 0.634375 0.61875 0.6328125 0.6171875 0.6328125 0.615625 0.63125 0.615625 0.6296875 0.6140625 0.6296875 0.609375 0.625 0.609375 0.6234375 0.6109375 0.621875 0.6109375 0.6203125 0.609375 0.6203125 0.6078125 0.621875 0.60625 0.6234375 0.60625 0.6234375 0.603125 0.621875 0.603125 0.6203125 0.6046875 0.61875 0.6046875 0.6171875 0.603125 0.6171875 0.6015625 0.609375 0.6015625 0.6078125 0.6 0.6078125 0.5953125 0.60625 0.59375 0.60625 0.5921875 0.6015625 0.5921875 0.6015625 0.59375 0.6 0.5953125 0.5984375 0.5953125 0.5984375 0.596875 0.596875 0.5984375 0.5828125 0.5984375 0.58125 0.596875 0.58125 0.5953125 0.5796875 0.5953125 0.5796875 0.596875 0.58125 0.596875 0.5828125 0.5984375 0.5828125 0.6 0.584375 0.6 0.5859375 0.6015625 0.5859375 0.603125 0.596875 0.603125 0.5984375 0.6046875 0.5984375 0.60625 0.603125 0.60625 0.6046875 0.6078125 0.6046875 0.6109375 0.60625 0.6109375 0.6078125 0.6125 0.6078125 0.6140625 0.60625 0.615625 0.6046875 0.615625 0.6046875 0.6171875 0.6171875 0.6171875 0.61875 0.61875 0.61875 0.6203125 0.6171875 0.621875 0.609375 0.621875 0.609375 0.6234375 0.6078125 0.625 0.5953125 0.625 0.59375 0.6234375 0.59375 0.621875 0.5796875 0.621875 0.578125 0.6203125 0.578125 0.61875 0.5765625 0.6171875 0.5765625 0.6125 0.56875 0.6125 0.5671875 0.6140625 0.559375 0.6140625 0.5578125 0.6125 0.5578125 0.609375 0.559375 0.6078125 0.5671875 0.6078125 0.5671875 0.60625 0.559375 0.60625 0.5578125 0.6078125 0.553125 0.6078125 0.5515625 0.60625 0.5515625 0.6046875 0.5421875 0.6046875 0.540625 0.603125 0.540625 0.6015625 0.5265625 0.6015625 0.525 0.6 0.525 0.5984375 0.5234375 0.5984375 0.521875 0.596875 0.521875 0.5953125 0.5234375 0.59375 0.5484375 0.59375 0.5484375 0.5921875 0.5453125 0.5921875 0.54375 0.590625 0.54375 0.5890625 0.5265625 0.5890625 0.525 0.5875 0.525 0.5828125 0.509375 0.5828125 0.5078125 0.58125 0.5078125 0.5796875
1 0.4796875 0.5625 0.4796875 0.5640625 0.48125 0.5640625 0.4828125 0.565625 0.4828125 0.5671875 0.48125 0.56875 0.478125 0.56875 0.4765625 0.5671875 0.4765625 0.565625 0.4546875 0.565625 0.4546875 0.5671875 0.453125 0.56875 0.453125 0.5703125 0.459375 0.5703125 0.4609375 0.571875 0.4609375 0.5765625 0.46875 0.5765625 0.4703125 0.578125 0.48125 0.578125 0.4828125 0.5796875 0.4828125 0.58125 0.4921875 0.58125 0.4921875 0.5796875 0.490625 0.5796875 0.4890625 0.578125 0.4875 0.578125 0.4859375 0.5765625 0.4859375 0.575 0.4875 0.5734375 0.4890625 0.5734375 0.4890625 0.571875 0.484375 0.571875 0.4828125 0.5703125 0.4828125 0.56875 0.484375 0.5671875 0.484375 0.565625 0.4828125 0.5640625 0.4828125 0.5625
1 0.4703125 0.546875 0.4703125 0.5484375 0.475 0.5484375 0.4765625 0.55 0.4765625 0.5515625 0.475 0.553125 0.4703125 0.553125 0.4703125 0.5546875 0.475 0.5546875 0.4765625 0.55625 0.4765625 0.5578125 0.48125 0.5578125 0.48125 0.55625 0.4828125 0.5546875 0.4859375 0.5546875 0.4859375 0.553125 0.4828125 0.553125 0.48125 0.5515625 0.48125 0.55 0.4765625 0.55 0.475 0.5484375 0.475 0.546875
