1 0.5234375 0.80625 0.5234375 0.8109375 0.53125 0.8109375 0.5328125 0.8125 0.5328125 0.8140625 0.534375 0.8140625 0.534375 0.80625
1 0.665625 0.7234375 0.665625 0.725 0.66875 0.725 0.66875 0.7234375
1 0.640625 0.7109375 0.640625 0.7125 0.6390625 0.7140625 0.63125 0.7140625 0.63125 0.715625 0.6328125 0.715625 0.634375 0.7171875 0.634375 0.71875 0.6328125 0.7203125 0.628125 0.7203125 0.628125 0.721875 0.640625 0.721875 0.6421875 0.7234375 0.6421875 0.725 0.659375 0.725 0.659375 0.7203125 0.6609375 0.71875 0.665625 0.71875 0.665625 0.7171875 0.6671875 0.715625 0.6734375 0.715625 0.6734375 0.7140625 0.6640625 0.7140625 0.6625 0.7125 0.6625 0.7109375
1 0.3921875 0.615625 0.3921875 0.6171875 0.40625 0.6171875 0.40625 0.615625
1 0.6515625 0.6046875 0.6515625 0.60625 0.6703125 0.60625 0.6703125 0.6046875
1 0.5984375 0.5984375 0.5984375 0.6 0.6140625 0.6 0.6140625 0.5984375
1 0.6546875 0.5890625 0.6546875 0.590625 0.653125 0.5921875 0.6453125 0.5921875 0.6453125 0.59375 0.64375 0.5953125 0.640625 0.5953125 0.640625 0.596875 0.6421875 0.5984375 0.6421875 0.6 0.6765625 0.6 0.6765625 0.5921875 0.671875 0.5921875 0.6703125 0.590625 0.6703125 0.5890625
1 0.615625 0.5859375 0.615625 0.5875 0.6296875 0.5875 0.6296875 0.5859375
1 0.6015625 0.5828125 0.6 0.584375 0.5984375 0.584375 0.596875 0.5859375 0.5796875 0.5859375 0.5796875 0.590625 0.596875 0.590625 0.596875 0.5890625 0.5984375 0.5875 0.60625 0.5875 0.60625 0.5828125
1 0.5296875 0.5625 0.5296875 0.5640625 0.534375 0.5640625 0.5359375 0.565625 0.5359375 0.5671875 0.534375 0.56875 0.5265625 0.56875 0.525 0.5671875 0.525 0.565625 0.50625 0.565625 0.50625 0.5671875 0.521875 0.5671875 0.5234375 0.56875 0.525 0.56875 0.5265625 0.5703125 0.528125 0.5703125 0.5296875 0.571875 0.5296875 0.5734375 0.528125 0.575 0.5234375 0.575 0.521875 0.5734375 0.515625 0.5734375 0.515625 0.5765625 0.525 0.5765625 0.5265625 0.578125 0.528125 0.578125 0.5296875 0.5796875 0.5296875 0.58125 0.534375 0.58125 0.5359375 0.5828125 0.5359375 0.584375 0.5515625 0.584375 0.5515625 0.5828125 0.553125 0.58125 0.59375 0.58125 0.59375 0.5796875 0.5953125 0.578125 0.6 0.578125 0.6 0.575 0.571875 0.575 0.5703125 0.5734375 0.5703125 0.571875 0.571875 0.5703125 0.5765625 0.5703125 0.5765625 0.56875 0.5625 0.56875 0.5609375 0.5671875 0.5609375 0.565625 0.5421875 0.565625 0.540625 0.5640625 0.540625 0.5625
1 0.515625 0.559375 0.515625 0.5609375 0.525 0.5609375 0.525 0.559375
