1 0.4703125 0.75 0.4703125 0.7515625 0.475 0.7515625 0.475 0.75
1 0.496875 0.734375 0.496875 0.7359375 0.4984375 0.7359375 0.4984375 0.734375
1 0.4828125 0.73125 0.4828125 0.734375 0.4921875 0.734375 0.4921875 0.73125
1 0.509375 0.7265625 0.509375 0.728125 0.515625 0.728125 0.515625 0.7265625
1 0.4234375 0.7265625 0.421875 0.728125 0.4078125 0.728125 0.40625 0.7296875 0.390625 0.7296875 0.390625 0.73125 0.4265625 0.73125 0.4265625 0.7265625
1 0.44375 0.7203125 0.44375 0.721875 0.4453125 0.721875 0.4453125 0.7203125
1 0.3859375 0.7078125 0.3859375 0.709375 0.3890625 0.709375 0.3890625 0.7078125
1 0.43125 0.7046875 0.43125 0.70625 0.4390625 0.70625 0.4390625 0.7046875
1 0.634375 0.696875 0.6328125 0.6984375 0.63125 0.6984375 0.63125 0.7015625 0.6328125 0.7015625 0.6328125 0.7 0.634375 0.6984375 0.6359375 0.6984375 0.6359375 0.696875
1 0.4671875 0.671875 0.4671875 0.675 0.475 0.675 0.475 0.671875
1 0.6125 0.6640625 0.6125 0.66875 0.6140625 0.66875 0.615625 0.6703125 0.6171875 0.6703125 0.61875 0.671875 0.61875 0.675 0.6171875 0.6765625 0.615625 0.6765625 0.6140625 0.675 0.609375 0.675 0.609375 0.6921875 0.6078125 0.69375 0.6078125 0.6953125 0.60625 0.696875 0.6046875 0.696875 0.6046875 0.6984375 0.603125 0.7 0.6015625 0.7 0.6 0.6984375 0.5953125 0.6984375 0.5953125 0.7015625 0.6 0.7015625 0.6015625 0.703125 0.6015625 0.7046875 0.6 0.70625 0.5953125 0.70625 0.59375 0.7046875 0.559375 0.7046875 0.5578125 0.703125 0.5171875 0.703125 0.5171875 0.70625 0.515625 0.7078125 0.50625 0.7078125 0.50625 0.7125 0.51875 0.7125 0.5203125 0.7140625 0.5203125 0.715625 0.540625 0.715625 0.5421875 0.7171875 0.5421875 0.71875 0.5546875 0.71875 0.55625 0.7203125 0.55625 0.725 0.5546875 0.7265625 0.553125 0.7265625 0.553125 0.728125 0.5515625 0.7296875 0.5359375 0.7296875 0.5359375 0.73125 0.534375 0.7328125 0.5125 0.7328125 0.5125 0.7359375 0.5140625 0.7359375 0.515625 0.7375 0.515625 0.7390625 0.525 0.7390625 0.5265625 0.740625 0.5265625 0.7421875 0.525 0.74375 0.51875 0.74375 0.51875 0.7453125 0.5171875 0.746875 0.5140625 0.746875 0.5125 0.7453125 0.5125 0.74375 0.5 0.74375 0.4984375 0.7421875 0.4984375 0.740625 0.4765625 0.740625 0.475 0.7390625 0.4671875 0.7390625 0.465625 0.7375 0.465625 0.734375 0.4671875 0.7328125 0.475 0.7328125 0.4765625 0.734375 0.478125 0.734375 0.478125 0.73125 0.4671875 0.73125 0.465625 0.7328125 0.4578125 0.7328125 0.45625 0.73125 0.45625 0.7296875 0.446875 0.7296875 0.4453125 0.728125 0.4453125 0.7265625 0.440625 0.7265625 0.4390625 0.725 0.4390625 0.7203125 0.434375 0.7203125 0.4328125 0.71875 0.4328125 0.7171875 0.434375 0.715625 0.4359375 0.715625 0.4359375 0.7109375 0.421875 0.7109375 0.4203125 0.709375 0.4203125 0.7078125 0.421875 0.70625 0.4234375 0.70625 0.4234375 0.7046875 0.4203125 0.7046875 0.41875 0.703125 0.41875 0.7 0.4203125 0.6984375 0.4359375 0.6984375 0.4359375 0.696875 0.4375 0.6953125 0.4515625 0.6953125 0.4515625 0.69375 0.434375 0.69375 0.434375 0.6953125 0.4328125 0.696875 0.4171875 0.696875 0.415625 0.6953125 0.415625 0.6875 0.4171875 0.6859375 0.4265625 0.6859375 0.4265625 0.68125 0.428125 0.6796875 0.4359375 0.6796875 0.4359375 0.678125 0.4375 0.6765625 0.4421875 0.6765625 0.4421875 0.675 0.434375 0.675 0.4328125 0.6765625 0.4234375 0.6765625 0.421875 0.675 0.421875 0.671875 0.4234375 0.6703125 0.4328125 0.6703125 0.4328125 0.66875 0.4234375 0.66875 0.421875 0.6703125 0.41875 0.6703125 0.415625 0.6671875 0.4140625 0.6671875 0.4125 0.66875 0.4109375 0.66875 0.4109375 0.6703125 0.4171875 0.6703125 0.41875 0.671875 0.41875 0.675 0.4171875 0.6765625 0.4109375 0.6765625 0.409375 0.675 0.3921875 0.675 0.3921875 0.6796875 0.409375 0.6796875 0.4109375 0.68125 0.4109375 0.6828125 0.409375 0.684375 0.4078125 0.684375 0.4078125 0.6859375 0.40625 0.6875 0.4046875 0.6875 0.4046875 0.703125 0.40625 0.703125 0.4078125 0.7046875 0.4078125 0.709375 0.4125 0.709375 0.4140625 0.7109375 0.4140625 0.7125 0.4125 0.7140625 0.4109375 0.7140625 0.4109375 0.715625 0.4203125 0.715625 0.421875 0.7171875 0.421875 0.71875 0.4203125 0.7203125 0.4078125 0.7203125 0.4078125 0.721875 0.4296875 0.721875 0.43125 0.7234375 0.43125 0.73125 0.4328125 0.73125 0.4328125 0.7265625 0.434375 0.725 0.4390625 0.725 0.440625 0.7265625 0.440625 0.728125 0.4421875 0.728125 0.44375 0.7296875 0.44375 0.73125 0.4421875 0.7328125 0.440625 0.7328125 0.440625 0.734375 0.4421875 0.734375 0.44375 0.7328125 0.453125 0.7328125 0.4546875 0.734375 0.4546875 0.7359375 0.453125 0.7375 0.453125 0.7390625 0.45625 0.7390625 0.4578125 0.740625 0.4578125 0.7421875 0.475 0.7421875 0.4765625 0.74375 0.4765625 0.7453125 0.478125 0.7453125 0.4796875 0.746875 0.4796875 0.7484375 0.48125 0.75 0.48125 0.7515625 0.4828125 0.7515625 0.484375 0.753125 0.484375 0.7578125 0.528125 0.7578125 0.5296875 0.759375 0.5296875 0.7609375 0.53125 0.7609375 0.53125 0.759375 0.5296875 0.759375 0.528125 0.7578125 0.528125 0.75625 0.5296875 0.7546875 0.534375 0.7546875 0.534375 0.753125 0.5359375 0.7515625 0.5375 0.7515625 0.5375 0.75 0.5390625 0.7484375 0.5453125 0.7484375 0.5453125 0.746875 0.546875 0.7453125 0.546875 0.74375 0.5484375 0.7421875 0.5515625 0.7421875 0.553125 0.74375 0.553125 0.7453125 0.5578125 0.7453125 0.5578125 0.74375 0.559375 0.7421875 0.5609375 0.7421875 0.5609375 0.740625 0.5625 0.7390625 0.5765625 0.7390625 0.5765625 0.7375 0.575 0.7375 0.5734375 0.7359375 0.5734375 0.734375 0.575 0.7328125 0.5875 0.7328125 0.5890625 0.734375 0.6 0.734375 0.6015625 0.7328125 0.60625 0.7328125 0.60625 0.7296875 0.6078125 0.728125 0.6109375 0.728125 0.6109375 0.7265625 0.6125 0.725 0.6125 0.7234375 0.609375 0.7234375 0.6078125 0.721875 0.6078125 0.7140625 0.60625 0.7125 0.60625 0.7109375 0.6078125 0.709375 0.6109375 0.709375 0.6125 0.7078125 0.6140625 0.7078125 0.6140625 0.7046875 0.6125 0.7046875 0.6109375 0.70625 0.609375 0.70625 0.6078125 0.7046875 0.6078125 0.7015625 0.609375 0.7 0.6140625 0.7 0.615625 0.7015625 0.6171875 0.7015625 0.6171875 0.69375 0.61875 0.6921875 0.6234375 0.6921875 0.625 0.69375 0.625 0.6953125 0.6265625 0.6953125 0.6265625 0.684375 0.625 0.684375 0.6234375 0.6828125 0.6234375 0.678125 0.621875 0.678125 0.6203125 0.6765625 0.6203125 0.675 0.621875 0.6734375 0.6359375 0.6734375 0.6359375 0.6703125 0.634375 0.6703125 0.6328125 0.66875 0.6328125 0.6671875 0.63125 0.6671875 0.6296875 0.665625 0.6296875 0.6640625
1 0.609375 0.559375 0.609375 0.5640625 0.6078125 0.565625 0.6015625 0.565625 0.6015625 0.5671875 0.6 0.56875 0.5921875 0.56875 0.5921875 0.5703125 0.590625 0.571875 0.5890625 0.571875 0.5875 0.5734375 0.5859375 0.5734375 0.584375 0.571875 0.5796875 0.571875 0.578125 0.5734375 0.578125 0.5765625 0.5796875 0.575 0.584375 0.575 0.5859375 0.5765625 0.5875 0.5765625 0.5890625 0.575 0.590625 0.575 0.5921875 0.5765625 0.6 0.5765625 0.6 0.575 0.6015625 0.5734375 0.6109375 0.5734375 0.6125 0.575 0.6125 0.5765625 0.6203125 0.5765625 0.6203125 0.559375 0.61875 0.559375 0.61875 0.5609375 0.6171875 0.5625 0.6140625 0.5625 0.6125 0.5609375 0.6125 0.559375
1 0.61875 0.55 0.61875 0.5546875 0.6203125 0.5546875 0.6203125 0.553125 0.621875 0.5515625 0.6234375 0.5515625 0.6234375 0.55
1 0.628125 0.5171875 0.628125 0.51875 0.6296875 0.51875 0.6296875 0.5171875
