1 0.5125 0.815625 0.5125 0.8171875 0.5109375 0.81875 0.509375 0.81875 0.509375 0.8265625 0.5125 0.8265625 0.5140625 0.828125 0.5171875 0.828125 0.51875 0.8265625 0.51875 0.81875 0.5203125 0.8171875 0.521875 0.8171875 0.521875 0.815625
1 0.4703125 0.809375 0.4703125 0.8109375 0.478125 0.8109375 0.478125 0.809375
1 0.421875 0.7828125 0.421875 0.784375 0.4203125 0.7859375 0.4203125 0.7875 0.4328125 0.7875 0.4328125 0.7859375 0.43125 0.7859375 0.4296875 0.784375 0.4296875 0.7828125
1 0.5328125 0.75 0.5328125 0.7515625 0.5375 0.7515625 0.5375 0.75
1 0.5421875 0.734375 0.540625 0.7359375 0.5359375 0.7359375 0.534375 0.7375 0.5296875 0.7375 0.5296875 0.7390625 0.540625 0.7390625 0.5421875 0.7375 0.5484375 0.7375 0.5484375 0.7359375 0.5453125 0.7359375 0.54375 0.734375
1 0.66875 0.7265625 0.66875 0.728125 0.671875 0.728125 0.671875 0.7265625
1 0.5328125 0.7265625 0.5328125 0.728125 0.53125 0.7296875 0.5265625 0.7296875 0.5265625 0.73125 0.534375 0.73125 0.5359375 0.7296875 0.54375 0.7296875 0.5453125 0.73125 0.5546875 0.73125 0.5546875 0.7296875 0.55 0.7296875 0.5484375 0.728125 0.5453125 0.728125 0.54375 0.7265625
1 0.6390625 0.675 0.6390625 0.6765625 0.640625 0.678125 0.640625 0.6828125 0.6390625 0.684375 0.6375 0.684375 0.6375 0.6859375 0.640625 0.6859375 0.6421875 0.6875 0.6421875 0.6921875 0.640625 0.69375 0.6375 0.69375 0.6375 0.6953125 0.6359375 0.696875 0.634375 0.696875 0.634375 0.6984375 0.6390625 0.6984375 0.640625 0.696875 0.6421875 0.6984375 0.6421875 0.7015625 0.6390625 0.7046875 0.634375 0.7046875 0.634375 0.70625 0.6328125 0.7078125 0.625 0.7078125 0.625 0.709375 0.6265625 0.709375 0.628125 0.7109375 0.628125 0.715625 0.6296875 0.715625 0.63125 0.7171875 0.63125 0.71875 0.659375 0.71875 0.6609375 0.7203125 0.6609375 0.721875 0.66875 0.721875 0.66875 0.7171875 0.6640625 0.7171875 0.6625 0.715625 0.6625 0.7140625 0.6609375 0.7140625 0.659375 0.7125 0.659375 0.7109375 0.6609375 0.709375 0.6625 0.709375 0.6625 0.7078125 0.6609375 0.7078125 0.659375 0.70625 0.659375 0.7046875 0.6578125 0.7046875 0.65625 0.703125 0.65625 0.7 0.6578125 0.6984375 0.659375 0.6984375 0.659375 0.696875 0.6546875 0.696875 0.653125 0.6953125 0.653125 0.69375 0.6515625 0.69375 0.65 0.6921875 0.65 0.690625 0.6484375 0.690625 0.646875 0.6890625 0.646875 0.6875 0.6484375 0.6859375 0.65625 0.6859375 0.65625 0.68125 0.6453125 0.68125 0.64375 0.6796875 0.64375 0.678125 0.6421875 0.6765625 0.6421875 0.675
1 0.5859375 0.5765625 0.5859375 0.5796875 0.5875 0.5796875 0.5890625 0.58125 0.596875 0.58125 0.596875 0.5796875 0.5953125 0.5796875 0.59375 0.578125 0.5890625 0.578125 0.5875 0.5765625
1 0.559375 0.56875 0.559375 0.5703125 0.5609375 0.5703125 0.5609375 0.56875
1 0.49375 0.565625 0.49375 0.5671875 0.5015625 0.5671875 0.503125 0.56875 0.503125 0.5734375 0.5078125 0.5734375 0.509375 0.571875 0.5109375 0.571875 0.5125 0.5734375 0.5140625 0.5734375 0.515625 0.575 0.515625 0.5765625 0.5140625 0.578125 0.509375 0.578125 0.509375 0.5796875 0.5140625 0.5796875 0.515625 0.578125 0.5171875 0.5796875 0.5171875 0.58125 0.525 0.58125 0.5265625 0.5828125 0.5265625 0.584375 0.5375 0.584375 0.5390625 0.5859375 0.5390625 0.590625 0.5375 0.5921875 0.5359375 0.5921875 0.5359375 0.596875 0.5515625 0.596875 0.553125 0.5984375 0.553125 0.603125 0.5578125 0.603125 0.559375 0.6046875 0.559375 0.60625 0.5703125 0.60625 0.571875 0.6078125 0.5734375 0.6078125 0.575 0.609375 0.575 0.6140625 0.584375 0.6140625 0.5859375 0.615625 0.5859375 0.6171875 0.5875 0.6171875 0.5875 0.6125 0.5890625 0.6109375 0.59375 0.6109375 0.5953125 0.6125 0.5953125 0.6140625 0.596875 0.6140625 0.5984375 0.615625 0.5984375 0.6171875 0.60625 0.6171875 0.6078125 0.61875 0.6078125 0.6203125 0.6109375 0.6203125 0.6109375 0.61875 0.6125 0.6171875 0.6234375 0.6171875 0.625 0.61875 0.625 0.6234375 0.6234375 0.625 0.5921875 0.625 0.5921875 0.6296875 0.6140625 0.6296875 0.6140625 0.628125 0.615625 0.6265625 0.6296875 0.6265625 0.6296875 0.625 0.63125 0.6234375 0.640625 0.6234375 0.6421875 0.625 0.6421875 0.6390625 0.64375 0.6390625 0.6453125 0.640625 0.6453125 0.64375 0.665625 0.64375 0.665625 0.6421875 0.6671875 0.640625 0.66875 0.640625 0.6703125 0.6390625 0.6703125 0.63125 0.671875 0.6296875 0.6765625 0.6296875 0.6765625 0.628125 0.675 0.628125 0.6734375 0.6265625 0.6734375 0.625 0.675 0.6234375 0.6796875 0.6234375 0.6796875 0.621875 0.68125 0.6203125 0.6921875 0.6203125 0.6921875 0.61875 0.690625 0.61875 0.6890625 0.6171875 0.6890625 0.615625 0.690625 0.6140625 0.6921875 0.6140625 0.69375 0.6125 0.6953125 0.6125 0.6953125 0.609375 0.69375 0.609375 0.6921875 0.6078125 0.6875 0.6078125 0.6859375 0.60625 0.6859375 0.6046875 0.684375 0.6046875 0.6828125 0.603125 0.6828125 0.6015625 0.675 0.6015625 0.6734375 0.6 0.6734375 0.5984375 0.6453125 0.5984375 0.6453125 0.6 0.64375 0.6015625 0.640625 0.6015625 0.6390625 0.6 0.6390625 0.5984375 0.634375 0.5984375 0.6328125 0.596875 0.6328125 0.5953125 0.625 0.5953125 0.6234375 0.59375 0.6234375 0.5921875 0.615625 0.5921875 0.6140625 0.590625 0.6140625 0.5859375 0.6125 0.5859375 0.6109375 0.584375 0.6109375 0.5828125 0.6015625 0.5828125 0.6015625 0.584375 0.609375 0.584375 0.6109375 0.5859375 0.6109375 0.5875 0.6125 0.5890625 0.6125 0.590625 0.6140625 0.590625 0.615625 0.5921875 0.615625 0.59375 0.6171875 0.59375 0.61875 0.5953125 0.61875 0.596875 0.6234375 0.596875 0.625 0.5984375 0.625 0.6 0.6296875 0.6 0.63125 0.6015625 0.63125 0.603125 0.6328125 0.603125 0.634375 0.6046875 0.634375 0.60625 0.6328125 0.6078125 0.628125 0.6078125 0.6265625 0.609375 0.6125 0.609375 0.6109375 0.6078125 0.609375 0.6078125 0.6078125 0.60625 0.6078125 0.6046875 0.6046875 0.6046875 0.603125 0.603125 0.6015625 0.603125 0.6015625 0.60625 0.6 0.6078125 0.5921875 0.6078125 0.590625 0.60625 0.590625 0.6046875 0.5890625 0.6046875 0.5875 0.603125 0.5875 0.5984375 0.575 0.5984375 0.5734375 0.596875 0.5734375 0.5953125 0.56875 0.5953125 0.5671875 0.59375 0.5671875 0.5921875 0.55 0.5921875 0.5484375 0.590625 0.5484375 0.5890625 0.5453125 0.5890625 0.54375 0.5875 0.54375 0.5859375 0.5421875 0.5859375 0.540625 0.584375 0.540625 0.5828125 0.5390625 0.5828125 0.5375 0.58125 0.5375 0.578125 0.5359375 0.578125 0.534375 0.5765625 0.5328125 0.5765625 0.53125 0.575 0.53125 0.571875 0.5328125 0.5703125 0.534375 0.5703125 0.534375 0.565625 0.5265625 0.565625 0.5265625 0.5703125 0.525 0.571875 0.5234375 0.571875 0.521875 0.5703125 0.521875 0.565625
1 0.48125 0.5625 0.48125 0.5671875 0.484375 0.5671875 0.484375 0.5625
1 0.6703125 0.484375 0.6703125 0.4859375 0.66875 0.4875 0.6671875 0.4875 0.6671875 0.4890625 0.66875 0.4890625 0.6703125 0.4875 0.6796875 0.4875 0.6796875 0.484375
