1 0.55 0.8296875 0.55 0.83125 0.5515625 0.83125 0.553125 0.8328125 0.553125 0.834375 0.5546875 0.834375 0.5546875 0.8328125 0.55625 0.83125 0.5578125 0.83125 0.5578125 0.8296875
1 0.5328125 0.753125 0.5328125 0.7546875 0.54375 0.7546875 0.54375 0.753125
1 0.5265625 0.75 0.5265625 0.7515625 0.528125 0.7515625 0.528125 0.75
1 0.5359375 0.7234375 0.5359375 0.725 0.540625 0.725 0.540625 0.7234375
1 0.4375 0.7234375 0.4375 0.725 0.4359375 0.7265625 0.434375 0.7265625 0.434375 0.728125 0.4328125 0.7296875 0.43125 0.7296875 0.43125 0.734375 0.4296875 0.7359375 0.428125 0.7359375 0.4265625 0.7375 0.421875 0.7375 0.421875 0.7390625 0.4296875 0.7390625 0.43125 0.740625 0.43125 0.7421875 0.4296875 0.74375 0.421875 0.74375 0.421875 0.7453125 0.4265625 0.7453125 0.428125 0.746875 0.428125 0.7484375 0.4296875 0.7484375 0.43125 0.75 0.43125 0.7515625 0.4390625 0.7515625 0.440625 0.753125 0.440625 0.7546875 0.4453125 0.7546875 0.4453125 0.753125 0.446875 0.7515625 0.4515625 0.7515625 0.4515625 0.74375 0.453125 0.7421875 0.453125 0.740625 0.4546875 0.7390625 0.45625 0.7390625 0.45625 0.7375 0.4578125 0.7359375 0.459375 0.7359375 0.4609375 0.7375 0.4609375 0.7390625 0.4625 0.7390625 0.4625 0.7375 0.4640625 0.7359375 0.465625 0.7359375 0.4671875 0.734375 0.46875 0.734375 0.46875 0.7328125 0.4609375 0.7328125 0.459375 0.73125 0.459375 0.728125 0.4609375 0.7265625 0.465625 0.7265625 0.4671875 0.728125 0.46875 0.728125 0.46875 0.7265625 0.4671875 0.7265625 0.465625 0.725 0.465625 0.7234375
1 0.5 0.7140625 0.5 0.715625 0.4984375 0.7171875 0.496875 0.7171875 0.496875 0.71875 0.4984375 0.71875 0.5 0.7203125 0.5 0.721875 0.515625 0.721875 0.515625 0.7171875 0.5171875 0.715625 0.525 0.715625 0.525 0.7140625
1 0.4609375 0.7109375 0.4609375 0.7125 0.478125 0.7125 0.478125 0.7109375
1 0.446875 0.7109375 0.446875 0.7125 0.4484375 0.7125 0.4484375 0.7109375
1 0.375 0.690625 0.375 0.7015625 0.3828125 0.7015625 0.384375 0.7 0.3859375 0.7 0.3859375 0.696875 0.384375 0.696875 0.3828125 0.6953125 0.3828125 0.69375 0.38125 0.69375 0.3796875 0.6921875 0.3796875 0.690625
1 0.621875 0.6484375 0.621875 0.6625 0.6265625 0.6625 0.628125 0.6640625 0.628125 0.665625 0.6296875 0.665625 0.63125 0.6671875 0.63125 0.66875 0.6328125 0.6671875 0.6359375 0.6671875 0.6359375 0.6640625 0.634375 0.6640625 0.6328125 0.6625 0.6328125 0.6609375 0.63125 0.6609375 0.6296875 0.659375 0.6296875 0.6546875 0.628125 0.6546875 0.6265625 0.653125 0.6265625 0.6515625 0.625 0.6515625 0.6234375 0.65 0.6234375 0.6484375
1 0.6015625 0.621875 0.6015625 0.6234375 0.6 0.625 0.5953125 0.625 0.5953125 0.6265625 0.6078125 0.6265625 0.6078125 0.625 0.609375 0.6234375 0.6109375 0.6234375 0.6109375 0.621875
1 0.56875 0.61875 0.56875 0.6203125 0.571875 0.6203125 0.5734375 0.621875 0.5734375 0.6234375 0.5765625 0.6234375 0.5765625 0.621875 0.575 0.621875 0.5734375 0.6203125 0.5734375 0.61875
1 0.540625 0.6109375 0.540625 0.6125 0.5421875 0.6140625 0.54375 0.6140625 0.54375 0.6109375
1 0.5953125 0.60625 0.5953125 0.609375 0.596875 0.609375 0.596875 0.60625
1 0.6046875 0.6046875 0.603125 0.60625 0.6015625 0.60625 0.6015625 0.609375 0.603125 0.609375 0.6046875 0.6078125 0.6140625 0.6078125 0.615625 0.609375 0.615625 0.6109375 0.6203125 0.6109375 0.621875 0.6125 0.6234375 0.6125 0.625 0.6140625 0.6296875 0.6140625 0.63125 0.615625 0.63125 0.6171875 0.640625 0.6171875 0.6421875 0.61875 0.6421875 0.6203125 0.653125 0.6203125 0.6546875 0.621875 0.6546875 0.6234375 0.659375 0.6234375 0.6609375 0.625 0.6609375 0.6265625 0.665625 0.6265625 0.6671875 0.628125 0.6671875 0.6296875 0.6703125 0.6296875 0.671875 0.63125 0.671875 0.6328125 0.6703125 0.634375 0.66875 0.634375 0.66875 0.6359375 0.6703125 0.6359375 0.671875 0.6375 0.671875 0.640625 0.6734375 0.640625 0.675 0.6421875 0.675 0.64375 0.6734375 0.6453125 0.671875 0.6453125 0.671875 0.646875 0.6703125 0.6484375 0.6671875 0.6484375 0.6671875 0.653125 0.66875 0.653125 0.6703125 0.6546875 0.6703125 0.6625 0.66875 0.6640625 0.6609375 0.6640625 0.6609375 0.665625 0.659375 0.6671875 0.6515625 0.6671875 0.6515625 0.6703125 0.65 0.671875 0.640625 0.671875 0.640625 0.6734375 0.6390625 0.675 0.6375 0.675 0.6359375 0.6734375 0.6328125 0.6734375 0.63125 0.675 0.628125 0.675 0.6265625 0.6734375 0.6265625 0.671875 0.61875 0.671875 0.6171875 0.6703125 0.615625 0.6703125 0.6140625 0.66875 0.6140625 0.6671875 0.6078125 0.6671875 0.60625 0.665625 0.60625 0.6640625 0.6046875 0.6640625 0.603125 0.6625 0.603125 0.6609375 0.5859375 0.6609375 0.5859375 0.6625 0.5875 0.6625 0.5890625 0.6640625 0.5890625 0.66875 0.59375 0.66875 0.5953125 0.6703125 0.596875 0.6703125 0.5984375 0.671875 0.5984375 0.6734375 0.603125 0.6734375 0.6046875 0.675 0.6046875 0.6765625 0.60625 0.6765625 0.6078125 0.678125 0.6078125 0.6859375 0.609375 0.6875 0.609375 0.70625 0.6078125 0.7078125 0.6078125 0.709375 0.609375 0.7109375 0.609375 0.715625 0.6109375 0.715625 0.6125 0.7171875 0.6125 0.725 0.6109375 0.7265625 0.6046875 0.7265625 0.6046875 0.73125 0.6078125 0.73125 0.609375 0.7328125 0.6203125 0.7328125 0.621875 0.734375 0.621875 0.7359375 0.6234375 0.7359375 0.625 0.7375 0.625 0.7390625 0.6296875 0.7390625 0.6296875 0.7375 0.628125 0.7375 0.6265625 0.7359375 0.6265625 0.734375 0.628125 0.7328125 0.640625 0.7328125 0.6421875 0.734375 0.64375 0.734375 0.64375 0.73125 0.6421875 0.73125 0.640625 0.7296875 0.640625 0.7234375 0.6421875 0.721875 0.646875 0.721875 0.646875 0.7140625 0.6453125 0.7140625 0.64375 0.7125 0.64375 0.7109375 0.6453125 0.709375 0.65625 0.709375 0.6578125 0.7109375 0.6578125 0.7125 0.65625 0.7140625 0.6515625 0.7140625 0.6515625 0.715625 0.6625 0.715625 0.6640625 0.7171875 0.6640625 0.71875 0.66875 0.71875 0.6703125 0.7203125 0.6703125 0.725 0.671875 0.7265625 0.671875 0.728125 0.675 0.728125 0.675 0.7265625 0.6765625 0.725 0.6765625 0.7234375 0.678125 0.721875 0.6859375 0.721875 0.6859375 0.7171875 0.6875 0.715625 0.6890625 0.715625 0.6890625 0.7140625 0.690625 0.7125 0.6921875 0.7125 0.6921875 0.7109375 0.690625 0.7109375 0.6890625 0.709375 0.6890625 0.703125 0.690625 0.7015625 0.6921875 0.7015625 0.6921875 0.7 0.69375 0.6984375 0.6984375 0.6984375 0.6984375 0.696875 0.7 0.6953125 0.7015625 0.6953125 0.7015625 0.690625 0.703125 0.6890625 0.70625 0.6890625 0.70625 0.6875 0.7046875 0.6875 0.703125 0.6859375 0.703125 0.684375 0.7046875 0.6828125 0.709375 0.6828125 0.709375 0.678125 0.7109375 0.6765625 0.7125 0.6765625 0.7125 0.671875 0.7140625 0.6703125 0.71875 0.6703125 0.7203125 0.66875 0.721875 0.66875 0.721875 0.6671875 0.7203125 0.6671875 0.71875 0.665625 0.71875 0.6640625 0.7203125 0.6625 0.725 0.6625 0.725 0.6609375 0.7265625 0.659375 0.728125 0.659375 0.728125 0.6546875 0.7296875 0.653125 0.73125 0.653125 0.73125 0.6515625 0.7328125 0.65 0.7328125 0.6484375 0.734375 0.646875 0.7390625 0.646875 0.7390625 0.6453125 0.7375 0.6453125 0.7359375 0.64375 0.7359375 0.634375 0.734375 0.634375 0.7328125 0.6328125 0.7328125 0.63125 0.7296875 0.63125 0.728125 0.6296875 0.728125 0.628125 0.703125 0.628125 0.703125 0.6296875 0.7015625 0.63125 0.684375 0.63125 0.6828125 0.6296875 0.6828125 0.628125 0.678125 0.628125 0.6765625 0.6265625 0.6765625 0.625 0.6703125 0.625 0.66875 0.6234375 0.66875 0.621875 0.6671875 0.621875 0.665625 0.6203125 0.665625 0.61875 0.6546875 0.61875 0.653125 0.6171875 0.653125 0.615625 0.634375 0.615625 0.6328125 0.6140625 0.6328125 0.6125 0.628125 0.6125 0.6265625 0.6109375 0.625 0.6109375 0.6234375 0.609375 0.621875 0.609375 0.6203125 0.6078125 0.61875 0.6078125 0.6171875 0.60625 0.6171875 0.6046875
1 0.540625 0.603125 0.5390625 0.6046875 0.5390625 0.60625 0.540625 0.60625
1 0.5984375 0.6015625 0.5984375 0.603125 0.6 0.603125 0.6 0.6015625
1 0.571875 0.5984375 0.571875 0.6 0.578125 0.6 0.578125 0.5984375
1 0.5828125 0.5953125 0.5828125 0.596875 0.584375 0.596875 0.584375 0.5953125
1 0.5234375 0.5921875 0.5234375 0.59375 0.528125 0.59375 0.528125 0.5921875
1 0.490625 0.5921875 0.490625 0.59375 0.4890625 0.5953125 0.4875 0.5953125 0.4875 0.596875 0.5046875 0.596875 0.50625 0.5984375 0.50625 0.6 0.5046875 0.6015625 0.503125 0.6015625 0.503125 0.6046875 0.5015625 0.60625 0.496875 0.60625 0.496875 0.609375 0.5015625 0.609375 0.503125 0.6078125 0.515625 0.6078125 0.5171875 0.609375 0.5171875 0.6109375 0.51875 0.6109375 0.5203125 0.6125 0.5203125 0.6140625 0.51875 0.615625 0.5171875 0.615625 0.5171875 0.6171875 0.51875 0.6171875 0.5203125 0.61875 0.5203125 0.6203125 0.528125 0.6203125 0.5296875 0.621875 0.5296875 0.6234375 0.53125 0.6234375 0.5328125 0.625 0.5328125 0.6265625 0.534375 0.6265625 0.5359375 0.628125 0.5359375 0.6296875 0.5453125 0.6296875 0.546875 0.63125 0.546875 0.6359375 0.5515625 0.6359375 0.553125 0.6375 0.553125 0.6390625 0.5546875 0.6390625 0.55625 0.640625 0.5609375 0.640625 0.5625 0.6421875 0.5625 0.64375 0.5703125 0.64375 0.571875 0.6453125 0.571875 0.646875 0.5875 0.646875 0.5890625 0.6484375 0.5890625 0.65 0.590625 0.65 0.590625 0.6484375 0.5921875 0.646875 0.596875 0.646875 0.596875 0.6453125 0.5984375 0.64375 0.603125 0.64375 0.603125 0.6421875 0.60625 0.6390625 0.6078125 0.6390625 0.609375 0.640625 0.609375 0.64375 0.6171875 0.64375 0.6171875 0.6421875 0.6140625 0.6421875 0.6125 0.640625 0.609375 0.640625 0.6078125 0.6390625 0.6078125 0.6359375 0.60625 0.6359375 0.6046875 0.6375 0.5984375 0.6375 0.596875 0.6359375 0.596875 0.634375 0.5984375 0.6328125 0.6 0.6328125 0.6 0.63125 0.5921875 0.63125 0.5921875 0.6328125 0.590625 0.634375 0.578125 0.634375 0.5765625 0.6328125 0.5765625 0.63125 0.575 0.63125 0.5734375 0.6296875 0.5734375 0.628125 0.565625 0.628125 0.5640625 0.6265625 0.5640625 0.625 0.55625 0.625 0.5546875 0.6234375 0.5546875 0.61875 0.55625 0.6171875 0.5578125 0.6171875 0.5578125 0.6125 0.55625 0.6125 0.55625 0.6171875 0.5546875 0.61875 0.5390625 0.61875 0.5375 0.6171875 0.5375 0.6125 0.5359375 0.6125 0.534375 0.6109375 0.534375 0.609375 0.5296875 0.609375 0.528125 0.6078125 0.5265625 0.6078125 0.525 0.60625 0.525 0.6046875 0.5234375 0.6046875 0.521875 0.603125 0.521875 0.6015625 0.5125 0.6015625 0.5109375 0.6 0.5109375 0.5953125 0.50625 0.5953125 0.5046875 0.59375 0.5046875 0.5921875
1 0.4859375 0.55625 0.4859375 0.5578125 0.484375 0.559375 0.4828125 0.559375 0.4828125 0.5609375 0.48125 0.5625 0.4796875 0.5625 0.4796875 0.5703125 0.478125 0.571875 0.4734375 0.571875 0.4734375 0.5734375 0.478125 0.5734375 0.4796875 0.575 0.4796875 0.5765625 0.48125 0.5765625 0.4828125 0.578125 0.4828125 0.58125 0.4859375 0.58125 0.4875 0.5828125 0.4875 0.584375 0.5015625 0.584375 0.5015625 0.5828125 0.5 0.5828125 0.4984375 0.58125 0.49375 0.58125 0.4921875 0.5796875 0.4921875 0.5765625 0.49375 0.575 0.4984375 0.575 0.5 0.5734375 0.51875 0.5734375 0.5203125 0.575 0.5203125 0.578125 0.521875 0.578125 0.5234375 0.5796875 0.5234375 0.58125 0.525 0.58125 0.5265625 0.5796875 0.528125 0.5796875 0.5296875 0.58125 0.5296875 0.5828125 0.53125 0.5828125 0.53125 0.5796875 0.5328125 0.578125 0.5375 0.578125 0.5390625 0.5765625 0.54375 0.5765625 0.546875 0.5796875 0.5515625 0.5796875 0.553125 0.58125 0.5609375 0.58125 0.5609375 0.5796875 0.553125 0.5796875 0.5515625 0.578125 0.5515625 0.5765625 0.546875 0.5765625 0.54375 0.5734375 0.5390625 0.5734375 0.5375 0.571875 0.5375 0.56875 0.5296875 0.56875 0.528125 0.5671875 0.528125 0.5625 0.5234375 0.5625 0.5234375 0.5640625 0.521875 0.565625 0.5203125 0.565625 0.5203125 0.5671875 0.51875 0.56875 0.5171875 0.56875 0.5171875 0.5703125 0.515625 0.571875 0.50625 0.571875 0.5046875 0.5703125 0.5046875 0.56875 0.503125 0.56875 0.5015625 0.5671875 0.5015625 0.565625 0.5 0.565625 0.4984375 0.5640625 0.4984375 0.5625 0.49375 0.5625 0.4921875 0.5609375 0.4921875 0.559375 0.490625 0.559375 0.4890625 0.5578125 0.4890625 0.55625
1 0.453125 0.5421875 0.453125 0.5484375 0.4546875 0.55 0.4546875 0.5515625 0.45625 0.5515625 0.4578125 0.553125 0.4578125 0.5546875 0.478125 0.5546875 0.478125 0.553125 0.4734375 0.553125 0.471875 0.5515625 0.471875 0.55 0.4609375 0.55 0.459375 0.5484375 0.459375 0.546875 0.4578125 0.546875 0.45625 0.5453125 0.45625 0.5421875
1 0.66875 0.5328125 0.66875 0.534375 0.671875 0.534375 0.671875 0.5328125
1 0.7328125 0.50625 0.7328125 0.5078125 0.7359375 0.5078125 0.7359375 0.50625
1 0.6875 0.50625 0.6875 0.5078125 0.6921875 0.5078125 0.6921875 0.50625
1 0.6375 0.5 0.6375 0.5015625 0.646875 0.5015625 0.6484375 0.503125 0.6484375 0.5046875 0.646875 0.50625 0.6421875 0.50625 0.6421875 0.5078125 0.64375 0.5078125 0.6453125 0.509375 0.6453125 0.5109375 0.653125 0.5109375 0.6546875 0.5125 0.6546875 0.5140625 0.665625 0.5140625 0.665625 0.5125 0.6640625 0.5125 0.6625 0.5109375 0.6625 0.5078125 0.6640625 0.50625 0.665625 0.50625 0.6671875 0.5078125 0.66875 0.5078125 0.66875 0.503125 0.6609375 0.503125 0.659375 0.5015625 0.659375 0.5
