1 0.4734375 0.746875 0.4734375 0.7484375 0.471875 0.75 0.4703125 0.75 0.4703125 0.7515625 0.5109375 0.7515625 0.5125 0.753125 0.5125 0.7546875 0.521875 0.7546875 0.521875 0.753125 0.5203125 0.753125 0.51875 0.7515625 0.51875 0.746875 0.5125 0.746875 0.5125 0.7484375 0.5109375 0.75 0.4765625 0.75 0.475 0.7484375 0.475 0.746875
1 0.484375 0.74375 0.484375 0.7453125 0.4921875 0.7453125 0.4921875 0.74375
1 0.5125 0.740625 0.5125 0.7421875 0.534375 0.7421875 0.534375 0.740625
1 0.4515625 0.7375 0.4515625 0.7390625 0.45 0.740625 0.45 0.7453125 0.459375 0.7453125 0.459375 0.74375 0.4609375 0.7421875 0.471875 0.7421875 0.471875 0.740625 0.45625 0.740625 0.4546875 0.7390625 0.4546875 0.7375
1 0.446875 0.734375 0.4453125 0.7359375 0.434375 0.7359375 0.434375 0.7375 0.4484375 0.7375 0.4484375 0.734375
1 0.434375 0.728125 0.434375 0.73125 0.4453125 0.73125 0.4453125 0.728125
1 0.425 0.7234375 0.425 0.725 0.4328125 0.725 0.4328125 0.7234375
1 0.425 0.7078125 0.4234375 0.709375 0.4171875 0.709375 0.4171875 0.7125 0.4265625 0.7125 0.4265625 0.7078125
1 0.4109375 0.7015625 0.4109375 0.7046875 0.415625 0.7046875 0.4171875 0.703125 0.4234375 0.703125 0.4234375 0.7015625
1 0.6484375 0.628125 0.6484375 0.6296875 0.646875 0.63125 0.6453125 0.63125 0.6453125 0.6359375 0.65 0.6359375 0.6515625 0.6375 0.6515625 0.6390625 0.6625 0.6390625 0.6625 0.6375 0.6640625 0.6359375 0.665625 0.6359375 0.665625 0.628125
