1 0.575 0.7828125 0.575 0.784375 0.5734375 0.7859375 0.56875 0.7859375 0.56875 0.79375 0.5765625 0.79375 0.5765625 0.7890625 0.578125 0.7875 0.58125 0.7875 0.5828125 0.7890625 0.5828125 0.790625 0.5875 0.790625 0.5875 0.7859375 0.5859375 0.7859375 0.584375 0.784375 0.584375 0.7828125
1 0.5921875 0.7171875 0.5921875 0.728125 0.6 0.728125 0.6 0.7265625 0.6015625 0.725 0.6109375 0.725 0.6109375 0.7234375 0.6078125 0.7234375 0.60625 0.721875 0.60625 0.7203125 0.6015625 0.7203125 0.6 0.71875 0.6 0.7171875
1 0.5890625 0.7078125 0.5890625 0.709375 0.6 0.709375 0.6 0.7078125
1 0.43125 0.703125 0.4296875 0.7046875 0.421875 0.7046875 0.421875 0.70625 0.4203125 0.7078125 0.4203125 0.7125 0.421875 0.7140625 0.421875 0.715625 0.4328125 0.715625 0.434375 0.7171875 0.434375 0.725 0.4453125 0.725 0.446875 0.7265625 0.446875 0.728125 0.459375 0.728125 0.459375 0.7234375 0.4609375 0.721875 0.4625 0.721875 0.4625 0.7203125 0.4640625 0.71875 0.465625 0.71875 0.465625 0.7171875 0.4640625 0.7171875 0.4625 0.715625 0.4625 0.7109375 0.4546875 0.7109375 0.453125 0.709375 0.453125 0.7078125 0.4515625 0.70625 0.4515625 0.703125
1 0.38125 0.696875 0.38125 0.7 0.390625 0.7 0.3921875 0.7015625 0.4 0.7015625 0.4 0.6984375 0.3921875 0.6984375 0.390625 0.696875
1 0.3625 0.6453125 0.3625 0.646875 0.3671875 0.646875 0.36875 0.6484375 0.36875 0.65625 0.3796875 0.65625 0.38125 0.6578125 0.38125 0.659375 0.3859375 0.659375 0.3859375 0.6515625 0.3875 0.65 0.39375 0.65 0.39375 0.6484375 0.3875 0.6484375 0.3859375 0.646875 0.3859375 0.6453125
1 0.7765625 0.615625 0.7765625 0.6203125 0.7875 0.6203125 0.7890625 0.621875 0.7890625 0.6234375 0.7953125 0.6234375 0.796875 0.625 0.796875 0.6265625 0.8109375 0.6265625 0.8109375 0.625 0.809375 0.625 0.8078125 0.6234375 0.8078125 0.621875 0.7921875 0.621875 0.790625 0.6203125 0.790625 0.615625
1 0.8 0.6125 0.8 0.6171875 0.8171875 0.6171875 0.8171875 0.615625 0.803125 0.615625 0.8015625 0.6140625 0.8015625 0.6125
1 0.365625 0.6078125 0.365625 0.6109375 0.3640625 0.6125 0.359375 0.6125 0.359375 0.6140625 0.3609375 0.6140625 0.3625 0.615625 0.3625 0.6171875 0.3609375 0.61875 0.359375 0.61875 0.359375 0.6234375 0.3609375 0.6234375 0.3625 0.625 0.3625 0.6265625 0.3703125 0.6265625 0.371875 0.628125 0.371875 0.6296875 0.3828125 0.6296875 0.3828125 0.61875 0.38125 0.61875 0.3796875 0.6171875 0.3796875 0.6140625 0.38125 0.6125 0.3859375 0.6125 0.3859375 0.609375 0.371875 0.609375 0.3703125 0.6078125
1 0.7859375 0.6046875 0.7859375 0.6078125 0.79375 0.6078125 0.79375 0.6046875
1 0.7828125 0.5953125 0.7828125 0.6 0.7953125 0.6 0.7953125 0.5984375 0.7921875 0.5984375 0.790625 0.596875 0.790625 0.5953125
