1 0.5265625 0.7953125 0.5265625 0.796875 0.525 0.7984375 0.5234375 0.7984375 0.5234375 0.8015625 0.5375 0.8015625 0.5375 0.7953125
1 0.428125 0.75625 0.428125 0.7578125 0.4296875 0.7578125 0.4296875 0.75625
1 0.634375 0.746875 0.634375 0.7515625 0.6375 0.7515625 0.6375 0.746875
1 0.4046875 0.740625 0.4046875 0.7421875 0.40625 0.7421875 0.40625 0.740625
1 0.68125 0.7296875 0.6796875 0.73125 0.671875 0.73125 0.671875 0.734375 0.6796875 0.734375 0.68125 0.7328125 0.6828125 0.7328125 0.684375 0.734375 0.684375 0.7390625 0.6859375 0.7390625 0.6875 0.740625 0.6875 0.7421875 0.6859375 0.74375 0.675 0.74375 0.675 0.7453125 0.6765625 0.7453125 0.678125 0.746875 0.678125 0.7484375 0.6984375 0.7484375 0.6984375 0.734375 0.696875 0.734375 0.6953125 0.7328125 0.6953125 0.7296875
1 0.384375 0.7296875 0.384375 0.73125 0.3859375 0.73125 0.3875 0.7328125 0.390625 0.7328125 0.3921875 0.734375 0.3921875 0.7375 0.403125 0.7375 0.403125 0.734375 0.3921875 0.734375 0.390625 0.7328125 0.390625 0.7296875
1 0.6640625 0.7265625 0.6640625 0.7328125 0.6625 0.734375 0.6578125 0.734375 0.6578125 0.7375 0.6625 0.7375 0.6625 0.734375 0.6640625 0.7328125 0.665625 0.7328125 0.665625 0.7296875 0.6671875 0.728125 0.66875 0.728125 0.66875 0.7265625
1 0.328125 0.684375 0.328125 0.6890625 0.3375 0.6890625 0.3375 0.6875 0.3328125 0.6875 0.33125 0.6859375 0.33125 0.684375
1 0.30625 0.678125 0.30625 0.6890625 0.3078125 0.6890625 0.309375 0.690625 0.309375 0.6953125 0.3203125 0.6953125 0.3203125 0.69375 0.31875 0.69375 0.3171875 0.6921875 0.3171875 0.6875 0.315625 0.6875 0.3140625 0.6859375 0.3140625 0.684375 0.315625 0.6828125 0.3234375 0.6828125 0.3234375 0.68125 0.31875 0.68125 0.3171875 0.6796875 0.3171875 0.678125
1 0.371875 0.6578125 0.371875 0.659375 0.3703125 0.6609375 0.3625 0.6609375 0.3625 0.6640625 0.3640625 0.665625 0.3640625 0.66875 0.3625 0.6703125 0.359375 0.6703125 0.3578125 0.66875 0.3578125 0.6671875 0.3546875 0.6671875 0.353125 0.665625 0.353125 0.6640625 0.3453125 0.6640625 0.34375 0.6625 0.34375 0.6609375 0.3359375 0.6609375 0.3359375 0.665625 0.340625 0.665625 0.3421875 0.6671875 0.3421875 0.66875 0.346875 0.66875 0.3484375 0.6703125 0.3484375 0.6734375 0.3640625 0.6734375 0.365625 0.675 0.365625 0.6765625 0.3671875 0.6765625 0.3671875 0.671875 0.36875 0.6703125 0.3734375 0.6703125 0.3734375 0.6671875 0.375 0.665625 0.3828125 0.665625 0.3828125 0.6640625 0.38125 0.6640625 0.3796875 0.6625 0.3796875 0.6609375 0.38125 0.659375 0.3828125 0.659375 0.3828125 0.6578125
1 0.7765625 0.6421875 0.7765625 0.64375 0.775 0.6453125 0.75625 0.6453125 0.75625 0.646875 0.7640625 0.646875 0.765625 0.6484375 0.765625 0.65625 0.775 0.65625 0.775 0.6546875 0.7765625 0.653125 0.778125 0.653125 0.778125 0.6515625 0.7796875 0.65 0.784375 0.65 0.784375 0.6484375 0.7859375 0.646875 0.79375 0.646875 0.79375 0.6421875
1 0.7953125 0.6359375 0.7953125 0.6390625 0.8046875 0.6390625 0.8046875 0.6359375
