1 0.5484375 0.7984375 0.546875 0.8 0.546875 0.8015625 0.5515625 0.8015625 0.553125 0.803125 0.553125 0.8078125 0.5515625 0.809375 0.55 0.809375 0.55 0.8171875 0.5609375 0.8171875 0.5609375 0.8125 0.5625 0.8109375 0.5640625 0.8109375 0.5640625 0.80625 0.559375 0.80625 0.5578125 0.8046875 0.5578125 0.803125 0.559375 0.8015625 0.5609375 0.8015625 0.5609375 0.8 0.553125 0.8 0.5515625 0.7984375
1 0.55625 0.7640625 0.55625 0.7671875 0.5640625 0.7671875 0.5640625 0.7640625
1 0.621875 0.746875 0.621875 0.7484375 0.6359375 0.7484375 0.6359375 0.746875
1 0.675 0.7375 0.675 0.7421875 0.6734375 0.74375 0.671875 0.74375 0.671875 0.7453125 0.6796875 0.7453125 0.6796875 0.74375 0.678125 0.74375 0.6765625 0.7421875 0.6765625 0.7375
1 0.63125 0.7375 0.63125 0.7421875 0.65 0.7421875 0.65 0.740625 0.6421875 0.740625 0.640625 0.7390625 0.640625 0.7375
1 0.384375 0.7328125 0.384375 0.7421875 0.3859375 0.7421875 0.3859375 0.740625 0.3875 0.7390625 0.390625 0.7390625 0.3921875 0.740625 0.3921875 0.7453125 0.39375 0.7453125 0.39375 0.74375 0.3953125 0.7421875 0.3953125 0.740625 0.396875 0.7390625 0.4 0.7390625 0.4015625 0.740625 0.4015625 0.7421875 0.403125 0.7421875 0.403125 0.734375 0.4015625 0.734375 0.4 0.7359375 0.396875 0.7359375 0.39375 0.7328125
1 0.66875 0.7296875 0.66875 0.7328125 0.6703125 0.7328125 0.671875 0.734375 0.671875 0.73125 0.6703125 0.7296875
1 0.6734375 0.7265625 0.6734375 0.728125 0.675 0.7296875 0.675 0.73125 0.6765625 0.73125 0.6765625 0.7265625
1 0.7609375 0.6421875 0.7609375 0.64375 0.7625 0.6453125 0.7625 0.646875 0.771875 0.646875 0.771875 0.6453125 0.765625 0.6453125 0.7640625 0.64375 0.7640625 0.6421875
1 0.7671875 0.63125 0.7671875 0.6359375 0.76875 0.6359375 0.7703125 0.6375 0.7703125 0.6390625 0.771875 0.6390625 0.7734375 0.6375 0.775 0.6375 0.7765625 0.6390625 0.7765625 0.640625 0.78125 0.640625 0.78125 0.6375 0.7828125 0.6359375 0.784375 0.6359375 0.7859375 0.6375 0.7875 0.6375 0.7875 0.634375 0.7703125 0.634375 0.76875 0.6328125 0.76875 0.63125
