1 0.5125 0.8421875 0.5125 0.84375 0.5140625 0.84375 0.515625 0.8453125 0.515625 0.846875 0.521875 0.846875 0.521875 0.8421875
1 0.50625 0.8421875 0.50625 0.84375 0.5078125 0.84375 0.5078125 0.8421875
1 0.5484375 0.803125 0.5484375 0.8046875 0.546875 0.80625 0.546875 0.8203125 0.5515625 0.8203125 0.553125 0.821875 0.553125 0.8265625 0.5609375 0.8265625 0.5625 0.825 0.5640625 0.825 0.5640625 0.821875 0.5625 0.821875 0.5609375 0.8203125 0.5609375 0.8125 0.5625 0.8109375 0.5640625 0.8109375 0.5640625 0.809375 0.559375 0.809375 0.5578125 0.8078125 0.5578125 0.80625 0.553125 0.80625 0.5515625 0.8046875 0.5515625 0.803125
1 0.546875 0.796875 0.546875 0.8 0.5484375 0.7984375 0.5515625 0.7984375 0.553125 0.8 0.5609375 0.8 0.5609375 0.796875
1 0.55625 0.7671875 0.55625 0.76875 0.5578125 0.76875 0.5578125 0.7671875
1 0.4203125 0.753125 0.4203125 0.7546875 0.421875 0.75625 0.421875 0.7578125 0.4265625 0.7578125 0.428125 0.759375 0.428125 0.7609375 0.4265625 0.7625 0.4140625 0.7625 0.4140625 0.765625 0.415625 0.765625 0.4171875 0.7671875 0.4171875 0.76875 0.41875 0.76875 0.4203125 0.7703125 0.4203125 0.771875 0.4328125 0.771875 0.4328125 0.7671875 0.434375 0.765625 0.4390625 0.765625 0.4390625 0.7625 0.4375 0.7625 0.4359375 0.7609375 0.4359375 0.759375 0.4375 0.7578125 0.4484375 0.7578125 0.4484375 0.75625 0.434375 0.75625 0.4328125 0.7546875 0.4328125 0.753125
1 0.6609375 0.7328125 0.6609375 0.7359375 0.659375 0.7375 0.6546875 0.7375 0.653125 0.7359375 0.6515625 0.7359375 0.6515625 0.7390625 0.665625 0.7390625 0.6671875 0.740625 0.6671875 0.7453125 0.665625 0.746875 0.6578125 0.746875 0.65625 0.7453125 0.65625 0.74375 0.63125 0.74375 0.63125 0.7453125 0.646875 0.7453125 0.6484375 0.746875 0.6484375 0.7484375 0.6734375 0.7484375 0.675 0.75 0.675 0.7515625 0.6890625 0.7515625 0.6890625 0.75 0.6875 0.75 0.6859375 0.7484375 0.6859375 0.74375 0.6875 0.7421875 0.6921875 0.7421875 0.6921875 0.740625 0.684375 0.740625 0.6828125 0.7390625 0.6828125 0.7328125 0.675 0.7328125 0.6734375 0.734375 0.6671875 0.734375 0.665625 0.7359375 0.6640625 0.7359375 0.6625 0.734375 0.6625 0.7328125
1 0.3859375 0.7234375 0.3859375 0.725 0.3875 0.7265625 0.3875 0.728125 0.3859375 0.7296875 0.38125 0.7296875 0.3796875 0.73125 0.378125 0.73125 0.378125 0.734375 0.3796875 0.734375 0.38125 0.7359375 0.38125 0.7390625 0.3796875 0.740625 0.375 0.740625 0.375 0.7421875 0.3890625 0.7421875 0.390625 0.74375 0.390625 0.7453125 0.403125 0.7453125 0.403125 0.7375 0.4046875 0.7359375 0.409375 0.7359375 0.4109375 0.7375 0.4109375 0.7390625 0.415625 0.7390625 0.415625 0.7359375 0.4109375 0.7359375 0.409375 0.734375 0.409375 0.73125 0.4109375 0.7296875 0.415625 0.7296875 0.4171875 0.73125 0.41875 0.73125 0.41875 0.7296875 0.4171875 0.7296875 0.415625 0.728125 0.415625 0.7265625 0.390625 0.7265625 0.3890625 0.725 0.3890625 0.7234375
1 0.30625 0.690625 0.30625 0.6953125 0.3203125 0.6953125 0.3203125 0.69375 0.31875 0.69375 0.3171875 0.6921875 0.3171875 0.690625
1 0.3625 0.6609375 0.3625 0.665625 0.3609375 0.6671875 0.359375 0.6671875 0.359375 0.66875 0.3578125 0.6703125 0.3453125 0.6703125 0.34375 0.66875 0.3328125 0.66875 0.3328125 0.671875 0.34375 0.671875 0.3453125 0.6734375 0.3734375 0.6734375 0.375 0.675 0.375 0.6765625 0.3828125 0.6765625 0.3828125 0.675 0.384375 0.6734375 0.3859375 0.6734375 0.3859375 0.6703125 0.384375 0.6703125 0.3828125 0.66875 0.3828125 0.6671875 0.378125 0.6671875 0.3765625 0.665625 0.3765625 0.6640625 0.36875 0.6640625 0.3671875 0.6625 0.3671875 0.6609375
1 0.7359375 0.628125 0.7359375 0.6296875 0.734375 0.63125 0.734375 0.6328125 0.7578125 0.6328125 0.759375 0.634375 0.759375 0.6359375 0.7609375 0.634375 0.7625 0.6359375 0.7625 0.6390625 0.759375 0.6421875 0.759375 0.64375 0.7578125 0.6453125 0.75625 0.6453125 0.75625 0.646875 0.7546875 0.6484375 0.753125 0.6484375 0.7515625 0.646875 0.7515625 0.6453125 0.74375 0.6453125 0.74375 0.65625 0.7453125 0.65625 0.746875 0.6578125 0.746875 0.659375 0.765625 0.659375 0.765625 0.6578125 0.7671875 0.65625 0.771875 0.65625 0.771875 0.6546875 0.7734375 0.653125 0.775 0.653125 0.775 0.6484375 0.7765625 0.646875 0.778125 0.646875 0.7796875 0.6484375 0.7796875 0.65 0.78125 0.65 0.78125 0.646875 0.7796875 0.646875 0.778125 0.6453125 0.778125 0.6421875 0.7796875 0.640625 0.7875 0.640625 0.7875 0.6390625 0.7890625 0.6375 0.79375 0.6375 0.7953125 0.6359375 0.7953125 0.634375 0.7671875 0.634375 0.765625 0.6328125 0.765625 0.63125 0.740625 0.63125 0.7390625 0.6296875 0.7390625 0.628125
