1 0.490625 0.81875 0.490625 0.8234375 0.4984375 0.8234375 0.5 0.825 0.5015625 0.825 0.503125 0.8265625 0.503125 0.828125 0.5046875 0.828125 0.50625 0.8296875 0.50625 0.834375 0.5046875 0.8359375 0.503125 0.8359375 0.503125 0.84375 0.5109375 0.84375 0.5125 0.8453125 0.5125 0.846875 0.5375 0.846875 0.5375 0.8453125 0.5234375 0.8453125 0.521875 0.84375 0.521875 0.8390625 0.5234375 0.8375 0.525 0.8375 0.525 0.8359375 0.5265625 0.834375 0.540625 0.834375 0.540625 0.8328125 0.5421875 0.83125 0.54375 0.83125 0.54375 0.8296875 0.5421875 0.8296875 0.540625 0.828125 0.540625 0.825 0.5234375 0.825 0.521875 0.8234375 0.521875 0.821875 0.496875 0.821875 0.4953125 0.8203125 0.4953125 0.81875
1 0.553125 0.8125 0.553125 0.8140625 0.5546875 0.8140625 0.55625 0.815625 0.55625 0.8171875 0.5546875 0.81875 0.5453125 0.81875 0.5453125 0.8203125 0.5578125 0.8203125 0.5578125 0.81875 0.559375 0.8171875 0.5703125 0.8171875 0.5703125 0.815625 0.55625 0.815625 0.5546875 0.8140625 0.5546875 0.8125
1 0.4765625 0.7796875 0.4765625 0.784375 0.475 0.7859375 0.4734375 0.7859375 0.4734375 0.7875 0.4890625 0.7875 0.4890625 0.7828125 0.484375 0.7828125 0.4828125 0.78125 0.4828125 0.7796875
1 0.415625 0.75625 0.415625 0.7578125 0.4125 0.7609375 0.4109375 0.7609375 0.4109375 0.7640625 0.4125 0.7640625 0.4140625 0.7625 0.415625 0.7640625 0.41875 0.7640625 0.4203125 0.765625 0.4203125 0.76875 0.4328125 0.76875 0.4328125 0.7671875 0.434375 0.765625 0.4359375 0.765625 0.4375 0.7671875 0.4390625 0.7671875 0.4390625 0.7640625 0.4375 0.7640625 0.4359375 0.7625 0.421875 0.7625 0.4203125 0.7609375 0.4203125 0.759375 0.41875 0.7578125 0.41875 0.75625
1 0.421875 0.753125 0.421875 0.7546875 0.4234375 0.75625 0.4234375 0.7578125 0.4453125 0.7578125 0.446875 0.759375 0.446875 0.7609375 0.4484375 0.7609375 0.4484375 0.75625 0.43125 0.75625 0.4296875 0.7546875 0.4296875 0.753125
1 0.6609375 0.7296875 0.6609375 0.73125 0.659375 0.7328125 0.6515625 0.7328125 0.6515625 0.7390625 0.665625 0.7390625 0.6671875 0.740625 0.6671875 0.7421875 0.66875 0.7421875 0.6703125 0.74375 0.6703125 0.7453125 0.66875 0.746875 0.6546875 0.746875 0.653125 0.7453125 0.653125 0.74375 0.6375 0.74375 0.6375 0.7453125 0.64375 0.7453125 0.6453125 0.746875 0.6453125 0.7484375 0.6703125 0.7484375 0.671875 0.75 0.671875 0.7515625 0.6984375 0.7515625 0.6984375 0.75 0.7 0.7484375 0.703125 0.7484375 0.703125 0.74375 0.7015625 0.7421875 0.7015625 0.7375 0.696875 0.7375 0.6953125 0.7359375 0.6953125 0.7328125 0.671875 0.7328125 0.6703125 0.73125 0.6703125 0.7296875
1 0.378125 0.7234375 0.378125 0.7296875 0.3765625 0.73125 0.371875 0.73125 0.371875 0.734375 0.3703125 0.7359375 0.36875 0.7359375 0.36875 0.7390625 0.3703125 0.7390625 0.3703125 0.7359375 0.371875 0.734375 0.3765625 0.734375 0.378125 0.7328125 0.3796875 0.7328125 0.38125 0.734375 0.38125 0.7421875 0.3859375 0.7421875 0.3875 0.74375 0.3875 0.7453125 0.39375 0.7453125 0.39375 0.7375 0.3953125 0.7359375 0.40625 0.7359375 0.4078125 0.7375 0.4078125 0.7390625 0.415625 0.7390625 0.415625 0.7359375 0.4140625 0.7359375 0.4125 0.734375 0.4125 0.7328125 0.4140625 0.73125 0.4234375 0.73125 0.4234375 0.7296875 0.4171875 0.7296875 0.415625 0.728125 0.4140625 0.728125 0.4125 0.7265625 0.3875 0.7265625 0.3859375 0.725 0.3859375 0.7234375
1 0.2953125 0.678125 0.2953125 0.6796875 0.3046875 0.6796875 0.30625 0.68125 0.30625 0.6859375 0.3046875 0.6875 0.3 0.6875 0.3 0.6890625 0.2984375 0.690625 0.296875 0.690625 0.296875 0.6921875 0.3015625 0.6921875 0.303125 0.69375 0.303125 0.6953125 0.328125 0.6953125 0.328125 0.69375 0.3296875 0.6921875 0.334375 0.6921875 0.334375 0.690625 0.3359375 0.6890625 0.35 0.6890625 0.35 0.684375 0.3484375 0.684375 0.346875 0.6828125 0.346875 0.68125 0.321875 0.68125 0.3203125 0.6796875 0.3203125 0.678125
1 0.359375 0.6546875 0.359375 0.65625 0.3609375 0.6578125 0.3609375 0.6625 0.359375 0.6640625 0.35625 0.6640625 0.3546875 0.6625 0.3546875 0.6578125 0.3421875 0.6578125 0.3421875 0.659375 0.340625 0.6609375 0.325 0.6609375 0.325 0.6625 0.328125 0.6625 0.3296875 0.6640625 0.3296875 0.66875 0.33125 0.66875 0.3328125 0.6703125 0.340625 0.6703125 0.3421875 0.671875 0.3421875 0.6734375 0.3703125 0.6734375 0.371875 0.675 0.371875 0.6765625 0.39375 0.6765625 0.39375 0.675 0.390625 0.675 0.3890625 0.6734375 0.3890625 0.671875 0.390625 0.6703125 0.3875 0.6703125 0.3859375 0.66875 0.3859375 0.6671875 0.3875 0.665625 0.39375 0.665625 0.39375 0.6640625 0.3875 0.6640625 0.3859375 0.6625 0.3859375 0.6609375 0.3875 0.659375 0.3890625 0.659375 0.3890625 0.6578125 0.371875 0.6578125 0.3703125 0.65625 0.3703125 0.6546875
1 0.734375 0.628125 0.734375 0.6296875 0.7328125 0.63125 0.7328125 0.6328125 0.7546875 0.6328125 0.75625 0.634375 0.75625 0.6359375 0.7609375 0.6359375 0.7625 0.634375 0.7640625 0.634375 0.765625 0.6359375 0.765625 0.6390625 0.7640625 0.640625 0.7625 0.640625 0.7625 0.64375 0.7609375 0.6453125 0.759375 0.6453125 0.7578125 0.64375 0.7578125 0.6421875 0.75625 0.6421875 0.75625 0.646875 0.7546875 0.6484375 0.746875 0.6484375 0.746875 0.65 0.7515625 0.65 0.753125 0.6515625 0.753125 0.659375 0.771875 0.659375 0.771875 0.6546875 0.7734375 0.653125 0.784375 0.653125 0.784375 0.6515625 0.7828125 0.6515625 0.78125 0.65 0.78125 0.6453125 0.7828125 0.64375 0.7875 0.64375 0.7890625 0.6453125 0.7890625 0.646875 0.79375 0.646875 0.79375 0.634375 0.765625 0.634375 0.7640625 0.6328125 0.7640625 0.63125 0.7390625 0.63125 0.7375 0.6296875 0.7375 0.628125
