1 0.50625 0.8296875 0.50625 0.83125 0.5109375 0.83125 0.5125 0.8328125 0.5125 0.840625 0.5109375 0.8421875 0.509375 0.8421875 0.509375 0.84375 0.5109375 0.8453125 0.5109375 0.846875 0.5140625 0.846875 0.5140625 0.8453125 0.5125 0.84375 0.5125 0.8421875 0.5140625 0.840625 0.521875 0.840625 0.521875 0.8390625 0.5234375 0.8375 0.525 0.8375 0.525 0.8296875
1 0.5359375 0.7859375 0.5359375 0.7875 0.5375 0.7875 0.5390625 0.7890625 0.5390625 0.790625 0.5375 0.7921875 0.5296875 0.7921875 0.528125 0.790625 0.528125 0.7890625 0.5234375 0.7890625 0.5234375 0.7921875 0.521875 0.79375 0.5203125 0.79375 0.5203125 0.796875 0.521875 0.796875 0.5234375 0.7953125 0.534375 0.7953125 0.5359375 0.796875 0.5359375 0.8015625 0.5484375 0.8015625 0.55 0.803125 0.55 0.8046875 0.5640625 0.8046875 0.5640625 0.796875 0.565625 0.7953125 0.5671875 0.7953125 0.5671875 0.7890625 0.5421875 0.7890625 0.540625 0.7875 0.540625 0.7859375
1 0.4734375 0.7859375 0.4734375 0.7875 0.48125 0.7875 0.48125 0.7859375
1 0.675 0.746875 0.675 0.7515625 0.6796875 0.7515625 0.6796875 0.75 0.68125 0.7484375 0.6828125 0.7484375 0.6828125 0.746875
1 0.425 0.746875 0.425 0.7515625 0.4234375 0.753125 0.421875 0.753125 0.421875 0.7578125 0.4265625 0.7578125 0.428125 0.759375 0.428125 0.7609375 0.4265625 0.7625 0.4203125 0.7625 0.4203125 0.76875 0.4265625 0.76875 0.428125 0.7703125 0.428125 0.771875 0.4296875 0.771875 0.4296875 0.7625 0.43125 0.7609375 0.4328125 0.7609375 0.4328125 0.759375 0.434375 0.7578125 0.4421875 0.7578125 0.4421875 0.75625 0.43125 0.75625 0.4296875 0.7546875 0.4296875 0.75 0.43125 0.7484375 0.4390625 0.7484375 0.440625 0.75 0.440625 0.7515625 0.4453125 0.7515625 0.4453125 0.746875
1 0.675 0.734375 0.675 0.7359375 0.6734375 0.7375 0.6640625 0.7375 0.6640625 0.7390625 0.665625 0.7390625 0.6671875 0.740625 0.6671875 0.7421875 0.6859375 0.7421875 0.6859375 0.740625 0.684375 0.740625 0.6828125 0.7390625 0.6828125 0.734375
1 0.4078125 0.734375 0.4078125 0.7375 0.409375 0.7375 0.409375 0.734375
1 0.3953125 0.728125 0.39375 0.7296875 0.3921875 0.7296875 0.3921875 0.73125 0.390625 0.7328125 0.390625 0.7359375 0.3890625 0.7375 0.3875 0.7375 0.3875 0.7390625 0.39375 0.7390625 0.3953125 0.7375 0.403125 0.7375 0.403125 0.734375 0.3984375 0.734375 0.396875 0.7359375 0.3953125 0.7359375 0.39375 0.734375 0.39375 0.7328125 0.3953125 0.73125 0.396875 0.73125 0.396875 0.728125
1 0.315625 0.678125 0.315625 0.6921875 0.3140625 0.69375 0.3125 0.69375 0.3125 0.6953125 0.3171875 0.6953125 0.3171875 0.69375 0.31875 0.6921875 0.3265625 0.6921875 0.3265625 0.690625 0.328125 0.6890625 0.328125 0.684375 0.325 0.684375 0.3234375 0.6828125 0.3234375 0.68125 0.321875 0.68125 0.3203125 0.6796875 0.3203125 0.678125
1 0.3453125 0.6609375 0.3453125 0.665625 0.34375 0.6671875 0.3359375 0.6671875 0.3359375 0.66875 0.353125 0.66875 0.3546875 0.6703125 0.3609375 0.6703125 0.3625 0.671875 0.3625 0.6734375 0.3640625 0.6734375 0.365625 0.675 0.365625 0.6796875 0.3734375 0.6796875 0.3734375 0.678125 0.375 0.6765625 0.3765625 0.6765625 0.3765625 0.6703125 0.365625 0.6703125 0.3640625 0.66875 0.3640625 0.6671875 0.359375 0.6671875 0.3578125 0.665625 0.3578125 0.6640625 0.3484375 0.6640625 0.346875 0.6625 0.346875 0.6609375
1 0.7609375 0.63125 0.7609375 0.6328125 0.7625 0.634375 0.7625 0.6359375 0.7640625 0.6359375 0.765625 0.6375 0.765625 0.64375 0.7640625 0.6453125 0.7625 0.6453125 0.7625 0.646875 0.7609375 0.6484375 0.753125 0.6484375 0.753125 0.653125 0.7546875 0.653125 0.75625 0.6546875 0.75625 0.659375 0.7640625 0.659375 0.7640625 0.6578125 0.765625 0.65625 0.765625 0.6546875 0.7671875 0.653125 0.771875 0.653125 0.771875 0.6484375 0.7734375 0.646875 0.775 0.646875 0.775 0.6453125 0.7765625 0.64375 0.784375 0.64375 0.7859375 0.6421875 0.790625 0.6421875 0.790625 0.6390625 0.7859375 0.6390625 0.784375 0.640625 0.7828125 0.640625 0.78125 0.6390625 0.78125 0.6375 0.7703125 0.6375 0.76875 0.6359375 0.76875 0.634375 0.765625 0.634375 0.7640625 0.6328125 0.7640625 0.63125
1 0.746875 0.63125 0.746875 0.6328125 0.7484375 0.6328125 0.7484375 0.63125
