1 0.509375 0.821875 0.509375 0.8234375 0.5140625 0.8234375 0.515625 0.825 0.51875 0.825 0.5203125 0.8265625 0.5203125 0.8296875 0.51875 0.83125 0.515625 0.83125 0.5140625 0.8296875 0.5125 0.8296875 0.5125 0.83125 0.5109375 0.8328125 0.50625 0.8328125 0.50625 0.840625 0.5140625 0.840625 0.515625 0.8421875 0.515625 0.846875 0.521875 0.846875 0.521875 0.8421875 0.5234375 0.840625 0.525 0.840625 0.525 0.8390625 0.5203125 0.8390625 0.51875 0.8375 0.51875 0.8359375 0.5203125 0.834375 0.53125 0.834375 0.53125 0.825 0.5265625 0.825 0.525 0.8234375 0.525 0.821875
1 0.55 0.80625 0.55 0.8078125 0.5484375 0.809375 0.546875 0.809375 0.546875 0.8109375 0.5484375 0.8109375 0.55 0.8125 0.55 0.8203125 0.5578125 0.8203125 0.5578125 0.815625 0.559375 0.8140625 0.5609375 0.8140625 0.5609375 0.8125 0.5625 0.8109375 0.5640625 0.8109375 0.5640625 0.809375 0.565625 0.8078125 0.5671875 0.8078125 0.5671875 0.80625
1 0.5484375 0.8 0.5484375 0.8015625 0.5515625 0.8015625 0.5515625 0.8
1 0.4703125 0.7828125 0.4703125 0.7875 0.48125 0.7875 0.48125 0.7859375 0.4765625 0.7859375 0.475 0.784375 0.475 0.7828125
1 0.415625 0.7703125 0.415625 0.771875 0.41875 0.771875 0.41875 0.7703125
1 0.675 0.753125 0.675 0.7546875 0.6796875 0.7546875 0.6796875 0.753125
1 0.4203125 0.753125 0.4203125 0.7546875 0.421875 0.75625 0.421875 0.7609375 0.4234375 0.7625 0.4234375 0.765625 0.421875 0.7671875 0.421875 0.76875 0.4234375 0.7703125 0.4234375 0.771875 0.425 0.771875 0.425 0.7703125 0.4265625 0.76875 0.4328125 0.76875 0.4328125 0.7671875 0.428125 0.7671875 0.4265625 0.765625 0.4265625 0.7625 0.428125 0.7609375 0.4359375 0.7609375 0.4375 0.7625 0.4375 0.7640625 0.4390625 0.7640625 0.4390625 0.75625 0.43125 0.75625 0.4296875 0.7546875 0.4296875 0.753125
1 0.68125 0.7328125 0.6796875 0.734375 0.671875 0.734375 0.671875 0.7453125 0.6828125 0.7453125 0.684375 0.746875 0.684375 0.7484375 0.6890625 0.7484375 0.6890625 0.746875 0.690625 0.7453125 0.6921875 0.7453125 0.6921875 0.74375 0.6875 0.74375 0.6859375 0.7421875 0.6859375 0.740625 0.684375 0.740625 0.6828125 0.7390625 0.6828125 0.7328125
1 0.38125 0.7296875 0.38125 0.7328125 0.3828125 0.7328125 0.384375 0.734375 0.384375 0.7390625 0.3828125 0.740625 0.375 0.740625 0.375 0.7421875 0.3890625 0.7421875 0.390625 0.74375 0.390625 0.7453125 0.4 0.7453125 0.4 0.74375 0.4015625 0.7421875 0.4125 0.7421875 0.4125 0.740625 0.4109375 0.740625 0.409375 0.7390625 0.409375 0.7328125 0.4046875 0.7328125 0.403125 0.73125 0.403125 0.7296875
1 0.3421875 0.6671875 0.3421875 0.66875 0.35 0.66875 0.35 0.6671875
