1 0.4140625 0.740625 0.4140625 0.7453125 0.4265625 0.7453125 0.4265625 0.740625 0.421875 0.740625 0.4203125 0.7421875 0.41875 0.740625
1 0.4109375 0.7328125 0.4109375 0.7359375 0.4203125 0.7359375 0.4203125 0.734375 0.41875 0.7328125
1 0.5234375 0.7171875 0.5234375 0.725 0.521875 0.7265625 0.5203125 0.7265625 0.5203125 0.73125 0.51875 0.7328125 0.515625 0.7328125 0.515625 0.7359375 0.51875 0.7359375 0.5203125 0.7375 0.5203125 0.7453125 0.51875 0.746875 0.5125 0.746875 0.5125 0.7484375 0.51875 0.7484375 0.5203125 0.75 0.5203125 0.7578125 0.51875 0.759375 0.5171875 0.759375 0.5171875 0.7609375 0.515625 0.7625 0.5125 0.7625 0.5125 0.765625 0.521875 0.765625 0.5234375 0.7671875 0.5234375 0.7703125 0.521875 0.771875 0.5203125 0.771875 0.51875 0.7703125 0.515625 0.7703125 0.515625 0.771875 0.51875 0.771875 0.5203125 0.7734375 0.5203125 0.775 0.525 0.775 0.5265625 0.7765625 0.5265625 0.7875 0.53125 0.7875 0.5328125 0.7890625 0.5328125 0.790625 0.53125 0.7921875 0.5234375 0.7921875 0.5234375 0.7953125 0.525 0.7953125 0.5265625 0.796875 0.5265625 0.7984375 0.528125 0.7984375 0.5296875 0.8 0.5296875 0.8015625 0.528125 0.803125 0.5265625 0.803125 0.5265625 0.8078125 0.5453125 0.8078125 0.5453125 0.80625 0.54375 0.8046875 0.54375 0.8 0.5453125 0.7984375 0.5671875 0.7984375 0.56875 0.8 0.56875 0.8015625 0.5703125 0.8015625 0.5703125 0.796875 0.571875 0.7953125 0.578125 0.7953125 0.5796875 0.796875 0.590625 0.796875 0.590625 0.79375 0.5890625 0.79375 0.5875 0.7953125 0.5796875 0.7953125 0.578125 0.79375 0.578125 0.790625 0.5796875 0.7890625 0.5875 0.7890625 0.5875 0.7828125 0.5890625 0.78125 0.596875 0.78125 0.596875 0.7734375 0.5984375 0.771875 0.603125 0.771875 0.603125 0.759375 0.6046875 0.7578125 0.6203125 0.7578125 0.6203125 0.75625 0.61875 0.75625 0.6171875 0.7546875 0.6171875 0.753125 0.6125 0.753125 0.6109375 0.7515625 0.6109375 0.75 0.6125 0.7484375 0.6140625 0.7484375 0.6140625 0.746875 0.6046875 0.746875 0.603125 0.7453125 0.603125 0.74375 0.5953125 0.74375 0.59375 0.7421875 0.59375 0.7375 0.5953125 0.7359375 0.6 0.7359375 0.6 0.7328125 0.571875 0.7328125 0.5703125 0.73125 0.5703125 0.7265625 0.571875 0.725 0.575 0.725 0.5765625 0.7265625 0.596875 0.7265625 0.596875 0.7234375 0.56875 0.7234375 0.5671875 0.721875 0.5671875 0.7203125 0.5625 0.7203125 0.5609375 0.71875 0.5609375 0.7171875 0.55 0.7171875 0.55 0.725 0.5515625 0.725 0.553125 0.7265625 0.553125 0.728125 0.5546875 0.728125 0.55625 0.7296875 0.55625 0.73125 0.5546875 0.7328125 0.546875 0.7328125 0.5453125 0.73125 0.5453125 0.7296875 0.546875 0.728125 0.546875 0.7265625 0.5453125 0.7265625 0.54375 0.725 0.54375 0.7234375 0.5328125 0.7234375 0.53125 0.721875 0.53125 0.7203125 0.5265625 0.7203125 0.525 0.71875 0.525 0.7171875
1 0.7109375 0.690625 0.7109375 0.6953125 0.73125 0.6953125 0.73125 0.69375 0.7171875 0.69375 0.715625 0.6921875 0.715625 0.690625
1 0.5171875 0.671875 0.5171875 0.675 0.528125 0.675 0.528125 0.671875
1 0.74375 0.6703125 0.7421875 0.671875 0.7328125 0.671875 0.7328125 0.6734375 0.73125 0.675 0.7109375 0.675 0.7109375 0.6765625 0.715625 0.6765625 0.7171875 0.678125 0.7171875 0.6796875 0.715625 0.68125 0.7140625 0.68125 0.7140625 0.6828125 0.7125 0.684375 0.7109375 0.684375 0.7109375 0.6859375 0.7390625 0.6859375 0.7390625 0.684375 0.740625 0.6828125 0.7421875 0.6828125 0.7421875 0.675 0.74375 0.6734375 0.7484375 0.6734375 0.75 0.675 0.7578125 0.675 0.7578125 0.671875 0.75 0.671875 0.7484375 0.6703125
1 0.5171875 0.6578125 0.5171875 0.6625 0.515625 0.6640625 0.5125 0.6640625 0.5125 0.665625 0.521875 0.665625 0.521875 0.6640625 0.5234375 0.6625 0.53125 0.6625 0.53125 0.6609375 0.5296875 0.6609375 0.528125 0.659375 0.528125 0.6578125
1 0.5140625 0.6484375 0.5140625 0.65 0.5125 0.6515625 0.5125 0.653125 0.515625 0.653125 0.515625 0.6515625 0.5171875 0.65 0.5171875 0.6484375
1 0.7140625 0.6453125 0.7140625 0.646875 0.7125 0.6484375 0.7 0.6484375 0.7 0.653125 0.6984375 0.6546875 0.696875 0.6546875 0.696875 0.65625 0.728125 0.65625 0.7296875 0.6578125 0.7296875 0.659375 0.7609375 0.659375 0.7609375 0.6578125 0.759375 0.6578125 0.7578125 0.65625 0.7578125 0.6515625 0.759375 0.65 0.7609375 0.65 0.7609375 0.6484375 0.740625 0.6484375 0.7390625 0.646875 0.7390625 0.6453125
1 0.5921875 0.5203125 0.5921875 0.521875 0.590625 0.5234375 0.5890625 0.5234375 0.5890625 0.528125 0.5875 0.5296875 0.5796875 0.5296875 0.5796875 0.53125 0.59375 0.53125 0.59375 0.5296875 0.5953125 0.528125 0.596875 0.528125 0.596875 0.5203125
1 0.5859375 0.5140625 0.5859375 0.5171875 0.590625 0.5171875 0.590625 0.5140625
