1 0.5328125 0.7640625 0.53125 0.765625 0.5265625 0.765625 0.525 0.7671875 0.5234375 0.7671875 0.5234375 0.76875 0.53125 0.76875 0.5328125 0.7703125 0.5328125 0.775 0.53125 0.7765625 0.5265625 0.7765625 0.5265625 0.778125 0.528125 0.778125 0.5296875 0.7796875 0.5296875 0.784375 0.53125 0.784375 0.5328125 0.7859375 0.5328125 0.7875 0.534375 0.7875 0.5359375 0.7890625 0.5359375 0.790625 0.5375 0.790625 0.5390625 0.7921875 0.5390625 0.79375 0.54375 0.79375 0.54375 0.7890625 0.5453125 0.7875 0.5453125 0.7796875 0.5359375 0.7796875 0.534375 0.778125 0.534375 0.7765625 0.5359375 0.775 0.54375 0.775 0.54375 0.7734375 0.5453125 0.771875 0.5453125 0.7671875 0.54375 0.765625 0.54375 0.7640625
1 0.421875 0.7640625 0.421875 0.7671875 0.4390625 0.7671875 0.4390625 0.7640625
1 0.5296875 0.75625 0.5296875 0.7578125 0.54375 0.7578125 0.54375 0.75625
1 0.44375 0.753125 0.44375 0.7546875 0.4453125 0.7546875 0.4453125 0.753125
1 0.4140625 0.75 0.4140625 0.7515625 0.4125 0.753125 0.4109375 0.753125 0.4109375 0.7546875 0.415625 0.7546875 0.4171875 0.75625 0.4171875 0.7578125 0.4359375 0.7578125 0.4359375 0.75625 0.425 0.75625 0.4234375 0.7546875 0.4234375 0.75
1 0.5234375 0.746875 0.5234375 0.7484375 0.53125 0.7484375 0.5328125 0.75 0.5328125 0.7515625 0.534375 0.7515625 0.534375 0.746875
1 0.559375 0.740625 0.559375 0.7421875 0.5609375 0.7421875 0.5625 0.74375 0.5625 0.7484375 0.5609375 0.75 0.559375 0.75 0.5578125 0.7484375 0.5578125 0.746875 0.553125 0.746875 0.553125 0.7609375 0.5546875 0.7609375 0.55625 0.759375 0.5609375 0.759375 0.5625 0.7609375 0.5625 0.7640625 0.5609375 0.765625 0.55625 0.765625 0.55625 0.771875 0.5546875 0.7734375 0.553125 0.7734375 0.553125 0.775 0.5671875 0.775 0.56875 0.7765625 0.56875 0.784375 0.590625 0.784375 0.590625 0.7828125 0.5890625 0.7828125 0.5875 0.78125 0.5875 0.7734375 0.5890625 0.771875 0.6 0.771875 0.6 0.7703125 0.5984375 0.7703125 0.596875 0.76875 0.596875 0.759375 0.5953125 0.759375 0.59375 0.7578125 0.59375 0.753125 0.5921875 0.753125 0.590625 0.7515625 0.590625 0.746875 0.5859375 0.746875 0.584375 0.7453125 0.584375 0.74375 0.5828125 0.74375 0.58125 0.7421875 0.58125 0.740625
1 0.4046875 0.7296875 0.4046875 0.73125 0.403125 0.7328125 0.4015625 0.7328125 0.4015625 0.7390625 0.403125 0.7390625 0.4046875 0.740625 0.4046875 0.7453125 0.41875 0.7453125 0.41875 0.74375 0.4203125 0.7421875 0.4265625 0.7421875 0.4265625 0.7375 0.425 0.7375 0.4234375 0.7359375 0.4234375 0.734375 0.421875 0.734375 0.41875 0.73125 0.41875 0.7296875
1 0.68125 0.696875 0.68125 0.6984375 0.6828125 0.6984375 0.6828125 0.696875
1 0.7109375 0.675 0.7109375 0.6765625 0.709375 0.678125 0.69375 0.678125 0.69375 0.6859375 0.6921875 0.6875 0.690625 0.6875 0.690625 0.6890625 0.6921875 0.6890625 0.6921875 0.6875 0.69375 0.6859375 0.7125 0.6859375 0.7140625 0.6875 0.7140625 0.6984375 0.7125 0.7 0.7046875 0.7 0.7046875 0.70625 0.715625 0.70625 0.715625 0.703125 0.7171875 0.7015625 0.725 0.7015625 0.7265625 0.7 0.73125 0.7 0.73125 0.696875 0.7265625 0.696875 0.725 0.6953125 0.725 0.69375 0.7265625 0.6921875 0.73125 0.6921875 0.73125 0.690625 0.7328125 0.6890625 0.7328125 0.684375 0.734375 0.6828125 0.7390625 0.6828125 0.7390625 0.68125 0.7265625 0.68125 0.725 0.6796875 0.725 0.678125 0.7234375 0.678125 0.721875 0.6765625 0.721875 0.675
1 0.7375 0.6421875 0.7375 0.646875 0.7359375 0.6484375 0.7265625 0.6484375 0.725 0.646875 0.725 0.6453125 0.7109375 0.6453125 0.7109375 0.65 0.709375 0.6515625 0.7046875 0.6515625 0.7046875 0.653125 0.73125 0.653125 0.7328125 0.6546875 0.7328125 0.659375 0.73125 0.6609375 0.7296875 0.6609375 0.7296875 0.6703125 0.73125 0.6703125 0.7328125 0.671875 0.7328125 0.6734375 0.7390625 0.6734375 0.740625 0.675 0.740625 0.6765625 0.7484375 0.6765625 0.7484375 0.6734375 0.740625 0.6734375 0.7390625 0.671875 0.7390625 0.66875 0.740625 0.6671875 0.7421875 0.6671875 0.7421875 0.6609375 0.74375 0.659375 0.7484375 0.659375 0.7484375 0.6578125 0.74375 0.6578125 0.7421875 0.65625 0.7421875 0.6546875 0.74375 0.653125 0.7453125 0.653125 0.7453125 0.6515625 0.746875 0.65 0.7484375 0.65 0.7484375 0.6484375 0.75 0.646875 0.7515625 0.646875 0.7515625 0.6453125 0.75 0.6453125 0.7484375 0.64375 0.7484375 0.6421875
