1 0.5125 0.8421875 0.5125 0.84375 0.515625 0.84375 0.5171875 0.8453125 0.5171875 0.846875 0.521875 0.846875 0.521875 0.8421875
1 0.5421875 0.7953125 0.5421875 0.8015625 0.54375 0.8015625 0.5453125 0.803125 0.5453125 0.8109375 0.546875 0.8125 0.546875 0.8203125 0.5484375 0.8203125 0.55 0.821875 0.55 0.8234375 0.5546875 0.8234375 0.55625 0.825 0.55625 0.8265625 0.5640625 0.8265625 0.5640625 0.825 0.565625 0.8234375 0.5671875 0.8234375 0.5671875 0.81875 0.56875 0.8171875 0.5765625 0.8171875 0.5765625 0.815625 0.56875 0.815625 0.5671875 0.8140625 0.5671875 0.803125 0.565625 0.803125 0.5640625 0.8015625 0.5640625 0.796875 0.55 0.796875 0.5484375 0.7953125
1 0.5453125 0.7671875 0.5453125 0.76875 0.5578125 0.76875 0.5578125 0.7671875
1 0.4140625 0.7640625 0.4140625 0.7671875 0.41875 0.7671875 0.4203125 0.76875 0.4328125 0.76875 0.4328125 0.7671875 0.428125 0.7671875 0.4265625 0.765625 0.4203125 0.765625 0.41875 0.7640625
1 0.425 0.753125 0.425 0.7578125 0.4359375 0.7578125 0.4359375 0.75625 0.434375 0.75625 0.4328125 0.7546875 0.4328125 0.753125
1 0.5390625 0.74375 0.5390625 0.7484375 0.5375 0.75 0.5328125 0.75 0.5328125 0.7515625 0.5375 0.7515625 0.5375 0.75 0.5390625 0.7484375 0.540625 0.7484375 0.540625 0.74375
1 0.6609375 0.7328125 0.6609375 0.7359375 0.659375 0.7375 0.6546875 0.7375 0.6546875 0.7390625 0.665625 0.7390625 0.6671875 0.740625 0.6671875 0.7453125 0.665625 0.746875 0.6609375 0.746875 0.659375 0.7453125 0.659375 0.74375 0.63125 0.74375 0.6296875 0.7421875 0.6296875 0.7375 0.625 0.7375 0.625 0.7453125 0.646875 0.7453125 0.6484375 0.746875 0.6484375 0.7484375 0.6734375 0.7484375 0.675 0.75 0.675 0.7515625 0.6859375 0.7515625 0.6859375 0.740625 0.684375 0.740625 0.6828125 0.7390625 0.6828125 0.734375 0.6671875 0.734375 0.665625 0.7328125
1 0.3921875 0.7265625 0.3921875 0.728125 0.390625 0.7296875 0.390625 0.73125 0.3890625 0.7328125 0.38125 0.7328125 0.3796875 0.73125 0.378125 0.73125 0.378125 0.734375 0.3796875 0.734375 0.38125 0.7359375 0.38125 0.7390625 0.3796875 0.740625 0.375 0.740625 0.375 0.7421875 0.3890625 0.7421875 0.390625 0.74375 0.390625 0.7453125 0.403125 0.7453125 0.403125 0.7375 0.4046875 0.7359375 0.409375 0.7359375 0.4109375 0.7375 0.4125 0.7375 0.4140625 0.7390625 0.415625 0.7390625 0.4171875 0.7375 0.41875 0.7375 0.41875 0.734375 0.4171875 0.734375 0.415625 0.7359375 0.4140625 0.7359375 0.4125 0.734375 0.4109375 0.734375 0.409375 0.7328125 0.409375 0.73125 0.4109375 0.7296875 0.4125 0.7296875 0.4125 0.7265625
1 0.309375 0.690625 0.309375 0.6953125 0.3203125 0.6953125 0.3203125 0.69375 0.31875 0.69375 0.3171875 0.6921875 0.3171875 0.690625
1 0.375 0.6640625 0.375 0.6703125 0.3734375 0.671875 0.3578125 0.671875 0.35625 0.6703125 0.3484375 0.6703125 0.346875 0.66875 0.3328125 0.66875 0.3328125 0.671875 0.346875 0.671875 0.3484375 0.6734375 0.35625 0.6734375 0.3578125 0.675 0.3734375 0.675 0.375 0.6765625 0.3828125 0.6765625 0.3828125 0.6734375 0.384375 0.671875 0.3859375 0.671875 0.3859375 0.66875 0.384375 0.66875 0.3828125 0.6671875 0.38125 0.6671875 0.3796875 0.665625 0.3796875 0.6640625
1 0.7375 0.628125 0.7375 0.6328125 0.7578125 0.6328125 0.759375 0.634375 0.759375 0.6359375 0.7609375 0.6359375 0.7625 0.6375 0.765625 0.6375 0.7671875 0.6390625 0.7671875 0.6421875 0.765625 0.64375 0.7625 0.64375 0.7625 0.646875 0.7609375 0.6484375 0.753125 0.6484375 0.7515625 0.646875 0.7515625 0.6453125 0.74375 0.6453125 0.74375 0.65625 0.7453125 0.65625 0.746875 0.6578125 0.746875 0.659375 0.7515625 0.659375 0.7515625 0.6546875 0.753125 0.653125 0.7578125 0.653125 0.759375 0.6546875 0.759375 0.65625 0.765625 0.65625 0.765625 0.6546875 0.7671875 0.653125 0.775 0.653125 0.775 0.6484375 0.7703125 0.6484375 0.76875 0.646875 0.76875 0.6453125 0.7703125 0.64375 0.778125 0.64375 0.778125 0.6421875 0.7765625 0.6421875 0.775 0.640625 0.7734375 0.640625 0.771875 0.6390625 0.771875 0.6375 0.7734375 0.6359375 0.784375 0.6359375 0.7859375 0.6375 0.7875 0.6375 0.7875 0.634375 0.7703125 0.634375 0.76875 0.6328125 0.76875 0.63125 0.740625 0.63125 0.7390625 0.6296875 0.7390625 0.628125
