1 0.509375 0.8390625 0.509375 0.840625 0.515625 0.840625 0.515625 0.8390625
1 0.5234375 0.8328125 0.5234375 0.834375 0.525 0.834375 0.5265625 0.8359375 0.5265625 0.8375 0.528125 0.8375 0.5296875 0.8390625 0.5296875 0.840625 0.534375 0.840625 0.5359375 0.8421875 0.5359375 0.84375 0.534375 0.8453125 0.5328125 0.8453125 0.5328125 0.85 0.5515625 0.85 0.5515625 0.8453125 0.553125 0.84375 0.5546875 0.84375 0.5546875 0.8421875 0.55 0.8421875 0.5484375 0.840625 0.5484375 0.8328125
1 0.4734375 0.7859375 0.4734375 0.7875 0.475 0.7875 0.4765625 0.7890625 0.4765625 0.790625 0.478125 0.790625 0.4796875 0.7921875 0.4796875 0.79375 0.4828125 0.79375 0.4828125 0.7859375
1 0.4703125 0.7796875 0.4703125 0.78125 0.471875 0.78125 0.471875 0.7796875
1 0.421875 0.759375 0.421875 0.7609375 0.4203125 0.7625 0.41875 0.7609375 0.4140625 0.7609375 0.4140625 0.7640625 0.41875 0.7640625 0.4203125 0.765625 0.4234375 0.765625 0.4234375 0.7625 0.425 0.7609375 0.4296875 0.7609375 0.43125 0.7625 0.4390625 0.7625 0.440625 0.7640625 0.4453125 0.7640625 0.4453125 0.7609375 0.440625 0.7609375 0.4390625 0.759375
1 0.6484375 0.746875 0.6484375 0.7484375 0.659375 0.7484375 0.659375 0.746875
1 0.6671875 0.73125 0.6671875 0.7328125 0.6703125 0.7328125 0.671875 0.734375 0.6734375 0.734375 0.6765625 0.7375 0.6765625 0.7390625 0.675 0.740625 0.671875 0.740625 0.6703125 0.7390625 0.6671875 0.7390625 0.665625 0.7375 0.6578125 0.7375 0.6578125 0.7390625 0.659375 0.7390625 0.6609375 0.740625 0.6609375 0.7421875 0.6796875 0.7421875 0.68125 0.74375 0.68125 0.7484375 0.6796875 0.75 0.678125 0.75 0.678125 0.7515625 0.6921875 0.7515625 0.69375 0.753125 0.69375 0.7546875 0.703125 0.7546875 0.703125 0.753125 0.7046875 0.7515625 0.70625 0.7515625 0.70625 0.74375 0.7078125 0.7421875 0.709375 0.7421875 0.709375 0.7375 0.7 0.7375 0.6984375 0.7359375 0.6984375 0.734375 0.69375 0.734375 0.6921875 0.7328125 0.675 0.7328125 0.6734375 0.73125
1 0.30625 0.678125 0.30625 0.6796875 0.3078125 0.6796875 0.309375 0.68125 0.309375 0.6828125 0.3140625 0.6828125 0.3140625 0.678125
1 0.3390625 0.6703125 0.3390625 0.6734375 0.346875 0.6734375 0.3484375 0.675 0.3640625 0.675 0.3640625 0.671875 0.3484375 0.671875 0.346875 0.6703125
1 0.3625 0.6609375 0.3625 0.6625 0.3609375 0.6640625 0.3484375 0.6640625 0.3484375 0.665625 0.3578125 0.665625 0.359375 0.6671875 0.3640625 0.6671875 0.365625 0.66875 0.3734375 0.66875 0.3734375 0.6671875 0.375 0.665625 0.3765625 0.665625 0.3765625 0.6609375
1 0.7703125 0.6375 0.7703125 0.64375 0.76875 0.6453125 0.759375 0.6453125 0.759375 0.646875 0.76875 0.646875 0.7703125 0.6484375 0.7703125 0.65 0.775 0.65 0.7765625 0.6515625 0.7765625 0.653125 0.775 0.6546875 0.759375 0.6546875 0.7578125 0.653125 0.7578125 0.6515625 0.75625 0.6515625 0.75625 0.65625 0.778125 0.65625 0.778125 0.6546875 0.7796875 0.653125 0.784375 0.653125 0.784375 0.6484375 0.7859375 0.646875 0.79375 0.646875 0.79375 0.6453125 0.7953125 0.64375 0.8015625 0.64375 0.8015625 0.6421875 0.803125 0.640625 0.8046875 0.640625 0.8046875 0.6375 0.796875 0.6375 0.796875 0.6390625 0.7953125 0.640625 0.7765625 0.640625 0.775 0.6390625 0.775 0.6375
