1 0.55 0.8125 0.55 0.8171875 0.5578125 0.8171875 0.5578125 0.8125
1 0.553125 0.8 0.553125 0.8046875 0.5578125 0.8046875 0.5578125 0.8
1 0.55625 0.7640625 0.55625 0.7671875 0.5640625 0.7671875 0.5640625 0.7640625
1 0.4484375 0.75625 0.4484375 0.7609375 0.4515625 0.7609375 0.4515625 0.75625
1 0.425 0.753125 0.425 0.7546875 0.4234375 0.75625 0.421875 0.75625 0.421875 0.7578125 0.4265625 0.7578125 0.428125 0.759375 0.428125 0.7609375 0.4265625 0.7625 0.421875 0.7625 0.421875 0.771875 0.4296875 0.771875 0.4296875 0.7625 0.43125 0.7609375 0.4359375 0.7609375 0.4359375 0.75625 0.434375 0.75625 0.4328125 0.7546875 0.4328125 0.753125
1 0.628125 0.746875 0.628125 0.7484375 0.6359375 0.7484375 0.6359375 0.746875
1 0.634375 0.7375 0.634375 0.7390625 0.6359375 0.7390625 0.6375 0.740625 0.6375 0.7421875 0.65 0.7421875 0.65 0.740625 0.6421875 0.740625 0.640625 0.7390625 0.640625 0.7375
1 0.390625 0.7296875 0.390625 0.73125 0.3890625 0.7328125 0.384375 0.7328125 0.384375 0.7421875 0.3890625 0.7421875 0.390625 0.74375 0.390625 0.7453125 0.39375 0.7453125 0.39375 0.740625 0.3953125 0.7390625 0.4 0.7390625 0.4015625 0.740625 0.4015625 0.7421875 0.4125 0.7421875 0.4125 0.740625 0.4140625 0.7390625 0.4203125 0.7390625 0.421875 0.740625 0.421875 0.7421875 0.4265625 0.7421875 0.428125 0.74375 0.428125 0.7453125 0.4421875 0.7453125 0.4421875 0.74375 0.440625 0.74375 0.4390625 0.7421875 0.4390625 0.740625 0.421875 0.740625 0.4203125 0.7390625 0.4203125 0.7359375 0.4140625 0.7359375 0.4125 0.734375 0.4109375 0.734375 0.409375 0.7328125 0.4078125 0.7328125 0.40625 0.73125 0.40625 0.7296875
1 0.671875 0.7265625 0.671875 0.728125 0.6703125 0.7296875 0.6703125 0.7328125 0.6734375 0.7328125 0.675 0.734375 0.675 0.7421875 0.6734375 0.74375 0.671875 0.74375 0.671875 0.7453125 0.6828125 0.7453125 0.6828125 0.740625 0.68125 0.740625 0.6796875 0.7390625 0.6796875 0.7265625
1 0.371875 0.6703125 0.3703125 0.671875 0.365625 0.671875 0.365625 0.6796875 0.3765625 0.6796875 0.3765625 0.678125 0.378125 0.6765625 0.3828125 0.6765625 0.3828125 0.6734375 0.378125 0.6734375 0.3765625 0.671875 0.3765625 0.6703125
1 0.7609375 0.6390625 0.7609375 0.6421875 0.7625 0.64375 0.7625 0.646875 0.7609375 0.6484375 0.753125 0.6484375 0.753125 0.653125 0.7578125 0.653125 0.759375 0.6546875 0.759375 0.65625 0.7609375 0.65625 0.7609375 0.6515625 0.7625 0.65 0.7640625 0.65 0.7640625 0.6484375 0.765625 0.646875 0.771875 0.646875 0.771875 0.6453125 0.7671875 0.6453125 0.765625 0.64375 0.765625 0.6421875 0.7640625 0.640625 0.7625 0.640625
1 0.7671875 0.634375 0.7671875 0.6359375 0.76875 0.6359375 0.7703125 0.6375 0.7703125 0.6390625 0.771875 0.6390625 0.7734375 0.640625 0.78125 0.640625 0.78125 0.6375 0.7828125 0.6359375 0.784375 0.6359375 0.7859375 0.6375 0.7875 0.6375 0.7875 0.634375
