1 0.571875 0.7828125 0.571875 0.784375 0.5734375 0.7859375 0.5734375 0.7875 0.5765625 0.7875 0.5765625 0.7859375 0.575 0.784375 0.575 0.7828125
1 0.5953125 0.746875 0.5953125 0.7484375 0.596875 0.7484375 0.596875 0.746875
1 0.5453125 0.740625 0.5453125 0.7421875 0.5640625 0.7421875 0.565625 0.74375 0.565625 0.7484375 0.5640625 0.75 0.55625 0.75 0.55625 0.7515625 0.5609375 0.7515625 0.5625 0.753125 0.5625 0.7546875 0.5609375 0.75625 0.559375 0.75625 0.559375 0.7578125 0.5640625 0.7578125 0.565625 0.759375 0.565625 0.7609375 0.5640625 0.7625 0.559375 0.7625 0.5578125 0.7609375 0.55625 0.7609375 0.55625 0.7640625 0.5578125 0.7640625 0.559375 0.765625 0.559375 0.771875 0.5609375 0.771875 0.5625 0.7734375 0.5625 0.775 0.5640625 0.775 0.565625 0.7765625 0.565625 0.778125 0.578125 0.778125 0.578125 0.7734375 0.5796875 0.771875 0.584375 0.771875 0.5859375 0.7734375 0.5859375 0.775 0.590625 0.775 0.590625 0.7671875 0.5921875 0.765625 0.596875 0.765625 0.596875 0.759375 0.5953125 0.759375 0.59375 0.7578125 0.59375 0.75625 0.5859375 0.75625 0.584375 0.7546875 0.584375 0.75 0.5859375 0.7484375 0.5875 0.7484375 0.5875 0.746875 0.571875 0.746875 0.5703125 0.7453125 0.5703125 0.740625
1 0.5796875 0.73125 0.5796875 0.734375 0.58125 0.734375 0.58125 0.73125
1 0.565625 0.7296875 0.565625 0.73125 0.5703125 0.73125 0.5703125 0.7296875
1 0.4046875 0.7296875 0.4046875 0.7328125 0.403125 0.734375 0.4015625 0.734375 0.4 0.7359375 0.3953125 0.7359375 0.3953125 0.7390625 0.4 0.7390625 0.4015625 0.740625 0.4015625 0.7421875 0.403125 0.7421875 0.4046875 0.74375 0.4046875 0.7453125 0.4234375 0.7453125 0.4234375 0.74375 0.425 0.7421875 0.4296875 0.7421875 0.4296875 0.7390625 0.43125 0.7375 0.4328125 0.7375 0.4328125 0.734375 0.425 0.734375 0.4234375 0.7328125 0.4140625 0.7328125 0.4125 0.73125 0.4125 0.7296875
1 0.5203125 0.7234375 0.5203125 0.725 0.528125 0.725 0.528125 0.7234375
1 0.6875 0.7171875 0.6875 0.71875 0.6953125 0.71875 0.696875 0.7203125 0.696875 0.721875 0.6984375 0.721875 0.6984375 0.7171875
1 0.678125 0.7171875 0.678125 0.71875 0.6828125 0.71875 0.6828125 0.7171875
1 0.5859375 0.678125 0.5859375 0.6828125 0.5875 0.6828125 0.5875 0.678125
1 0.5765625 0.671875 0.5765625 0.675 0.578125 0.6765625 0.58125 0.6765625 0.58125 0.675 0.5796875 0.6734375 0.578125 0.6734375
1 0.703125 0.6453125 0.703125 0.65 0.7015625 0.6515625 0.6875 0.6515625 0.6875 0.653125 0.70625 0.653125 0.7078125 0.6546875 0.7078125 0.659375 0.7125 0.659375 0.7140625 0.6609375 0.7140625 0.6625 0.71875 0.6625 0.7203125 0.6640625 0.7203125 0.66875 0.71875 0.6703125 0.7109375 0.6703125 0.709375 0.671875 0.7046875 0.671875 0.7046875 0.6734375 0.703125 0.675 0.7 0.675 0.7 0.6765625 0.6984375 0.678125 0.696875 0.678125 0.696875 0.6796875 0.6953125 0.68125 0.69375 0.68125 0.69375 0.6828125 0.6921875 0.684375 0.684375 0.684375 0.684375 0.6921875 0.6828125 0.69375 0.68125 0.69375 0.6796875 0.6921875 0.6796875 0.690625 0.671875 0.690625 0.671875 0.6953125 0.6703125 0.696875 0.6671875 0.696875 0.6671875 0.703125 0.6953125 0.703125 0.696875 0.7046875 0.696875 0.70625 0.6984375 0.70625 0.7 0.7078125 0.7 0.7125 0.715625 0.7125 0.715625 0.7109375 0.7171875 0.709375 0.725 0.709375 0.725 0.7046875 0.7265625 0.703125 0.728125 0.703125 0.728125 0.7 0.7296875 0.6984375 0.7328125 0.6984375 0.7328125 0.69375 0.734375 0.6921875 0.7421875 0.6921875 0.7421875 0.690625 0.74375 0.6890625 0.7453125 0.6890625 0.7453125 0.671875 0.74375 0.671875 0.7421875 0.6703125 0.740625 0.6703125 0.7390625 0.66875 0.7390625 0.665625 0.740625 0.6640625 0.7421875 0.6640625 0.7421875 0.6609375 0.740625 0.6609375 0.7390625 0.659375 0.7390625 0.6578125 0.740625 0.65625 0.7421875 0.65625 0.7421875 0.6484375 0.7078125 0.6484375 0.70625 0.646875 0.70625 0.6453125
