1 0.5484375 0.796875 0.5484375 0.8 0.5515625 0.8 0.553125 0.8015625 0.553125 0.8046875 0.5578125 0.8046875 0.5578125 0.8 0.553125 0.8 0.5515625 0.7984375 0.5515625 0.796875
1 0.5390625 0.79375 0.5375 0.7953125 0.5359375 0.7953125 0.5359375 0.8015625 0.54375 0.8015625 0.54375 0.8 0.5390625 0.8 0.5375 0.7984375 0.5375 0.796875 0.5390625 0.7953125 0.540625 0.7953125 0.540625 0.79375
1 0.4765625 0.7859375 0.4765625 0.7875 0.475 0.7890625 0.4734375 0.7890625 0.4734375 0.790625 0.48125 0.790625 0.48125 0.7859375
1 0.425 0.753125 0.425 0.7546875 0.4234375 0.75625 0.421875 0.75625 0.421875 0.7609375 0.4203125 0.7625 0.4203125 0.76875 0.421875 0.7703125 0.421875 0.771875 0.4296875 0.771875 0.43125 0.7734375 0.43125 0.775 0.4328125 0.775 0.4328125 0.7625 0.434375 0.7609375 0.4359375 0.7609375 0.4375 0.7625 0.4375 0.7640625 0.4421875 0.7640625 0.4421875 0.759375 0.44375 0.7578125 0.4484375 0.7578125 0.45 0.759375 0.45 0.7609375 0.45625 0.7609375 0.45625 0.75625 0.43125 0.75625 0.4296875 0.7546875 0.4296875 0.753125
1 0.634375 0.746875 0.634375 0.7515625 0.6375 0.7515625 0.6375 0.75 0.6390625 0.7484375 0.640625 0.7484375 0.640625 0.746875
1 0.6484375 0.740625 0.6484375 0.7421875 0.65 0.7421875 0.65 0.740625
1 0.6640625 0.734375 0.6640625 0.7375 0.665625 0.7375 0.665625 0.734375
1 0.390625 0.7296875 0.390625 0.73125 0.3890625 0.7328125 0.384375 0.7328125 0.384375 0.7390625 0.3859375 0.7390625 0.3875 0.740625 0.3875 0.7453125 0.39375 0.7453125 0.39375 0.740625 0.3953125 0.7390625 0.396875 0.7390625 0.3984375 0.740625 0.3984375 0.7421875 0.415625 0.7421875 0.415625 0.740625 0.4171875 0.7390625 0.4203125 0.7390625 0.4203125 0.7375 0.41875 0.7359375 0.4171875 0.7359375 0.415625 0.734375 0.4046875 0.734375 0.403125 0.7328125 0.403125 0.7296875
1 0.6734375 0.7265625 0.6734375 0.728125 0.671875 0.7296875 0.6703125 0.7296875 0.6703125 0.7328125 0.671875 0.734375 0.671875 0.7359375 0.6734375 0.7359375 0.675 0.7375 0.675 0.7453125 0.6828125 0.7453125 0.6828125 0.734375 0.675 0.734375 0.6734375 0.7328125 0.6734375 0.7296875 0.675 0.728125 0.6765625 0.728125 0.6765625 0.7265625
1 0.30625 0.68125 0.30625 0.6859375 0.3078125 0.6859375 0.309375 0.6875 0.309375 0.6890625 0.3140625 0.6890625 0.315625 0.690625 0.315625 0.6921875 0.3140625 0.69375 0.3125 0.69375 0.3125 0.6953125 0.3265625 0.6953125 0.3265625 0.69375 0.328125 0.6921875 0.334375 0.6921875 0.334375 0.690625 0.328125 0.690625 0.3265625 0.6890625 0.3265625 0.6875 0.31875 0.6875 0.3171875 0.6859375 0.3171875 0.68125 0.315625 0.68125 0.315625 0.6828125 0.3140625 0.684375 0.3125 0.684375 0.3109375 0.6828125 0.3109375 0.68125
1 0.3546875 0.6640625 0.3546875 0.665625 0.3609375 0.665625 0.3625 0.6671875 0.3625 0.6703125 0.3609375 0.671875 0.3578125 0.671875 0.3578125 0.6765625 0.359375 0.678125 0.359375 0.6796875 0.3765625 0.6796875 0.3765625 0.678125 0.378125 0.6765625 0.3828125 0.6765625 0.3828125 0.6703125 0.365625 0.6703125 0.3640625 0.66875 0.3640625 0.6640625
1 0.759375 0.63125 0.759375 0.6359375 0.7609375 0.6359375 0.7625 0.6375 0.7625 0.646875 0.7609375 0.6484375 0.753125 0.6484375 0.753125 0.65 0.7515625 0.6515625 0.746875 0.6515625 0.746875 0.653125 0.7546875 0.653125 0.75625 0.6546875 0.75625 0.65625 0.765625 0.65625 0.765625 0.6546875 0.7671875 0.653125 0.771875 0.653125 0.771875 0.6484375 0.7734375 0.646875 0.775 0.646875 0.7765625 0.6484375 0.7765625 0.65 0.78125 0.65 0.78125 0.646875 0.7796875 0.646875 0.778125 0.6453125 0.778125 0.6421875 0.7796875 0.640625 0.784375 0.640625 0.784375 0.6390625 0.7859375 0.6375 0.7875 0.6375 0.7875 0.634375 0.7671875 0.634375 0.765625 0.6328125 0.765625 0.63125
