1 0.50625 0.859375 0.50625 0.8625 0.515625 0.8625 0.515625 0.859375
1 0.5953125 0.821875 0.5953125 0.8234375 0.59375 0.825 0.5890625 0.825 0.5875 0.8265625 0.5828125 0.8265625 0.5828125 0.8296875 0.5875 0.8296875 0.5890625 0.828125 0.603125 0.828125 0.6046875 0.8265625 0.60625 0.8265625 0.60625 0.825 0.6046875 0.8234375 0.603125 0.825 0.6015625 0.825 0.6 0.8234375 0.6 0.821875
1 0.60625 0.81875 0.60625 0.8203125 0.609375 0.8203125 0.609375 0.81875
1 0.5359375 0.7921875 0.5359375 0.79375 0.54375 0.79375 0.54375 0.7921875
1 0.4671875 0.7828125 0.4671875 0.784375 0.471875 0.784375 0.4734375 0.7859375 0.4734375 0.7875 0.471875 0.7890625 0.4703125 0.7890625 0.4703125 0.790625 0.475 0.790625 0.4765625 0.7921875 0.4765625 0.79375 0.4890625 0.79375 0.4890625 0.7921875 0.490625 0.790625 0.4921875 0.790625 0.4921875 0.7890625 0.490625 0.7890625 0.4890625 0.7875 0.4890625 0.7859375 0.490625 0.784375 0.4953125 0.784375 0.4953125 0.7828125
1 0.55 0.7796875 0.55 0.78125 0.5484375 0.7828125 0.5234375 0.7828125 0.5234375 0.784375 0.53125 0.784375 0.5328125 0.7859375 0.5328125 0.7875 0.5546875 0.7875 0.5546875 0.7859375 0.55625 0.784375 0.5578125 0.784375 0.559375 0.7859375 0.559375 0.7875 0.5609375 0.7875 0.5609375 0.7859375 0.559375 0.7859375 0.5578125 0.784375 0.5578125 0.7796875
1 0.5828125 0.7765625 0.5828125 0.778125 0.584375 0.778125 0.584375 0.7765625
1 0.5734375 0.7703125 0.5734375 0.771875 0.5765625 0.771875 0.5765625 0.7703125
1 0.4078125 0.7671875 0.4078125 0.76875 0.4125 0.76875 0.4125 0.7671875
1 0.5859375 0.759375 0.584375 0.7609375 0.5828125 0.7609375 0.5828125 0.7625 0.584375 0.7625 0.5859375 0.7640625 0.5859375 0.765625 0.584375 0.7671875 0.5828125 0.7671875 0.5828125 0.7703125 0.584375 0.7703125 0.5859375 0.771875 0.603125 0.771875 0.603125 0.7703125 0.6015625 0.7703125 0.6 0.76875 0.6 0.765625 0.6015625 0.7640625 0.603125 0.7640625 0.6046875 0.7625 0.60625 0.7625 0.60625 0.759375
1 0.5796875 0.696875 0.5796875 0.6984375 0.58125 0.6984375 0.5828125 0.7 0.5828125 0.7015625 0.58125 0.703125 0.5796875 0.703125 0.5796875 0.7046875 0.58125 0.7046875 0.5828125 0.703125 0.6 0.703125 0.6 0.7015625 0.6015625 0.7 0.603125 0.7 0.603125 0.696875 0.5921875 0.696875 0.5921875 0.6984375 0.590625 0.7 0.5828125 0.7 0.58125 0.6984375 0.58125 0.696875
1 0.5890625 0.68125 0.5890625 0.6828125 0.5875 0.684375 0.5859375 0.684375 0.5859375 0.6890625 0.584375 0.690625 0.5828125 0.690625 0.5828125 0.6921875 0.584375 0.6921875 0.584375 0.690625 0.5859375 0.6890625 0.5875 0.6890625 0.5875 0.6875 0.5890625 0.6859375 0.590625 0.6859375 0.590625 0.68125
1 0.7171875 0.6578125 0.7171875 0.659375 0.71875 0.659375 0.7203125 0.6609375 0.7203125 0.6625 0.7421875 0.6625 0.7421875 0.6609375 0.74375 0.659375 0.7453125 0.659375 0.7453125 0.6578125 0.7328125 0.6578125 0.7328125 0.659375 0.73125 0.6609375 0.7203125 0.6609375 0.71875 0.659375 0.71875 0.6578125
1 0.7640625 0.628125 0.7640625 0.6296875 0.7671875 0.6296875 0.7671875 0.628125
1 0.7 0.628125 0.7 0.6328125 0.7421875 0.6328125 0.7421875 0.63125 0.7390625 0.63125 0.7375 0.6296875 0.7375 0.628125 0.734375 0.628125 0.734375 0.6296875 0.7328125 0.63125 0.7296875 0.63125 0.728125 0.6296875 0.728125 0.628125
