1 0.553125 0.7703125 0.553125 0.771875 0.5515625 0.7734375 0.55 0.7734375 0.55 0.775 0.5609375 0.775 0.5609375 0.7734375 0.5625 0.771875 0.5640625 0.771875 0.5640625 0.7703125
1 0.4796875 0.7609375 0.4796875 0.7640625 0.4890625 0.7640625 0.4890625 0.7609375
1 0.6484375 0.759375 0.6484375 0.7609375 0.653125 0.7609375 0.6546875 0.7625 0.6546875 0.7640625 0.653125 0.765625 0.6484375 0.765625 0.6484375 0.76875 0.6625 0.76875 0.6625 0.7625 0.6640625 0.7609375 0.665625 0.7609375 0.665625 0.759375
1 0.5234375 0.753125 0.5234375 0.7609375 0.521875 0.7625 0.5203125 0.7625 0.5203125 0.765625 0.53125 0.765625 0.5328125 0.7640625 0.534375 0.7640625 0.534375 0.753125
1 0.628125 0.75 0.628125 0.7515625 0.6328125 0.7515625 0.6328125 0.75
1 0.440625 0.7265625 0.440625 0.728125 0.4453125 0.728125 0.4453125 0.7265625
1 0.375 0.7203125 0.375 0.721875 0.3796875 0.721875 0.3796875 0.7203125
1 0.6640625 0.7078125 0.6640625 0.7125 0.665625 0.7125 0.6671875 0.7140625 0.6671875 0.725 0.6765625 0.725 0.6765625 0.7234375 0.675 0.7234375 0.6734375 0.721875 0.6734375 0.7203125 0.675 0.71875 0.6765625 0.71875 0.6765625 0.7140625 0.6703125 0.7140625 0.66875 0.7125 0.66875 0.7109375 0.6703125 0.709375 0.6703125 0.7078125
1 0.3546875 0.7 0.353125 0.7015625 0.3515625 0.7015625 0.3515625 0.7046875 0.353125 0.7046875 0.3546875 0.703125 0.3640625 0.703125 0.3640625 0.7
1 0.5953125 0.684375 0.5953125 0.6859375 0.59375 0.6875 0.5921875 0.6875 0.5921875 0.6890625 0.603125 0.6890625 0.603125 0.6875 0.6046875 0.6859375 0.60625 0.6859375 0.60625 0.684375
1 0.575 0.6390625 0.575 0.6421875 0.584375 0.6421875 0.584375 0.6390625
1 0.6421875 0.628125 0.6421875 0.6359375 0.646875 0.6359375 0.6484375 0.6375 0.6484375 0.6390625 0.653125 0.6390625 0.653125 0.6375 0.6546875 0.6359375 0.65625 0.6359375 0.65625 0.63125 0.6546875 0.63125 0.653125 0.6296875 0.653125 0.628125
1 0.5984375 0.6125 0.5984375 0.6140625 0.6140625 0.6140625 0.6140625 0.6125
1 0.5328125 0.5890625 0.5328125 0.59375 0.5375 0.59375 0.5390625 0.5953125 0.5390625 0.596875 0.5453125 0.596875 0.5453125 0.5953125 0.546875 0.59375 0.5484375 0.59375 0.5484375 0.5921875 0.546875 0.5921875 0.5453125 0.590625 0.5453125 0.5890625
1 0.4640625 0.5890625 0.4640625 0.590625 0.4828125 0.590625 0.4828125 0.5890625
1 0.4671875 0.5828125 0.4671875 0.584375 0.475 0.584375 0.475 0.5828125
