1 0.5505952380952381 0.7708333333333334 0.5505952380952381 0.7767857142857143 0.5595238095238095 0.7767857142857143 0.5595238095238095 0.7738095238095238 0.5625 0.7708333333333334
1 0.6517857142857143 0.7589285714285714 0.6547619047619048 0.7619047619047619 0.6577380952380952 0.7619047619047619 0.6607142857142857 0.7589285714285714 0.6636904761904762 0.7589285714285714
1 0.5208333333333334 0.7559523809523809 0.5238095238095238 0.7589285714285714 0.5238095238095238 0.7619047619047619 0.5208333333333334 0.7648809523809523 0.5208333333333334 0.7678571428571429 0.5327380952380952 0.7678571428571429 0.5357142857142857 0.7648809523809523 0.5357142857142857 0.7559523809523809
1 0.38095238095238093 0.7440476190476191 0.3898809523809524 0.7440476190476191
1 0.375 0.7172619047619048 0.36904761904761907 0.7232142857142857 0.38095238095238093 0.7232142857142857 0.38095238095238093 0.7202380952380952 0.38392857142857145 0.7172619047619048 0.3898809523809524 0.7172619047619048
1 0.6607142857142857 0.7083333333333334 0.6607142857142857 0.7142857142857143 0.6636904761904762 0.7172619047619048 0.6636904761904762 0.7202380952380952 0.6666666666666666 0.7232142857142857 0.6785714285714286 0.7232142857142857 0.6785714285714286 0.7202380952380952 0.6726190476190477 0.7142857142857143 0.6726190476190477 0.7113095238095238 0.6666666666666666 0.7113095238095238 0.6636904761904762 0.7083333333333334
1 0.4583333333333333 0.6577380952380952
1 0.3392857142857143 0.6577380952380952 0.33630952380952384 0.6607142857142857 0.3392857142857143 0.6636904761904762
1 0.5684523809523809 0.6339285714285714 0.5684523809523809 0.6398809523809523 0.5714285714285714 0.6428571428571429 0.5833333333333334 0.6428571428571429 0.5803571428571429 0.6398809523809523 0.5803571428571429 0.6339285714285714
1 0.6428571428571429 0.6309523809523809 0.6458333333333334 0.6339285714285714 0.6458333333333334 0.6369047619047619 0.6517857142857143 0.6369047619047619 0.6517857142857143 0.6339285714285714 0.6547619047619048 0.6309523809523809
1 0.6428571428571429 0.6220238095238095 0.6577380952380952 0.6220238095238095
1 0.46726190476190477 0.5744047619047619 0.47023809523809523 0.5744047619047619 0.4732142857142857 0.5773809523809523 0.47023809523809523 0.5803571428571429 0.4642857142857143 0.5803571428571429 0.46726190476190477 0.5833333333333334 0.4791666666666667 0.5833333333333334 0.4791666666666667 0.5773809523809523 0.47619047619047616 0.5773809523809523 0.4732142857142857 0.5744047619047619
