1 0.4671875 0.8 0.4671875 0.8078125 0.465625 0.809375 0.4609375 0.809375 0.4609375 0.8140625 0.471875 0.8140625 0.471875 0.803125 0.4703125 0.803125 0.46875 0.8015625 0.46875 0.8
1 0.565625 0.7828125 0.565625 0.784375 0.578125 0.784375 0.578125 0.7828125
1 0.575 0.7734375 0.575 0.775 0.5734375 0.7765625 0.571875 0.7765625 0.571875 0.778125 0.575 0.778125 0.575 0.7765625 0.5765625 0.775 0.578125 0.775 0.578125 0.7734375
1 0.5390625 0.7609375 0.5390625 0.7640625 0.5484375 0.7640625 0.5484375 0.7609375
1 0.509375 0.7609375 0.5078125 0.7625 0.5 0.7625 0.5 0.7640625 0.4984375 0.765625 0.496875 0.765625 0.4953125 0.7640625 0.49375 0.7640625 0.49375 0.7671875 0.4953125 0.7671875 0.496875 0.76875 0.5078125 0.76875 0.509375 0.7703125 0.5109375 0.7703125 0.5109375 0.7671875 0.509375 0.7671875 0.5078125 0.765625 0.5078125 0.7640625 0.509375 0.7625 0.5109375 0.7625 0.5109375 0.7609375
1 0.578125 0.7265625 0.578125 0.728125 0.590625 0.728125 0.590625 0.7265625
1 0.3921875 0.7171875 0.3921875 0.71875 0.39375 0.71875 0.3953125 0.7203125 0.3953125 0.721875 0.396875 0.721875 0.3984375 0.7234375 0.3984375 0.725 0.4125 0.725 0.4125 0.7203125 0.4109375 0.7203125 0.409375 0.71875 0.409375 0.7171875
1 0.365625 0.6875 0.365625 0.6890625 0.3640625 0.690625 0.3625 0.690625 0.3625 0.6921875 0.3609375 0.69375 0.359375 0.69375 0.359375 0.6984375 0.3609375 0.6984375 0.3625 0.696875 0.3640625 0.696875 0.365625 0.6984375 0.365625 0.7015625 0.3640625 0.703125 0.3625 0.703125 0.3609375 0.7046875 0.359375 0.7046875 0.359375 0.709375 0.3640625 0.709375 0.365625 0.7109375 0.365625 0.7125 0.3828125 0.7125 0.3828125 0.7109375 0.384375 0.709375 0.3890625 0.709375 0.3890625 0.7078125 0.3875 0.7078125 0.3859375 0.70625 0.3859375 0.703125 0.3875 0.7015625 0.3890625 0.7015625 0.3890625 0.7 0.3875 0.7 0.3859375 0.6984375 0.3859375 0.696875 0.3875 0.6953125 0.390625 0.6953125 0.390625 0.690625 0.3890625 0.6890625 0.3890625 0.6875
1 0.66875 0.684375 0.66875 0.6890625 0.6671875 0.690625 0.6671875 0.6921875 0.665625 0.69375 0.6609375 0.69375 0.6609375 0.703125 0.659375 0.7046875 0.6546875 0.7046875 0.6546875 0.70625 0.653125 0.7078125 0.6515625 0.7078125 0.6515625 0.7125 0.65 0.7140625 0.6421875 0.7140625 0.6421875 0.71875 0.640625 0.7203125 0.621875 0.7203125 0.621875 0.721875 0.6203125 0.7234375 0.6125 0.7234375 0.6125 0.728125 0.6265625 0.728125 0.628125 0.7296875 0.628125 0.7328125 0.6296875 0.7328125 0.63125 0.734375 0.63125 0.7359375 0.6625 0.7359375 0.6625 0.734375 0.6640625 0.7328125 0.66875 0.7328125 0.66875 0.7296875 0.6703125 0.728125 0.6703125 0.7265625 0.671875 0.725 0.6796875 0.725 0.6796875 0.7234375 0.6703125 0.7234375 0.66875 0.721875 0.66875 0.7203125 0.6703125 0.71875 0.6734375 0.71875 0.6734375 0.7140625 0.675 0.7125 0.6765625 0.7125 0.678125 0.7140625 0.678125 0.71875 0.6859375 0.71875 0.6875 0.7203125 0.6875 0.721875 0.6859375 0.7234375 0.684375 0.7234375 0.684375 0.725 0.6953125 0.725 0.6953125 0.7234375 0.696875 0.721875 0.7015625 0.721875 0.7015625 0.7203125 0.703125 0.71875 0.703125 0.7140625 0.7 0.7140625 0.6984375 0.7125 0.6984375 0.7078125 0.675 0.7078125 0.6734375 0.70625 0.6734375 0.7046875 0.671875 0.7046875 0.6703125 0.703125 0.6703125 0.690625 0.671875 0.6890625 0.671875 0.684375
1 0.565625 0.68125 0.565625 0.6859375 0.5765625 0.6859375 0.5765625 0.684375 0.575 0.684375 0.5734375 0.6828125 0.5734375 0.68125
1 0.734375 0.6578125 0.734375 0.659375 0.7328125 0.6609375 0.7328125 0.66875 0.7453125 0.66875 0.7453125 0.6609375 0.74375 0.6609375 0.7421875 0.659375 0.7421875 0.6578125
1 0.434375 0.5359375 0.434375 0.5375 0.4390625 0.5375 0.4390625 0.5359375
