1 0.5125 0.81875 0.5125 0.828125 0.515625 0.828125 0.515625 0.825 0.5171875 0.8234375 0.51875 0.8234375 0.51875 0.81875
1 0.5203125 0.7890625 0.5203125 0.790625 0.51875 0.7921875 0.5125 0.7921875 0.5125 0.79375 0.5109375 0.7953125 0.50625 0.7953125 0.5046875 0.796875 0.503125 0.796875 0.503125 0.8046875 0.5109375 0.8046875 0.5125 0.80625 0.5125 0.8078125 0.5140625 0.8078125 0.515625 0.809375 0.515625 0.8109375 0.51875 0.8109375 0.51875 0.80625 0.5171875 0.80625 0.515625 0.8046875 0.515625 0.803125 0.5171875 0.8015625 0.528125 0.8015625 0.528125 0.8 0.5234375 0.8 0.521875 0.7984375 0.521875 0.796875 0.5234375 0.7953125 0.528125 0.7953125 0.5234375 0.7953125 0.521875 0.79375 0.521875 0.7921875 0.5234375 0.790625 0.528125 0.790625 0.528125 0.7890625
1 0.4828125 0.7828125 0.4828125 0.784375 0.528125 0.784375 0.528125 0.7828125
1 0.446875 0.7734375 0.446875 0.775 0.4515625 0.775 0.453125 0.7765625 0.453125 0.778125 0.4625 0.778125 0.4640625 0.7796875 0.4640625 0.78125 0.471875 0.78125 0.471875 0.7796875 0.4640625 0.7796875 0.4625 0.778125 0.4625 0.7765625 0.4609375 0.7765625 0.459375 0.775 0.459375 0.7734375
1 0.4046875 0.759375 0.4046875 0.7625 0.409375 0.7625 0.4109375 0.7640625 0.4109375 0.7671875 0.409375 0.76875 0.4078125 0.76875 0.40625 0.7671875 0.4046875 0.7671875 0.4046875 0.7703125 0.40625 0.7703125 0.4078125 0.771875 0.4125 0.771875 0.4140625 0.7734375 0.4140625 0.775 0.415625 0.775 0.4171875 0.7765625 0.4171875 0.778125 0.4203125 0.778125 0.4203125 0.7765625 0.421875 0.775 0.4234375 0.775 0.4234375 0.7734375 0.425 0.771875 0.4421875 0.771875 0.4421875 0.7703125 0.44375 0.76875 0.4453125 0.76875 0.4453125 0.7671875 0.440625 0.7671875 0.4390625 0.765625 0.4203125 0.765625 0.41875 0.7640625 0.41875 0.7625 0.4203125 0.7609375 0.4203125 0.759375
1 0.63125 0.7234375 0.63125 0.725 0.6328125 0.725 0.6328125 0.7234375
1 0.6125 0.7234375 0.6125 0.725 0.6109375 0.7265625 0.6078125 0.7265625 0.6078125 0.7328125 0.6171875 0.7328125 0.6171875 0.7234375
1 0.2890625 0.7203125 0.2890625 0.721875 0.2875 0.7234375 0.2859375 0.7234375 0.2859375 0.73125 0.2875 0.73125 0.2890625 0.7328125 0.2984375 0.7328125 0.2984375 0.7296875 0.296875 0.7296875 0.2953125 0.728125 0.2953125 0.7265625 0.296875 0.725 0.3015625 0.725 0.3015625 0.7203125
1 0.6484375 0.7140625 0.6484375 0.715625 0.646875 0.7171875 0.6421875 0.7171875 0.6421875 0.71875 0.640625 0.7203125 0.6375 0.7203125 0.6375 0.721875 0.6390625 0.7234375 0.6390625 0.725 0.6375 0.7265625 0.6375 0.7296875 0.6359375 0.73125 0.634375 0.73125 0.634375 0.734375 0.6359375 0.734375 0.6375 0.7328125 0.6390625 0.7328125 0.640625 0.734375 0.640625 0.7359375 0.64375 0.7359375 0.64375 0.734375 0.6453125 0.7328125 0.646875 0.7328125 0.646875 0.7265625 0.6484375 0.725 0.65 0.725 0.65 0.7234375 0.6515625 0.721875 0.653125 0.721875 0.653125 0.7203125 0.6515625 0.7203125 0.65 0.71875 0.65 0.7171875 0.6515625 0.715625 0.653125 0.715625 0.653125 0.7140625
1 0.6453125 0.7078125 0.6453125 0.709375 0.65 0.709375 0.65 0.7078125
1 0.3296875 0.7046875 0.3296875 0.70625 0.328125 0.7078125 0.328125 0.7125 0.3375 0.7125 0.3375 0.7109375 0.3359375 0.7109375 0.334375 0.709375 0.334375 0.7078125 0.3359375 0.70625 0.340625 0.70625 0.340625 0.7046875
1 0.3453125 0.6671875 0.3453125 0.6703125 0.353125 0.6703125 0.3546875 0.671875 0.35625 0.671875 0.35625 0.66875 0.3546875 0.66875 0.353125 0.6671875
1 0.4796875 0.6546875 0.4796875 0.6625 0.478125 0.6640625 0.4765625 0.6640625 0.4765625 0.665625 0.475 0.6671875 0.4734375 0.6671875 0.4734375 0.66875 0.4890625 0.66875 0.4890625 0.6671875 0.490625 0.665625 0.4921875 0.665625 0.4921875 0.6640625 0.490625 0.6640625 0.4890625 0.6625 0.4890625 0.6578125 0.490625 0.65625 0.4921875 0.65625 0.4921875 0.6546875
1 0.359375 0.6484375 0.359375 0.653125 0.3578125 0.6546875 0.3578125 0.65625 0.35625 0.6578125 0.3515625 0.6578125 0.3515625 0.659375 0.35 0.6609375 0.3484375 0.6609375 0.3484375 0.6625 0.3609375 0.6625 0.3609375 0.6609375 0.3625 0.659375 0.3640625 0.659375 0.3640625 0.6578125 0.365625 0.65625 0.3703125 0.65625 0.3703125 0.6546875 0.371875 0.653125 0.3765625 0.653125 0.3765625 0.6515625 0.375 0.6515625 0.3734375 0.65 0.3734375 0.6484375
1 0.559375 0.5421875 0.559375 0.54375 0.5671875 0.54375 0.5671875 0.5421875
