1 0.5984375 0.8296875 0.5984375 0.834375 0.6 0.834375 0.6015625 0.8359375 0.6015625 0.8375 0.603125 0.8375 0.603125 0.8296875
1 0.56875 0.7828125 0.56875 0.784375 0.5671875 0.7859375 0.565625 0.7859375 0.565625 0.7875 0.5734375 0.7875 0.5734375 0.7859375 0.571875 0.7859375 0.5703125 0.784375 0.5703125 0.7828125
1 0.5625 0.7765625 0.5625 0.778125 0.5671875 0.778125 0.5671875 0.7765625
1 0.5859375 0.753125 0.5859375 0.7546875 0.590625 0.7546875 0.590625 0.753125
1 0.4578125 0.75 0.4578125 0.7578125 0.459375 0.7578125 0.459375 0.75
1 0.4546875 0.740625 0.4546875 0.7421875 0.45625 0.7421875 0.4578125 0.74375 0.4578125 0.7453125 0.4625 0.7453125 0.4625 0.740625
1 0.3953125 0.7234375 0.3953125 0.725 0.39375 0.7265625 0.3921875 0.7265625 0.3921875 0.728125 0.4 0.728125 0.4 0.7265625 0.4015625 0.725 0.403125 0.725 0.403125 0.7234375
1 0.68125 0.703125 0.68125 0.70625 0.6828125 0.70625 0.684375 0.7078125 0.684375 0.709375 0.6859375 0.709375 0.6875 0.7109375 0.6875 0.7125 0.6890625 0.7125 0.6890625 0.7109375 0.690625 0.709375 0.6921875 0.709375 0.6921875 0.703125
1 0.625 0.6875 0.625 0.6890625 0.6296875 0.6890625 0.6296875 0.6875
1 0.6078125 0.6546875 0.6078125 0.65625 0.6140625 0.65625 0.615625 0.6578125 0.615625 0.659375 0.6171875 0.659375 0.61875 0.6609375 0.61875 0.6625 0.6328125 0.6625 0.634375 0.6640625 0.634375 0.6828125 0.6390625 0.6828125 0.640625 0.684375 0.640625 0.6921875 0.6421875 0.69375 0.6421875 0.6984375 0.65625 0.6984375 0.65625 0.696875 0.6546875 0.696875 0.653125 0.6953125 0.653125 0.69375 0.6546875 0.6921875 0.65625 0.6921875 0.65625 0.6875 0.6546875 0.6875 0.653125 0.6859375 0.653125 0.684375 0.6546875 0.6828125 0.65625 0.6828125 0.65625 0.678125 0.6578125 0.6765625 0.659375 0.6765625 0.659375 0.675 0.6609375 0.6734375 0.665625 0.6734375 0.6671875 0.675 0.66875 0.675 0.66875 0.671875 0.6671875 0.671875 0.665625 0.6703125 0.6640625 0.6703125 0.6625 0.66875 0.6625 0.6671875 0.6546875 0.6671875 0.653125 0.665625 0.653125 0.6640625 0.6515625 0.6640625 0.6515625 0.665625 0.65 0.6671875 0.6453125 0.6671875 0.64375 0.665625 0.64375 0.6640625 0.6421875 0.6640625 0.640625 0.6625 0.640625 0.6609375 0.6375 0.6609375 0.6359375 0.659375 0.6359375 0.6578125 0.625 0.6578125 0.6234375 0.65625 0.6234375 0.6546875
1 0.4375 0.55 0.4375 0.5515625 0.4390625 0.5515625 0.440625 0.553125 0.4453125 0.553125 0.446875 0.5546875 0.446875 0.5578125 0.4453125 0.559375 0.440625 0.559375 0.440625 0.5609375 0.453125 0.5609375 0.4546875 0.5625 0.4546875 0.5640625 0.471875 0.5640625 0.471875 0.5625 0.4734375 0.5609375 0.475 0.5609375 0.475 0.559375 0.4609375 0.559375 0.459375 0.5578125 0.459375 0.55625 0.4609375 0.5546875 0.4625 0.5546875 0.4625 0.553125 0.4640625 0.5515625 0.465625 0.5515625 0.465625 0.55
1 0.440625 0.54375 0.440625 0.5453125 0.4453125 0.5453125 0.4453125 0.54375
