1 0.4642857142857143 0.8630952380952381 0.4642857142857143 0.8690476190476191 0.46726190476190477 0.8690476190476191 0.47023809523809523 0.8660714285714286 0.46726190476190477 0.8630952380952381
1 0.37797619047619047 0.7946428571428571 0.375 0.7976190476190477 0.38392857142857145 0.7976190476190477 0.38095238095238093 0.7946428571428571
1 0.35119047619047616 0.7827380952380952 0.3541666666666667 0.7827380952380952
1 0.45535714285714285 0.7738095238095238 0.4583333333333333 0.7767857142857143 0.46130952380952384 0.7767857142857143 0.4642857142857143 0.7797619047619048 0.46726190476190477 0.7797619047619048 0.4732142857142857 0.7738095238095238
1 0.5416666666666666 0.7678571428571429 0.5386904761904762 0.7708333333333334 0.5446428571428571 0.7708333333333334 0.5476190476190477 0.7678571428571429
1 0.5922619047619048 0.7142857142857143 0.5922619047619048 0.7172619047619048 0.5952380952380952 0.7202380952380952 0.5922619047619048 0.7232142857142857 0.5952380952380952 0.7232142857142857 0.5982142857142857 0.7261904761904762 0.5982142857142857 0.7291666666666666 0.6041666666666666 0.7291666666666666 0.6011904761904762 0.7261904761904762 0.6011904761904762 0.7232142857142857 0.5982142857142857 0.7202380952380952 0.6011904761904762 0.7172619047619048 0.5982142857142857 0.7142857142857143
1 0.6904761904761905 0.7113095238095238 0.6964285714285714 0.7113095238095238
1 0.3630952380952381 0.7083333333333334
1 0.5446428571428571 0.6636904761904762 0.5505952380952381 0.6636904761904762
1 0.4851190476190476 0.6517857142857143 0.48214285714285715 0.6547619047619048 0.47619047619047616 0.6547619047619048 0.4880952380952381 0.6547619047619048 0.4880952380952381 0.6517857142857143
1 0.5982142857142857 0.5267857142857143 0.5982142857142857 0.5297619047619048 0.6011904761904762 0.5297619047619048 0.6011904761904762 0.5267857142857143
1 0.6011904761904762 0.5208333333333334
1 0.6101190476190477 0.5029761904761905 0.6130952380952381 0.5029761904761905
1 0.6011904761904762 0.5029761904761905 0.6041666666666666 0.5029761904761905
1 0.6071428571428571 0.49404761904761907 0.6071428571428571 0.49702380952380953 0.6101190476190477 0.49702380952380953 0.6130952380952381 0.49404761904761907
1 0.5803571428571429 0.49404761904761907
