1 0.50625 0.7984375 0.5046875 0.8 0.503125 0.8 0.503125 0.8015625 0.525 0.8015625 0.525 0.8 0.5203125 0.8 0.51875 0.7984375
1 0.371875 0.7921875 0.371875 0.7984375 0.3765625 0.7984375 0.3765625 0.7953125 0.378125 0.79375 0.3859375 0.79375 0.3859375 0.7921875
1 0.44375 0.7734375 0.44375 0.775 0.4484375 0.775 0.45 0.7765625 0.45 0.778125 0.453125 0.778125 0.4546875 0.7796875 0.4546875 0.784375 0.4625 0.784375 0.4625 0.7828125 0.4640625 0.78125 0.475 0.78125 0.475 0.7796875 0.4703125 0.7796875 0.46875 0.778125 0.46875 0.7765625 0.4640625 0.7765625 0.4625 0.775 0.4625 0.7734375
1 0.4046875 0.759375 0.4046875 0.7625 0.40625 0.7625 0.4078125 0.7640625 0.4078125 0.76875 0.409375 0.76875 0.4109375 0.7703125 0.4109375 0.771875 0.4359375 0.771875 0.4359375 0.7703125 0.4375 0.76875 0.4390625 0.76875 0.4390625 0.7671875 0.43125 0.7671875 0.4296875 0.765625 0.4203125 0.765625 0.41875 0.7640625 0.41875 0.7625 0.4203125 0.7609375 0.4203125 0.759375
1 0.6078125 0.7234375 0.6078125 0.725 0.60625 0.7265625 0.6046875 0.7265625 0.6046875 0.728125 0.60625 0.728125 0.6078125 0.7296875 0.6078125 0.73125 0.60625 0.7328125 0.6046875 0.7328125 0.603125 0.73125 0.6015625 0.73125 0.6015625 0.734375 0.60625 0.734375 0.609375 0.73125 0.6109375 0.73125 0.6109375 0.7296875 0.6125 0.728125 0.6140625 0.728125 0.6140625 0.7265625 0.615625 0.725 0.6171875 0.725 0.6171875 0.7234375
1 0.6421875 0.7203125 0.6421875 0.728125 0.640625 0.7296875 0.640625 0.73125 0.6421875 0.7328125 0.64375 0.7328125 0.6453125 0.73125 0.646875 0.73125 0.646875 0.7296875 0.6484375 0.728125 0.65 0.728125 0.65 0.7234375 0.6515625 0.721875 0.653125 0.721875 0.653125 0.7203125
1 0.2890625 0.7203125 0.2890625 0.725 0.2875 0.7265625 0.2859375 0.7265625 0.2859375 0.73125 0.2875 0.73125 0.2890625 0.7328125 0.2984375 0.7328125 0.3 0.734375 0.3015625 0.734375 0.3015625 0.73125 0.3 0.73125 0.2984375 0.7296875 0.296875 0.7296875 0.2953125 0.728125 0.2953125 0.7265625 0.296875 0.725 0.2984375 0.725 0.2984375 0.7234375 0.3 0.721875 0.3015625 0.721875 0.3015625 0.7203125
1 0.690625 0.7171875 0.690625 0.71875 0.6921875 0.71875 0.6921875 0.7171875
1 0.328125 0.7109375 0.328125 0.7125 0.334375 0.7125 0.334375 0.7109375
1 0.68125 0.7078125 0.68125 0.709375 0.6890625 0.709375 0.6890625 0.7078125
1 0.4828125 0.6484375 0.4828125 0.65 0.48125 0.6515625 0.4765625 0.6515625 0.4765625 0.653125 0.478125 0.653125 0.4796875 0.6546875 0.4796875 0.65625 0.478125 0.6578125 0.4765625 0.6578125 0.4765625 0.66875 0.4859375 0.66875 0.4859375 0.6671875 0.4875 0.665625 0.4921875 0.665625 0.4921875 0.6546875 0.490625 0.6546875 0.4890625 0.653125 0.4890625 0.6515625 0.490625 0.65 0.4921875 0.65 0.4921875 0.6484375
1 0.3625 0.6484375 0.3625 0.65 0.3609375 0.6515625 0.3578125 0.6515625 0.3578125 0.653125 0.3734375 0.653125 0.3734375 0.6515625 0.371875 0.6515625 0.3703125 0.65 0.3703125 0.6484375
