1 0.515625 0.753125 0.515625 0.7546875 0.5140625 0.75625 0.5125 0.75625 0.5125 0.7578125 0.521875 0.7578125 0.521875 0.753125
1 0.6078125 0.7375 0.6078125 0.7421875 0.6203125 0.7421875 0.6203125 0.740625 0.61875 0.740625 0.6171875 0.7390625 0.6171875 0.7375
1 0.36875 0.7140625 0.36875 0.715625 0.3671875 0.7171875 0.3625 0.7171875 0.3625 0.725 0.3828125 0.725 0.3828125 0.7234375 0.384375 0.721875 0.3859375 0.721875 0.3859375 0.7203125 0.384375 0.7203125 0.3828125 0.71875 0.3828125 0.7140625
1 0.6609375 0.7109375 0.6609375 0.7125 0.6625 0.7125 0.6625 0.7109375
1 0.434375 0.7046875 0.434375 0.70625 0.4328125 0.7078125 0.43125 0.7078125 0.43125 0.709375 0.4328125 0.709375 0.434375 0.7109375 0.434375 0.7125 0.4328125 0.7140625 0.43125 0.7140625 0.43125 0.715625 0.4390625 0.715625 0.4390625 0.7109375 0.440625 0.709375 0.4421875 0.709375 0.4421875 0.7078125 0.440625 0.7078125 0.4390625 0.70625 0.4390625 0.7046875
1 0.4546875 0.6640625 0.4546875 0.665625 0.45625 0.665625 0.4578125 0.6671875 0.4578125 0.66875 0.4625 0.66875 0.4625 0.6671875 0.4640625 0.665625 0.465625 0.665625 0.465625 0.6640625
1 0.38125 0.6640625 0.38125 0.665625 0.3828125 0.665625 0.3828125 0.6640625
1 0.390625 0.6609375 0.390625 0.6625 0.39375 0.6625 0.39375 0.6609375
1 0.3359375 0.6609375 0.3359375 0.6625 0.334375 0.6640625 0.3328125 0.6640625 0.3328125 0.66875 0.34375 0.66875 0.34375 0.6609375
1 0.6375 0.6578125 0.6375 0.659375 0.6359375 0.6609375 0.625 0.6609375 0.625 0.665625 0.6234375 0.6671875 0.615625 0.6671875 0.615625 0.66875 0.6171875 0.66875 0.61875 0.6703125 0.61875 0.6734375 0.6203125 0.6734375 0.621875 0.675 0.621875 0.6828125 0.6203125 0.684375 0.61875 0.684375 0.61875 0.6859375 0.6265625 0.6859375 0.628125 0.6875 0.628125 0.6890625 0.6265625 0.690625 0.621875 0.690625 0.621875 0.6921875 0.6328125 0.6921875 0.6328125 0.690625 0.634375 0.6890625 0.640625 0.6890625 0.640625 0.68125 0.6421875 0.6796875 0.646875 0.6796875 0.646875 0.678125 0.6453125 0.678125 0.64375 0.6765625 0.64375 0.675 0.6421875 0.675 0.640625 0.6734375 0.640625 0.6703125 0.6390625 0.66875 0.6390625 0.6671875 0.6375 0.6671875 0.6359375 0.665625 0.6359375 0.6640625 0.6375 0.6625 0.653125 0.6625 0.653125 0.6609375 0.6546875 0.659375 0.65625 0.659375 0.65625 0.6578125
1 0.68125 0.6546875 0.68125 0.65625 0.6796875 0.6578125 0.678125 0.6578125 0.678125 0.659375 0.6828125 0.659375 0.684375 0.6609375 0.684375 0.665625 0.6859375 0.665625 0.6859375 0.6546875
1 0.496875 0.6515625 0.496875 0.6625 0.5046875 0.6625 0.5046875 0.6609375 0.50625 0.659375 0.5078125 0.659375 0.5078125 0.6515625
1 0.640625 0.634375 0.640625 0.6359375 0.64375 0.6359375 0.6453125 0.6375 0.653125 0.6375 0.6546875 0.6359375 0.65625 0.6359375 0.65625 0.634375
1 0.6546875 0.6125 0.6546875 0.6140625 0.653125 0.615625 0.6515625 0.615625 0.6515625 0.6171875 0.65 0.61875 0.6484375 0.61875 0.6484375 0.6203125 0.646875 0.621875 0.640625 0.621875 0.640625 0.6234375 0.646875 0.6234375 0.6484375 0.625 0.6484375 0.6265625 0.646875 0.628125 0.634375 0.628125 0.6328125 0.6265625 0.6328125 0.625 0.63125 0.625 0.63125 0.6265625 0.6328125 0.6265625 0.634375 0.628125 0.634375 0.6296875 0.66875 0.6296875 0.66875 0.61875 0.6703125 0.6171875 0.6703125 0.615625 0.66875 0.6140625 0.66875 0.6125
1 0.609375 0.6125 0.609375 0.6171875 0.6234375 0.6171875 0.6234375 0.615625 0.61875 0.615625 0.6171875 0.6140625 0.6171875 0.6125
