1 0.4791666666666667 0.7886904761904762
1 0.4732142857142857 0.7797619047619048 0.47023809523809523 0.7827380952380952 0.4880952380952381 0.7827380952380952 0.4851190476190476 0.7797619047619048
1 0.5416666666666666 0.7767857142857143
1 0.4583333333333333 0.7708333333333334 0.45535714285714285 0.7738095238095238 0.45535714285714285 0.7767857142857143 0.46726190476190477 0.7767857142857143 0.47023809523809523 0.7738095238095238 0.4732142857142857 0.7738095238095238 0.46726190476190477 0.7738095238095238 0.4642857142857143 0.7708333333333334
1 0.5833333333333334 0.6964285714285714 0.5833333333333334 0.6994047619047619 0.5803571428571429 0.7023809523809523 0.5922619047619048 0.7023809523809523 0.5952380952380952 0.6994047619047619 0.5922619047619048 0.6994047619047619 0.5892857142857143 0.6964285714285714
1 0.5744047619047619 0.6934523809523809 0.5744047619047619 0.6964285714285714 0.5773809523809523 0.6934523809523809
1 0.7559523809523809 0.6577380952380952
1 0.5327380952380952 0.6517857142857143 0.5416666666666666 0.6517857142857143
1 0.7232142857142857 0.6309523809523809 0.7291666666666666 0.6309523809523809
1 0.7738095238095238 0.6279761904761905 0.7767857142857143 0.6279761904761905
1 0.7351190476190477 0.6279761904761905
