1 0.5921875 0.821875 0.5921875 0.825 0.59375 0.825 0.5953125 0.8265625 0.5953125 0.828125 0.596875 0.828125 0.596875 0.825 0.5984375 0.8234375 0.6 0.8234375 0.6 0.821875
1 0.421875 0.7859375 0.421875 0.7875 0.425 0.7875 0.425 0.7859375
1 0.4734375 0.7828125 0.4734375 0.7875 0.4828125 0.7875 0.4828125 0.7859375 0.484375 0.784375 0.4890625 0.784375 0.4890625 0.7828125
1 0.4046875 0.765625 0.4046875 0.76875 0.40625 0.76875 0.4078125 0.7703125 0.4078125 0.771875 0.409375 0.771875 0.4109375 0.7734375 0.4109375 0.775 0.4203125 0.775 0.4203125 0.7734375 0.41875 0.771875 0.41875 0.7671875 0.4140625 0.7671875 0.4125 0.765625
1 0.6046875 0.7609375 0.603125 0.7625 0.5921875 0.7625 0.5921875 0.7640625 0.590625 0.765625 0.5890625 0.765625 0.5875 0.7671875 0.575 0.7671875 0.575 0.76875 0.5734375 0.7703125 0.571875 0.7703125 0.571875 0.771875 0.5703125 0.7734375 0.565625 0.7734375 0.565625 0.775 0.5640625 0.7765625 0.559375 0.7765625 0.559375 0.778125 0.5578125 0.7796875 0.55 0.7796875 0.55 0.78125 0.5484375 0.7828125 0.5203125 0.7828125 0.5203125 0.784375 0.51875 0.7859375 0.49375 0.7859375 0.49375 0.7875 0.528125 0.7875 0.5296875 0.7890625 0.5296875 0.790625 0.528125 0.7921875 0.5234375 0.7921875 0.5234375 0.79375 0.540625 0.79375 0.5421875 0.7953125 0.54375 0.7953125 0.5453125 0.79375 0.5515625 0.79375 0.5515625 0.7921875 0.553125 0.790625 0.5578125 0.790625 0.5578125 0.7890625 0.559375 0.7875 0.5671875 0.7875 0.5671875 0.7859375 0.56875 0.784375 0.5765625 0.784375 0.578125 0.7859375 0.578125 0.7875 0.58125 0.7875 0.5828125 0.7890625 0.5828125 0.79375 0.590625 0.79375 0.590625 0.7890625 0.5890625 0.7890625 0.5875 0.7875 0.5875 0.7828125 0.5859375 0.7828125 0.584375 0.78125 0.584375 0.7796875 0.5859375 0.778125 0.590625 0.778125 0.590625 0.7765625 0.5921875 0.775 0.59375 0.775 0.59375 0.7734375 0.5953125 0.771875 0.596875 0.771875 0.596875 0.7703125 0.5984375 0.76875 0.6 0.76875 0.6 0.7671875 0.6015625 0.765625 0.603125 0.765625 0.6046875 0.7640625 0.60625 0.7640625 0.60625 0.7609375
1 0.6375 0.7265625 0.6375 0.728125 0.64375 0.728125 0.64375 0.7265625
1 0.3453125 0.68125 0.3453125 0.6828125 0.35 0.6828125 0.35 0.68125
1 0.3484375 0.675 0.3484375 0.6765625 0.35 0.6765625 0.35 0.675
1 0.3578125 0.6546875 0.3578125 0.65625 0.35625 0.6578125 0.3546875 0.6578125 0.3546875 0.659375 0.353125 0.6609375 0.3515625 0.6609375 0.3515625 0.665625 0.35625 0.665625 0.35625 0.6609375 0.3578125 0.659375 0.3578125 0.6578125 0.359375 0.65625 0.3609375 0.65625 0.3625 0.6578125 0.3625 0.659375 0.3640625 0.659375 0.3640625 0.6578125 0.3625 0.6578125 0.3609375 0.65625 0.3609375 0.6546875
1 0.7140625 0.6484375 0.7140625 0.65 0.715625 0.65 0.715625 0.6484375
1 0.746875 0.6421875 0.746875 0.646875 0.7453125 0.6484375 0.74375 0.6484375 0.74375 0.65 0.7421875 0.6515625 0.7375 0.6515625 0.7375 0.653125 0.7359375 0.6546875 0.734375 0.6546875 0.734375 0.65625 0.7328125 0.6578125 0.7296875 0.6578125 0.7296875 0.659375 0.728125 0.6609375 0.7203125 0.6609375 0.71875 0.659375 0.71875 0.6578125 0.7171875 0.6578125 0.7171875 0.659375 0.715625 0.6609375 0.7140625 0.6609375 0.7140625 0.66875 0.7328125 0.66875 0.7328125 0.6609375 0.734375 0.659375 0.7359375 0.659375 0.7359375 0.6578125 0.7375 0.65625 0.7375 0.6546875 0.7390625 0.653125 0.7421875 0.653125 0.74375 0.6546875 0.74375 0.659375 0.7453125 0.659375 0.7453125 0.6546875 0.746875 0.653125 0.7484375 0.653125 0.7484375 0.6515625 0.75 0.65 0.7546875 0.65 0.75625 0.6515625 0.75625 0.653125 0.7578125 0.653125 0.7578125 0.6515625 0.759375 0.65 0.7609375 0.65 0.7609375 0.6484375 0.753125 0.6484375 0.7515625 0.646875 0.7515625 0.6421875
1 0.7 0.6421875 0.7 0.64375 0.703125 0.64375 0.703125 0.6421875
1 0.728125 0.634375 0.728125 0.6359375 0.73125 0.6359375 0.73125 0.634375
1 0.678125 0.625 0.678125 0.6265625 0.6828125 0.6265625 0.684375 0.628125 0.684375 0.6296875 0.6984375 0.6296875 0.7 0.63125 0.7 0.6359375 0.703125 0.6359375 0.7046875 0.6375 0.7046875 0.6390625 0.70625 0.6390625 0.709375 0.6421875 0.709375 0.64375 0.7125 0.64375 0.7125 0.6375 0.7140625 0.6359375 0.721875 0.6359375 0.721875 0.634375 0.7140625 0.634375 0.7125 0.6328125 0.7125 0.63125 0.703125 0.63125 0.7015625 0.6296875 0.7015625 0.628125 0.69375 0.628125 0.6921875 0.6265625 0.6921875 0.625 0.6875 0.625 0.6875 0.6265625 0.6859375 0.628125 0.684375 0.628125 0.6828125 0.6265625 0.6828125 0.625
