1 0.428125 0.8359375 0.428125 0.8375 0.4390625 0.8375 0.4390625 0.8359375
1 0.571875 0.7671875 0.571875 0.76875 0.5734375 0.76875 0.5734375 0.7671875
1 0.625 0.75 0.625 0.7515625 0.6359375 0.7515625 0.6359375 0.75
1 0.6671875 0.7234375 0.6671875 0.725 0.6703125 0.725 0.6703125 0.7234375
1 0.634375 0.7234375 0.634375 0.725 0.6359375 0.725 0.6375 0.7265625 0.6375 0.7328125 0.65 0.7328125 0.6515625 0.73125 0.653125 0.73125 0.653125 0.7296875 0.6546875 0.728125 0.659375 0.728125 0.659375 0.7265625 0.6578125 0.7265625 0.65625 0.725 0.65625 0.7234375
1 0.6421875 0.7140625 0.6421875 0.715625 0.640625 0.7171875 0.6375 0.7171875 0.6375 0.71875 0.65 0.71875 0.65 0.7171875 0.6484375 0.7171875 0.646875 0.715625 0.646875 0.7140625
1 0.615625 0.6875 0.615625 0.6890625 0.6171875 0.6890625 0.6171875 0.6875
1 0.6125 0.68125 0.6125 0.6828125 0.6140625 0.6828125 0.6140625 0.68125
1 0.690625 0.675 0.690625 0.6765625 0.6953125 0.6765625 0.6953125 0.675
1 0.678125 0.675 0.678125 0.6796875 0.6765625 0.68125 0.675 0.68125 0.675 0.6828125 0.6734375 0.684375 0.6703125 0.684375 0.6703125 0.6859375 0.66875 0.6875 0.6640625 0.6875 0.6640625 0.6890625 0.6625 0.690625 0.6609375 0.690625 0.6609375 0.6921875 0.659375 0.69375 0.6578125 0.69375 0.6578125 0.6953125 0.65625 0.696875 0.61875 0.696875 0.61875 0.6984375 0.6203125 0.6984375 0.621875 0.7 0.6234375 0.7 0.625 0.7015625 0.625 0.703125 0.6328125 0.703125 0.634375 0.7046875 0.634375 0.709375 0.65 0.709375 0.65 0.7046875 0.6515625 0.703125 0.6703125 0.703125 0.671875 0.7015625 0.6765625 0.7015625 0.6765625 0.7 0.678125 0.6984375 0.6796875 0.6984375 0.6796875 0.69375 0.68125 0.6921875 0.6859375 0.6921875 0.6859375 0.690625 0.6875 0.6890625 0.6953125 0.6890625 0.6953125 0.6875 0.684375 0.6875 0.6828125 0.6859375 0.6828125 0.684375 0.684375 0.6828125 0.6859375 0.6828125 0.6859375 0.675
1 0.684375 0.6546875 0.684375 0.6625 0.6859375 0.6625 0.6859375 0.6609375 0.6875 0.659375 0.6921875 0.659375 0.6921875 0.6546875
1 0.43125 0.5390625 0.43125 0.540625 0.4296875 0.5421875 0.428125 0.5421875 0.428125 0.5453125 0.4265625 0.546875 0.4109375 0.546875 0.4109375 0.5484375 0.409375 0.55 0.4015625 0.55 0.4015625 0.5515625 0.403125 0.5515625 0.4046875 0.553125 0.4046875 0.5546875 0.4203125 0.5546875 0.421875 0.55625 0.421875 0.5578125 0.4328125 0.5578125 0.4328125 0.55625 0.434375 0.5546875 0.4484375 0.5546875 0.4484375 0.553125 0.44375 0.553125 0.4421875 0.5515625 0.4421875 0.55 0.44375 0.5484375 0.4484375 0.5484375 0.4484375 0.5453125 0.446875 0.5453125 0.4453125 0.54375 0.4453125 0.5421875 0.446875 0.540625 0.4484375 0.540625 0.4484375 0.5390625
