1 0.553125 0.7671875 0.553125 0.76875 0.5515625 0.7703125 0.55 0.7703125 0.55 0.771875 0.5484375 0.7734375 0.5453125 0.7734375 0.5453125 0.775 0.5640625 0.775 0.5640625 0.7703125 0.559375 0.7703125 0.5578125 0.76875 0.5578125 0.7671875
1 0.4828125 0.7640625 0.4828125 0.7671875 0.4890625 0.7671875 0.4890625 0.7640625
1 0.5203125 0.759375 0.5203125 0.7609375 0.521875 0.7609375 0.5234375 0.7625 0.5234375 0.765625 0.53125 0.765625 0.5328125 0.7671875 0.534375 0.7671875 0.534375 0.765625 0.5328125 0.765625 0.53125 0.7640625 0.53125 0.7625 0.5328125 0.7609375 0.540625 0.7609375 0.540625 0.759375
1 0.6453125 0.75625 0.6453125 0.7609375 0.646875 0.7609375 0.6484375 0.7625 0.6484375 0.76875 0.653125 0.76875 0.6546875 0.7703125 0.6546875 0.771875 0.66875 0.771875 0.66875 0.7703125 0.6671875 0.7703125 0.665625 0.76875 0.665625 0.765625 0.6671875 0.7640625 0.66875 0.7640625 0.66875 0.7609375 0.6671875 0.7609375 0.665625 0.759375 0.665625 0.75625
1 0.49375 0.73125 0.4921875 0.7328125 0.4828125 0.7328125 0.48125 0.734375 0.4796875 0.734375 0.4796875 0.7375 0.48125 0.7375 0.4828125 0.7390625 0.4984375 0.7390625 0.4984375 0.7375 0.49375 0.7375 0.4921875 0.7359375 0.4921875 0.734375 0.49375 0.7328125 0.4953125 0.7328125 0.4953125 0.73125
1 0.434375 0.7203125 0.434375 0.721875 0.4421875 0.721875 0.4421875 0.7203125
1 0.6609375 0.7171875 0.6609375 0.71875 0.6625 0.71875 0.6640625 0.7203125 0.6640625 0.721875 0.665625 0.721875 0.6671875 0.7234375 0.6671875 0.725 0.6703125 0.725 0.6703125 0.7234375 0.671875 0.721875 0.6734375 0.721875 0.6734375 0.7171875
1 0.440625 0.7109375 0.440625 0.7125 0.4515625 0.7125 0.4515625 0.7109375
1 0.3578125 0.6984375 0.3578125 0.7015625 0.3609375 0.7015625 0.3609375 0.6984375
1 0.678125 0.6578125 0.678125 0.659375 0.6765625 0.6609375 0.675 0.6609375 0.675 0.6625 0.6890625 0.6625 0.6890625 0.6609375 0.6875 0.6609375 0.6859375 0.659375 0.6859375 0.6578125
1 0.6453125 0.63125 0.6453125 0.6359375 0.65 0.6359375 0.65 0.634375 0.6515625 0.6328125 0.65625 0.6328125 0.65625 0.63125
1 0.5828125 0.5984375 0.5828125 0.6 0.590625 0.6 0.590625 0.5984375
