1 0.425 0.8296875 0.425 0.8375 0.4390625 0.8375 0.4390625 0.8296875
1 0.575 0.7703125 0.575 0.775 0.5734375 0.7765625 0.56875 0.7765625 0.56875 0.778125 0.5703125 0.778125 0.571875 0.7796875 0.571875 0.78125 0.584375 0.78125 0.584375 0.7796875 0.5828125 0.7796875 0.58125 0.778125 0.58125 0.7703125
1 0.3953125 0.7234375 0.3953125 0.725 0.40625 0.725 0.40625 0.7234375
1 0.6875 0.7078125 0.6875 0.709375 0.6921875 0.709375 0.6921875 0.7078125
1 0.3625 0.7046875 0.3625 0.70625 0.3640625 0.70625 0.365625 0.7078125 0.365625 0.709375 0.3671875 0.709375 0.36875 0.7109375 0.36875 0.7125 0.3828125 0.7125 0.3828125 0.7109375 0.371875 0.7109375 0.3703125 0.709375 0.3703125 0.7078125 0.371875 0.70625 0.3734375 0.70625 0.3734375 0.7046875
1 0.384375 0.69375 0.384375 0.6953125 0.396875 0.6953125 0.396875 0.69375
1 0.6109375 0.68125 0.6109375 0.6828125 0.6125 0.684375 0.6125 0.6859375 0.6109375 0.6875 0.609375 0.6875 0.609375 0.6890625 0.6125 0.6890625 0.6125 0.6875 0.6140625 0.6859375 0.6140625 0.68125
1 0.678125 0.675 0.678125 0.6796875 0.6765625 0.68125 0.671875 0.68125 0.671875 0.6859375 0.6703125 0.6875 0.6703125 0.6890625 0.66875 0.690625 0.6640625 0.690625 0.6640625 0.6921875 0.6625 0.69375 0.6578125 0.69375 0.6578125 0.6953125 0.65625 0.696875 0.6546875 0.696875 0.6546875 0.6984375 0.653125 0.7 0.6453125 0.7 0.6453125 0.7015625 0.64375 0.703125 0.640625 0.703125 0.6390625 0.7015625 0.6390625 0.7 0.625 0.7 0.6234375 0.6984375 0.6234375 0.696875 0.61875 0.696875 0.6171875 0.6953125 0.6171875 0.69375 0.6125 0.69375 0.6125 0.6953125 0.6140625 0.6953125 0.615625 0.696875 0.6171875 0.696875 0.61875 0.6984375 0.61875 0.7015625 0.6171875 0.703125 0.615625 0.703125 0.615625 0.7046875 0.6171875 0.7046875 0.61875 0.70625 0.6203125 0.70625 0.621875 0.7078125 0.621875 0.709375 0.6234375 0.709375 0.625 0.7109375 0.625 0.7125 0.6265625 0.7125 0.628125 0.7140625 0.628125 0.715625 0.6328125 0.715625 0.634375 0.7171875 0.634375 0.721875 0.6359375 0.721875 0.6375 0.7234375 0.6375 0.725 0.6359375 0.7265625 0.63125 0.7265625 0.63125 0.728125 0.6359375 0.728125 0.6375 0.7296875 0.6375 0.73125 0.6359375 0.7328125 0.634375 0.7328125 0.634375 0.734375 0.6359375 0.734375 0.6375 0.7328125 0.66875 0.7328125 0.6703125 0.73125 0.6703125 0.7265625 0.66875 0.725 0.66875 0.7171875 0.6703125 0.715625 0.6828125 0.715625 0.6828125 0.7140625 0.6671875 0.7140625 0.6671875 0.715625 0.665625 0.7171875 0.6640625 0.7171875 0.6640625 0.71875 0.665625 0.7203125 0.665625 0.725 0.6640625 0.7265625 0.6609375 0.7265625 0.659375 0.725 0.659375 0.7171875 0.6578125 0.7171875 0.65625 0.715625 0.65625 0.7109375 0.6578125 0.709375 0.659375 0.709375 0.659375 0.7078125 0.6578125 0.7078125 0.65625 0.70625 0.65625 0.7046875 0.6578125 0.703125 0.66875 0.703125 0.6703125 0.7015625 0.6765625 0.7015625 0.6765625 0.7 0.678125 0.6984375 0.6796875 0.6984375 0.6796875 0.696875 0.68125 0.6953125 0.6828125 0.6953125 0.6828125 0.690625 0.684375 0.6890625 0.6921875 0.6890625 0.6921875 0.6875 0.6875 0.6875 0.6859375 0.6859375 0.6859375 0.684375 0.6875 0.6828125 0.6890625 0.6828125 0.6890625 0.68125 0.684375 0.68125 0.6828125 0.6796875 0.6828125 0.675
1 0.7296875 0.6578125 0.7296875 0.659375 0.7359375 0.659375 0.7359375 0.6578125
1 0.421875 0.5390625 0.421875 0.540625 0.4234375 0.540625 0.425 0.5421875 0.425 0.5453125 0.4234375 0.546875 0.4203125 0.546875 0.4203125 0.5484375 0.41875 0.55 0.4015625 0.55 0.4015625 0.5515625 0.4 0.553125 0.3984375 0.553125 0.3984375 0.5546875 0.4125 0.5546875 0.4140625 0.55625 0.4140625 0.5578125 0.4390625 0.5578125 0.4390625 0.55625 0.440625 0.5546875 0.4453125 0.5546875 0.4453125 0.553125 0.4375 0.553125 0.4359375 0.5515625 0.4359375 0.55 0.4375 0.5484375 0.4421875 0.5484375 0.44375 0.546875 0.4453125 0.546875 0.446875 0.5453125 0.4484375 0.5453125 0.45 0.54375 0.453125 0.54375 0.453125 0.5421875 0.45 0.5421875 0.4484375 0.540625 0.4484375 0.5390625
