1 0.54375 0.7859375 0.54375 0.7875 0.546875 0.7875 0.546875 0.7859375
1 0.546875 0.7765625 0.546875 0.778125 0.5546875 0.778125 0.5546875 0.7765625
1 0.565625 0.7734375 0.565625 0.775 0.5671875 0.775 0.5671875 0.7734375
1 0.4828125 0.7734375 0.4828125 0.778125 0.484375 0.778125 0.4859375 0.7796875 0.4859375 0.78125 0.4890625 0.78125 0.4890625 0.7796875 0.490625 0.778125 0.4984375 0.778125 0.5 0.7796875 0.5 0.78125 0.51875 0.78125 0.5203125 0.7828125 0.5203125 0.784375 0.51875 0.7859375 0.5171875 0.7859375 0.5171875 0.7875 0.515625 0.7890625 0.5125 0.7890625 0.5125 0.79375 0.5109375 0.7953125 0.50625 0.7953125 0.50625 0.796875 0.5046875 0.7984375 0.503125 0.7984375 0.503125 0.8015625 0.5046875 0.8015625 0.50625 0.803125 0.50625 0.8078125 0.5078125 0.8078125 0.509375 0.809375 0.509375 0.8265625 0.5109375 0.8265625 0.5125 0.828125 0.51875 0.828125 0.5203125 0.8265625 0.521875 0.8265625 0.521875 0.809375 0.5234375 0.8078125 0.525 0.8078125 0.525 0.8 0.5265625 0.7984375 0.528125 0.7984375 0.528125 0.7953125 0.5265625 0.7953125 0.525 0.79375 0.525 0.7921875 0.5265625 0.790625 0.528125 0.790625 0.528125 0.7890625 0.5234375 0.7890625 0.521875 0.7875 0.521875 0.7859375 0.5234375 0.784375 0.525 0.784375 0.525 0.7828125 0.5265625 0.78125 0.54375 0.78125 0.54375 0.7796875 0.5421875 0.7796875 0.540625 0.778125 0.540625 0.7765625 0.5328125 0.7765625 0.5328125 0.778125 0.53125 0.7796875 0.503125 0.7796875 0.5015625 0.778125 0.5015625 0.7765625 0.49375 0.7765625 0.4921875 0.775 0.4921875 0.7734375
1 0.4109375 0.753125 0.4109375 0.765625 0.4125 0.765625 0.4140625 0.7671875 0.4140625 0.76875 0.415625 0.76875 0.4171875 0.7703125 0.4171875 0.771875 0.415625 0.7734375 0.4140625 0.7734375 0.4140625 0.778125 0.4203125 0.778125 0.4203125 0.7765625 0.421875 0.775 0.4234375 0.775 0.4234375 0.7734375 0.425 0.771875 0.4296875 0.771875 0.4296875 0.7703125 0.43125 0.76875 0.4421875 0.76875 0.4421875 0.7671875 0.44375 0.765625 0.4453125 0.765625 0.446875 0.7671875 0.45 0.7671875 0.4515625 0.76875 0.4546875 0.76875 0.45625 0.7671875 0.45625 0.7640625 0.4546875 0.765625 0.4515625 0.765625 0.45 0.7640625 0.446875 0.7640625 0.4453125 0.7625 0.428125 0.7625 0.4265625 0.7609375 0.4265625 0.759375 0.421875 0.759375 0.4203125 0.7578125 0.4203125 0.75625 0.421875 0.7546875 0.4234375 0.7546875 0.4234375 0.753125
1 0.61875 0.7265625 0.61875 0.728125 0.6171875 0.7296875 0.615625 0.7296875 0.6140625 0.73125 0.6125 0.73125 0.6125 0.734375 0.6140625 0.734375 0.615625 0.7328125 0.6203125 0.7328125 0.6203125 0.7265625
1 0.6375 0.7234375 0.6375 0.7359375 0.640625 0.7359375 0.6421875 0.7375 0.6421875 0.7390625 0.64375 0.7390625 0.64375 0.7375 0.6453125 0.7359375 0.646875 0.7359375 0.646875 0.7328125 0.6484375 0.73125 0.65 0.73125 0.65 0.7234375
1 0.3328125 0.69375 0.3328125 0.6953125 0.33125 0.696875 0.325 0.696875 0.325 0.6984375 0.33125 0.6984375 0.3328125 0.696875 0.334375 0.696875 0.3359375 0.6984375 0.3359375 0.7015625 0.334375 0.703125 0.3296875 0.703125 0.3296875 0.70625 0.328125 0.7078125 0.328125 0.709375 0.3265625 0.7109375 0.315625 0.7109375 0.315625 0.7125 0.3375 0.7125 0.3375 0.7109375 0.3390625 0.709375 0.353125 0.709375 0.353125 0.7078125 0.3515625 0.7078125 0.35 0.70625 0.35 0.7046875 0.3484375 0.7046875 0.346875 0.703125 0.346875 0.7 0.3453125 0.7 0.34375 0.6984375 0.34375 0.696875 0.3453125 0.6953125 0.346875 0.6953125 0.346875 0.69375
1 0.3484375 0.6765625 0.3484375 0.6796875 0.35 0.6796875 0.35 0.6765625
1 0.48125 0.6640625 0.48125 0.665625 0.4796875 0.6671875 0.4796875 0.66875 0.48125 0.66875 0.48125 0.6671875 0.4828125 0.665625 0.484375 0.665625 0.484375 0.6640625
1 0.3625 0.6484375 0.3625 0.65 0.3609375 0.6515625 0.359375 0.6515625 0.359375 0.65625 0.3578125 0.6578125 0.3578125 0.659375 0.35625 0.6609375 0.3515625 0.6609375 0.3515625 0.6625 0.35 0.6640625 0.3453125 0.6640625 0.3453125 0.665625 0.35 0.665625 0.3515625 0.6640625 0.353125 0.6640625 0.3546875 0.665625 0.3546875 0.66875 0.353125 0.6703125 0.3453125 0.6703125 0.3453125 0.671875 0.353125 0.671875 0.353125 0.6703125 0.3546875 0.66875 0.35625 0.66875 0.35625 0.6671875 0.3578125 0.665625 0.3578125 0.6640625 0.359375 0.6625 0.3640625 0.6625 0.3640625 0.6609375 0.365625 0.659375 0.3703125 0.659375 0.3703125 0.6578125 0.371875 0.65625 0.3734375 0.65625 0.3734375 0.6515625 0.375 0.65 0.3828125 0.65 0.3828125 0.6484375
1 0.7828125 0.634375 0.7828125 0.6359375 0.784375 0.6359375 0.784375 0.634375
1 0.55 0.5328125 0.55 0.540625 0.5484375 0.5421875 0.546875 0.5421875 0.546875 0.54375 0.5515625 0.54375 0.553125 0.5453125 0.553125 0.5484375 0.5609375 0.5484375 0.5609375 0.546875 0.5625 0.5453125 0.5640625 0.5453125 0.565625 0.54375 0.5703125 0.54375 0.5703125 0.5421875 0.571875 0.540625 0.5734375 0.540625 0.5734375 0.5390625 0.56875 0.5390625 0.5671875 0.5375 0.5671875 0.5359375 0.5625 0.5359375 0.5609375 0.534375 0.5609375 0.5328125 0.559375 0.5328125 0.559375 0.534375 0.5578125 0.5359375 0.553125 0.5359375 0.5515625 0.534375 0.5515625 0.5328125
