1 0.4880952380952381 0.7797619047619048 0.5 0.7797619047619048
1 0.4226190476190476 0.7767857142857143 0.4255952380952381 0.7767857142857143
1 0.42857142857142855 0.7708333333333334
1 0.40773809523809523 0.7678571428571429 0.4107142857142857 0.7708333333333334 0.4226190476190476 0.7708333333333334 0.4226190476190476 0.7678571428571429
1 0.48214285714285715 0.7619047619047619 0.4851190476190476 0.7619047619047619
1 0.32142857142857145 0.7083333333333334 0.3392857142857143 0.7083333333333334
1 0.5773809523809523 0.5119047619047619 0.5892857142857143 0.5119047619047619 0.5922619047619048 0.5148809523809523 0.5892857142857143 0.5178571428571429 0.5922619047619048 0.5178571428571429 0.5982142857142857 0.5238095238095238 0.6011904761904762 0.5238095238095238 0.6011904761904762 0.5208333333333334 0.6041666666666666 0.5178571428571429 0.5982142857142857 0.5178571428571429 0.5952380952380952 0.5148809523809523 0.5922619047619048 0.5148809523809523 0.5892857142857143 0.5119047619047619
1 0.5982142857142857 0.5089285714285714 0.6011904761904762 0.5089285714285714
1 0.6071428571428571 0.5059523809523809 0.6071428571428571 0.5089285714285714 0.6101190476190477 0.5089285714285714 0.6101190476190477 0.5059523809523809
1 0.6101190476190477 0.5
