1 0.5421875 0.8 0.5421875 0.8015625 0.54375 0.8015625 0.54375 0.8
1 0.3984375 0.7796875 0.3984375 0.78125 0.396875 0.7828125 0.3953125 0.7828125 0.3953125 0.784375 0.40625 0.784375 0.40625 0.7828125 0.4078125 0.78125 0.415625 0.78125 0.415625 0.7796875
1 0.4375 0.7703125 0.4375 0.771875 0.4484375 0.771875 0.4484375 0.7703125
1 0.571875 0.7640625 0.5703125 0.765625 0.55625 0.765625 0.55625 0.76875 0.5546875 0.7703125 0.5296875 0.7703125 0.5296875 0.778125 0.528125 0.7796875 0.5265625 0.7796875 0.5265625 0.78125 0.528125 0.78125 0.5296875 0.7828125 0.5296875 0.790625 0.53125 0.790625 0.5328125 0.7921875 0.5328125 0.79375 0.5453125 0.79375 0.5453125 0.7921875 0.546875 0.790625 0.5515625 0.790625 0.5515625 0.7890625 0.553125 0.7875 0.5546875 0.7875 0.5546875 0.7859375 0.55625 0.784375 0.5578125 0.784375 0.5578125 0.7828125 0.559375 0.78125 0.5640625 0.78125 0.5640625 0.7796875 0.565625 0.778125 0.5671875 0.778125 0.5671875 0.7765625 0.56875 0.775 0.58125 0.775 0.58125 0.7734375 0.5828125 0.771875 0.584375 0.771875 0.584375 0.7703125 0.5796875 0.7703125 0.578125 0.771875 0.571875 0.771875 0.5703125 0.7703125 0.5703125 0.7671875 0.571875 0.765625 0.578125 0.765625 0.578125 0.7640625
1 0.3921875 0.7640625 0.3921875 0.7671875 0.396875 0.7671875 0.3984375 0.76875 0.4 0.76875 0.4015625 0.7703125 0.4015625 0.771875 0.403125 0.771875 0.403125 0.7703125 0.4015625 0.7703125 0.4 0.76875 0.4 0.7671875 0.3984375 0.7671875 0.396875 0.765625 0.396875 0.7640625
1 0.5890625 0.7265625 0.5890625 0.7296875 0.5875 0.73125 0.5859375 0.73125 0.5859375 0.734375 0.5875 0.734375 0.5890625 0.7328125 0.59375 0.7328125 0.5953125 0.73125 0.596875 0.73125 0.596875 0.7265625
1 0.5984375 0.7046875 0.5984375 0.70625 0.603125 0.70625 0.603125 0.7046875
1 0.6609375 0.7 0.6609375 0.7015625 0.659375 0.703125 0.6578125 0.703125 0.6578125 0.709375 0.65625 0.7109375 0.6546875 0.7109375 0.6546875 0.715625 0.653125 0.7171875 0.6515625 0.7171875 0.6515625 0.71875 0.65 0.7203125 0.6484375 0.7203125 0.6484375 0.721875 0.646875 0.7234375 0.6453125 0.7234375 0.6453125 0.725 0.64375 0.7265625 0.634375 0.7265625 0.634375 0.728125 0.6328125 0.7296875 0.63125 0.7296875 0.63125 0.73125 0.6296875 0.7328125 0.61875 0.7328125 0.61875 0.734375 0.6171875 0.7359375 0.615625 0.7359375 0.6140625 0.7375 0.6109375 0.7375 0.609375 0.7359375 0.6078125 0.7359375 0.60625 0.734375 0.6015625 0.734375 0.6015625 0.7375 0.60625 0.7375 0.6078125 0.7390625 0.6296875 0.7390625 0.6296875 0.7375 0.63125 0.7359375 0.6625 0.7359375 0.6625 0.7296875 0.6640625 0.728125 0.665625 0.728125 0.665625 0.7171875 0.6671875 0.715625 0.66875 0.715625 0.66875 0.7109375 0.6703125 0.709375 0.6734375 0.709375 0.6734375 0.7078125 0.675 0.70625 0.6765625 0.70625 0.6765625 0.7046875 0.6703125 0.7046875 0.66875 0.703125 0.66875 0.7015625 0.6640625 0.7015625 0.6625 0.7
1 0.6609375 0.69375 0.6609375 0.6953125 0.66875 0.6953125 0.66875 0.69375
1 0.6640625 0.6875 0.6640625 0.6890625 0.6703125 0.6890625 0.6703125 0.6875
1 0.7 0.640625 0.6984375 0.6421875 0.696875 0.6421875 0.696875 0.646875 0.703125 0.646875 0.7046875 0.6484375 0.7046875 0.65 0.709375 0.65 0.7109375 0.6515625 0.7109375 0.653125 0.7125 0.653125 0.7140625 0.6546875 0.7140625 0.65625 0.7125 0.6578125 0.7078125 0.6578125 0.7078125 0.659375 0.70625 0.6609375 0.7015625 0.6609375 0.7015625 0.6625 0.7 0.6640625 0.696875 0.6640625 0.6953125 0.6625 0.6953125 0.6609375 0.690625 0.6609375 0.690625 0.6625 0.6890625 0.6640625 0.684375 0.6640625 0.684375 0.665625 0.6828125 0.6671875 0.6703125 0.6671875 0.6703125 0.66875 0.66875 0.6703125 0.6671875 0.6703125 0.6671875 0.6734375 0.6703125 0.6734375 0.671875 0.675 0.671875 0.6765625 0.6796875 0.6765625 0.68125 0.678125 0.68125 0.6796875 0.6796875 0.68125 0.678125 0.68125 0.678125 0.6828125 0.6796875 0.6828125 0.6796875 0.68125 0.68125 0.6796875 0.6859375 0.6796875 0.6875 0.68125 0.6875 0.6828125 0.6859375 0.684375 0.684375 0.684375 0.684375 0.6859375 0.6859375 0.6859375 0.6875 0.6875 0.6875 0.6890625 0.6921875 0.6890625 0.6921875 0.6875 0.69375 0.6859375 0.6953125 0.6859375 0.6953125 0.684375 0.696875 0.6828125 0.6984375 0.6828125 0.6984375 0.68125 0.7 0.6796875 0.703125 0.6796875 0.703125 0.678125 0.7046875 0.6765625 0.70625 0.6765625 0.70625 0.675 0.7078125 0.6734375 0.709375 0.6734375 0.709375 0.671875 0.7109375 0.6703125 0.7125 0.6703125 0.7140625 0.66875 0.715625 0.66875 0.715625 0.6671875 0.7171875 0.665625 0.721875 0.665625 0.721875 0.6578125 0.7234375 0.65625 0.725 0.65625 0.725 0.6484375 0.7203125 0.6484375 0.71875 0.646875 0.71875 0.6453125 0.7140625 0.6453125 0.7125 0.64375 0.7125 0.6421875 0.7109375 0.6421875 0.709375 0.640625
1 0.684375 0.6359375 0.684375 0.6390625 0.6953125 0.6390625 0.6953125 0.6359375
1 0.68125 0.625 0.68125 0.6265625 0.6828125 0.6265625 0.684375 0.628125 0.684375 0.6296875 0.6859375 0.6296875 0.6859375 0.625
1 0.61875 0.6125 0.61875 0.6140625 0.6203125 0.6140625 0.621875 0.615625 0.621875 0.6171875 0.6203125 0.61875 0.61875 0.61875 0.61875 0.6203125 0.6234375 0.6203125 0.625 0.621875 0.625 0.6234375 0.65 0.6234375 0.65 0.615625 0.6421875 0.615625 0.6421875 0.6171875 0.646875 0.6171875 0.6484375 0.61875 0.6484375 0.6203125 0.646875 0.621875 0.63125 0.621875 0.6296875 0.6203125 0.6296875 0.61875 0.63125 0.6171875 0.6328125 0.6171875 0.6328125 0.615625 0.63125 0.615625 0.6296875 0.6140625 0.6296875 0.6125
1 0.6515625 0.6078125 0.65 0.609375 0.6484375 0.609375 0.6484375 0.6109375 0.65625 0.6109375 0.6578125 0.6125 0.6625 0.6125 0.6625 0.609375 0.6578125 0.609375 0.65625 0.6078125
1 0.3921875 0.5390625 0.3921875 0.540625 0.396875 0.540625 0.396875 0.5390625
1 0.44375 0.5265625 0.44375 0.528125 0.4421875 0.5296875 0.440625 0.5296875 0.440625 0.53125 0.4390625 0.5328125 0.434375 0.5328125 0.434375 0.534375 0.4453125 0.534375 0.446875 0.5359375 0.446875 0.5375 0.4484375 0.5390625 0.4484375 0.540625 0.446875 0.5421875 0.4453125 0.540625 0.4375 0.540625 0.4375 0.54375 0.475 0.54375 0.475 0.540625 0.4703125 0.540625 0.46875 0.5390625 0.4640625 0.5390625 0.4625 0.5375 0.4625 0.5359375 0.4640625 0.534375 0.4828125 0.534375 0.4828125 0.5296875 0.484375 0.528125 0.4890625 0.528125 0.4890625 0.5265625
