1 0.5296875 0.7609375 0.528125 0.7625 0.5265625 0.7625 0.5265625 0.7640625 0.534375 0.7640625 0.534375 0.7609375
1 0.6703125 0.759375 0.6703125 0.7625 0.6796875 0.7625 0.6796875 0.759375
1 0.515625 0.75 0.515625 0.7609375 0.51875 0.7609375 0.51875 0.759375 0.5203125 0.7578125 0.528125 0.7578125 0.528125 0.75625 0.5265625 0.75625 0.525 0.7546875 0.525 0.753125 0.5234375 0.753125 0.521875 0.7515625 0.521875 0.75
1 0.696875 0.74375 0.696875 0.7453125 0.7125 0.7453125 0.7125 0.74375
1 0.365625 0.7140625 0.365625 0.715625 0.3640625 0.7171875 0.359375 0.7171875 0.359375 0.71875 0.3609375 0.71875 0.3625 0.7203125 0.3625 0.721875 0.3671875 0.721875 0.36875 0.7234375 0.36875 0.725 0.3828125 0.725 0.3828125 0.7234375 0.384375 0.721875 0.3859375 0.721875 0.3859375 0.7140625
1 0.6609375 0.7078125 0.6609375 0.709375 0.659375 0.7109375 0.6578125 0.7109375 0.6578125 0.7125 0.6625 0.7125 0.6640625 0.7140625 0.6640625 0.715625 0.66875 0.715625 0.66875 0.7140625 0.6703125 0.7125 0.6734375 0.7125 0.6734375 0.7109375 0.6671875 0.7109375 0.665625 0.709375 0.665625 0.7078125
1 0.434375 0.7078125 0.434375 0.709375 0.4328125 0.7109375 0.428125 0.7109375 0.428125 0.7125 0.4328125 0.7125 0.434375 0.7140625 0.434375 0.715625 0.4390625 0.715625 0.4390625 0.7140625 0.440625 0.7125 0.4421875 0.7125 0.4421875 0.7109375 0.440625 0.7109375 0.4390625 0.709375 0.4390625 0.7078125
1 0.6546875 0.69375 0.6546875 0.6953125 0.653125 0.696875 0.6515625 0.696875 0.65 0.6984375 0.6453125 0.6984375 0.6453125 0.7015625 0.65 0.7015625 0.6515625 0.7 0.653125 0.7 0.6546875 0.7015625 0.659375 0.7015625 0.659375 0.6984375 0.6578125 0.6984375 0.65625 0.7 0.6546875 0.7 0.653125 0.6984375 0.653125 0.696875 0.6546875 0.6953125 0.65625 0.6953125 0.65625 0.69375
1 0.671875 0.678125 0.671875 0.6796875 0.675 0.6796875 0.675 0.678125
1 0.6609375 0.66875 0.6609375 0.671875 0.6625 0.671875 0.6625 0.66875
1 0.6421875 0.66875 0.640625 0.6703125 0.615625 0.6703125 0.615625 0.6734375 0.6171875 0.6734375 0.61875 0.675 0.61875 0.6796875 0.6203125 0.6796875 0.621875 0.68125 0.621875 0.6859375 0.6234375 0.6859375 0.625 0.6875 0.625 0.6890625 0.6296875 0.6890625 0.63125 0.690625 0.63125 0.6953125 0.6359375 0.6953125 0.6359375 0.69375 0.6375 0.6921875 0.6390625 0.6921875 0.6390625 0.690625 0.640625 0.6890625 0.646875 0.6890625 0.6484375 0.690625 0.6484375 0.6921875 0.65 0.6921875 0.65 0.690625 0.6484375 0.690625 0.646875 0.6890625 0.646875 0.6875 0.6453125 0.6875 0.64375 0.6859375 0.64375 0.68125 0.6453125 0.6796875 0.646875 0.6796875 0.646875 0.675 0.6453125 0.675 0.64375 0.6765625 0.6421875 0.6765625 0.640625 0.675 0.640625 0.671875 0.6421875 0.6703125 0.64375 0.6703125 0.64375 0.66875
1 0.4546875 0.6578125 0.4546875 0.659375 0.453125 0.6609375 0.453125 0.6625 0.4515625 0.6640625 0.45 0.6640625 0.45 0.665625 0.453125 0.665625 0.4546875 0.6671875 0.4546875 0.66875 0.465625 0.66875 0.465625 0.6671875 0.4671875 0.665625 0.46875 0.665625 0.46875 0.6640625 0.4640625 0.6640625 0.4625 0.6625 0.4625 0.6609375 0.4578125 0.6609375 0.45625 0.659375 0.45625 0.6578125
1 0.375 0.6578125 0.375 0.659375 0.3859375 0.659375 0.3875 0.6609375 0.3875 0.6625 0.3859375 0.6640625 0.371875 0.6640625 0.371875 0.665625 0.39375 0.665625 0.39375 0.6640625 0.3953125 0.6625 0.396875 0.6625 0.396875 0.6578125
1 0.3328125 0.6578125 0.3328125 0.659375 0.33125 0.6609375 0.3296875 0.6609375 0.3296875 0.66875 0.33125 0.66875 0.3328125 0.6703125 0.340625 0.6703125 0.3421875 0.66875 0.34375 0.66875 0.34375 0.6640625 0.3453125 0.6625 0.346875 0.6625 0.346875 0.6609375 0.3453125 0.6609375 0.34375 0.659375 0.34375 0.6578125
1 0.684375 0.6546875 0.684375 0.65625 0.6828125 0.6578125 0.68125 0.6578125 0.68125 0.659375 0.6828125 0.659375 0.684375 0.6609375 0.684375 0.665625 0.6859375 0.665625 0.6859375 0.6546875
1 0.6640625 0.6546875 0.6640625 0.65625 0.6765625 0.65625 0.6765625 0.6546875
1 0.61875 0.6546875 0.61875 0.65625 0.65 0.65625 0.65 0.6546875
1 0.49375 0.6546875 0.49375 0.65625 0.4984375 0.65625 0.5 0.6578125 0.5 0.659375 0.4984375 0.6609375 0.49375 0.6609375 0.49375 0.6625 0.5046875 0.6625 0.5046875 0.6546875
1 0.640625 0.634375 0.6390625 0.6359375 0.6375 0.6359375 0.6375 0.6390625 0.6390625 0.6390625 0.640625 0.6375 0.65625 0.6375 0.65625 0.634375
1 0.6546875 0.609375 0.6546875 0.6109375 0.653125 0.6125 0.6515625 0.6125 0.6515625 0.6140625 0.65 0.615625 0.6484375 0.615625 0.6484375 0.6171875 0.646875 0.61875 0.6453125 0.61875 0.6453125 0.6203125 0.646875 0.6203125 0.6484375 0.621875 0.6484375 0.6234375 0.646875 0.625 0.63125 0.625 0.6296875 0.6234375 0.6296875 0.621875 0.625 0.621875 0.625 0.6296875 0.66875 0.6296875 0.66875 0.628125 0.6703125 0.6265625 0.6703125 0.625 0.671875 0.6234375 0.6734375 0.6234375 0.6734375 0.621875 0.6703125 0.621875 0.66875 0.6203125 0.66875 0.6125 0.6671875 0.6125 0.665625 0.6109375 0.665625 0.609375
1 0.4765625 0.578125 0.475 0.5796875 0.4734375 0.5796875 0.4734375 0.584375 0.475 0.584375 0.475 0.5828125 0.4765625 0.58125 0.478125 0.58125 0.478125 0.578125
