1 0.428125 0.88125 0.428125 0.8828125 0.4265625 0.884375 0.421875 0.884375 0.421875 0.8875 0.4265625 0.8875 0.428125 0.8890625 0.4296875 0.8890625 0.43125 0.8875 0.4328125 0.8875 0.434375 0.8890625 0.4390625 0.8890625 0.4390625 0.8859375 0.434375 0.8859375 0.4328125 0.884375 0.43125 0.884375 0.4296875 0.8828125 0.4296875 0.88125
1 0.5265625 0.75625 0.5265625 0.7578125 0.525 0.759375 0.5203125 0.759375 0.5203125 0.7609375 0.525 0.7609375 0.5265625 0.7625 0.5265625 0.765625 0.53125 0.765625 0.5328125 0.7640625 0.534375 0.7640625 0.534375 0.75625
1 0.4796875 0.75625 0.4796875 0.7578125 0.48125 0.7578125 0.48125 0.75625
1 0.3859375 0.753125 0.3859375 0.7546875 0.3890625 0.7546875 0.3890625 0.753125
1 0.5125 0.746875 0.5125 0.7515625 0.51875 0.7515625 0.51875 0.746875
1 0.4703125 0.7234375 0.4703125 0.725 0.46875 0.7265625 0.4671875 0.7265625 0.4671875 0.728125 0.475 0.728125 0.475 0.7265625 0.4734375 0.7265625 0.471875 0.725 0.471875 0.7234375
1 0.375 0.7203125 0.375 0.725 0.3828125 0.725 0.3828125 0.7203125
1 0.378125 0.7109375 0.378125 0.7125 0.3828125 0.7125 0.3828125 0.7109375
1 0.6609375 0.7078125 0.6609375 0.7125 0.6625 0.7125 0.6640625 0.7140625 0.6640625 0.715625 0.665625 0.715625 0.6671875 0.7171875 0.6671875 0.721875 0.66875 0.721875 0.6703125 0.7234375 0.6703125 0.725 0.6765625 0.725 0.6765625 0.7234375 0.671875 0.7234375 0.6703125 0.721875 0.6703125 0.7203125 0.671875 0.71875 0.6734375 0.71875 0.6734375 0.7140625 0.6703125 0.7140625 0.66875 0.7125 0.66875 0.7078125
1 0.3359375 0.6609375 0.3359375 0.6625 0.340625 0.6625 0.340625 0.6609375
1 0.615625 0.6546875 0.615625 0.65625 0.6203125 0.65625 0.6203125 0.6546875
1 0.6609375 0.6515625 0.6609375 0.653125 0.6625 0.653125 0.6640625 0.6546875 0.6640625 0.65625 0.66875 0.65625 0.66875 0.6515625
1 0.565625 0.6375 0.565625 0.640625 0.5734375 0.640625 0.575 0.6421875 0.575 0.64375 0.584375 0.64375 0.584375 0.6421875 0.5859375 0.640625 0.5875 0.640625 0.5890625 0.6421875 0.590625 0.6421875 0.590625 0.6390625 0.5890625 0.6390625 0.5875 0.6375
1 0.6484375 0.634375 0.6484375 0.6375 0.653125 0.6375 0.6546875 0.6359375 0.65625 0.6359375 0.65625 0.634375
1 0.615625 0.625 0.615625 0.6265625 0.6203125 0.6265625 0.6203125 0.625
1 0.6359375 0.621875 0.6359375 0.6234375 0.6390625 0.6234375 0.6390625 0.621875
1 0.5625 0.621875 0.5625 0.6234375 0.5703125 0.6234375 0.5703125 0.621875
1 0.6078125 0.61875 0.6078125 0.6203125 0.6265625 0.6203125 0.6265625 0.61875
1 0.6578125 0.6125 0.6578125 0.6140625 0.65625 0.615625 0.6546875 0.615625 0.6546875 0.6203125 0.65625 0.6203125 0.6578125 0.621875 0.6578125 0.6234375 0.659375 0.6234375 0.659375 0.61875 0.6609375 0.6171875 0.665625 0.6171875 0.665625 0.6125
1 0.4734375 0.5796875 0.4734375 0.58125 0.475 0.58125 0.4765625 0.5828125 0.4765625 0.584375 0.48125 0.584375 0.48125 0.5796875
