1 0.5654761904761905 0.8988095238095238
1 0.5773809523809523 0.8928571428571429 0.5744047619047619 0.8958333333333334 0.5714285714285714 0.8958333333333334 0.5714285714285714 0.8988095238095238 0.5744047619047619 0.9017857142857143 0.5744047619047619 0.9077380952380952 0.5803571428571429 0.9077380952380952 0.5833333333333334 0.9047619047619048 0.5833333333333334 0.8958333333333334 0.5803571428571429 0.8928571428571429
1 0.5119047619047619 0.7976190476190477
1 0.5089285714285714 0.7738095238095238
1 0.5238095238095238 0.7708333333333334 0.5267857142857143 0.7738095238095238 0.5327380952380952 0.7738095238095238 0.5357142857142857 0.7708333333333334
1 0.4732142857142857 0.7708333333333334 0.47023809523809523 0.7738095238095238 0.4851190476190476 0.7738095238095238 0.4880952380952381 0.7708333333333334 0.49404761904761907 0.7708333333333334
1 0.4226190476190476 0.7678571428571429 0.42857142857142855 0.7738095238095238 0.42857142857142855 0.7767857142857143 0.43154761904761907 0.7797619047619048 0.43452380952380953 0.7797619047619048 0.4375 0.7827380952380952 0.45535714285714285 0.7827380952380952 0.45535714285714285 0.7797619047619048 0.44345238095238093 0.7678571428571429
1 0.5714285714285714 0.7529761904761905 0.5744047619047619 0.7529761904761905
1 0.3333333333333333 0.7351190476190477 0.33630952380952384 0.7351190476190477
1 0.34523809523809523 0.7083333333333334 0.3482142857142857 0.7083333333333334
1 0.3273809523809524 0.7083333333333334 0.3333333333333333 0.7083333333333334
1 0.30654761904761907 0.7083333333333334 0.30952380952380953 0.7083333333333334
1 0.5297619047619048 0.6488095238095238 0.5297619047619048 0.6517857142857143 0.5267857142857143 0.6547619047619048 0.5267857142857143 0.6577380952380952 0.5297619047619048 0.6577380952380952 0.5357142857142857 0.6636904761904762 0.5386904761904762 0.6607142857142857 0.5446428571428571 0.6607142857142857 0.5446428571428571 0.6577380952380952 0.5386904761904762 0.6517857142857143 0.5386904761904762 0.6488095238095238
1 0.6101190476190477 0.5089285714285714
1 0.6220238095238095 0.5059523809523809
1 0.6011904761904762 0.49404761904761907 0.6071428571428571 0.5 0.6071428571428571 0.49404761904761907
1 0.6130952380952381 0.49107142857142855 0.6160714285714286 0.49107142857142855
