1 0.4671875 0.803125 0.4671875 0.8140625 0.46875 0.8140625 0.46875 0.8125 0.4703125 0.8109375 0.471875 0.8109375 0.471875 0.803125
1 0.496875 0.8 0.496875 0.8015625 0.4984375 0.8015625 0.4984375 0.8
1 0.484375 0.79375 0.484375 0.796875 0.4953125 0.796875 0.4953125 0.79375
1 0.4640625 0.79375 0.4640625 0.796875 0.46875 0.796875 0.46875 0.79375
1 0.5765625 0.7765625 0.5765625 0.778125 0.575 0.7796875 0.575 0.78125 0.578125 0.78125 0.578125 0.7796875 0.5796875 0.778125 0.5796875 0.7765625
1 0.5 0.7625 0.5 0.7640625 0.5046875 0.7640625 0.5046875 0.7625
1 0.5390625 0.759375 0.5390625 0.7625 0.54375 0.7625 0.54375 0.759375
1 0.5 0.75625 0.5 0.7578125 0.5046875 0.7578125 0.5046875 0.75625
1 0.328125 0.7296875 0.328125 0.73125 0.334375 0.73125 0.334375 0.7296875
1 0.575 0.7203125 0.575 0.725 0.5875 0.725 0.5875 0.7203125
1 0.3953125 0.7140625 0.3953125 0.721875 0.396875 0.721875 0.3984375 0.7234375 0.3984375 0.725 0.40625 0.725 0.40625 0.7171875 0.4078125 0.715625 0.415625 0.715625 0.415625 0.7140625
1 0.6015625 0.696875 0.6015625 0.6984375 0.60625 0.6984375 0.60625 0.696875
1 0.6609375 0.6875 0.6609375 0.6890625 0.665625 0.6890625 0.6671875 0.690625 0.6671875 0.6921875 0.665625 0.69375 0.6640625 0.69375 0.6640625 0.6953125 0.6625 0.696875 0.6609375 0.696875 0.6609375 0.7015625 0.659375 0.703125 0.6578125 0.703125 0.65625 0.7015625 0.6546875 0.7015625 0.6546875 0.703125 0.65625 0.703125 0.6578125 0.7046875 0.6578125 0.70625 0.65625 0.7078125 0.6546875 0.7078125 0.6546875 0.709375 0.659375 0.709375 0.6609375 0.7109375 0.6609375 0.7125 0.659375 0.7140625 0.6453125 0.7140625 0.6453125 0.715625 0.64375 0.7171875 0.640625 0.7171875 0.640625 0.71875 0.6390625 0.7203125 0.634375 0.7203125 0.634375 0.721875 0.6328125 0.7234375 0.61875 0.7234375 0.61875 0.725 0.6171875 0.7265625 0.615625 0.7265625 0.615625 0.728125 0.6171875 0.728125 0.61875 0.7296875 0.61875 0.73125 0.6234375 0.73125 0.625 0.7328125 0.665625 0.7328125 0.6671875 0.73125 0.66875 0.73125 0.66875 0.7296875 0.6703125 0.728125 0.6703125 0.7265625 0.671875 0.725 0.6984375 0.725 0.6984375 0.7203125 0.7 0.71875 0.7015625 0.71875 0.7015625 0.7171875 0.7 0.7171875 0.6984375 0.715625 0.6984375 0.7140625 0.7 0.7125 0.7015625 0.7125 0.7015625 0.7109375 0.684375 0.7109375 0.684375 0.71875 0.6859375 0.71875 0.6875 0.7203125 0.6875 0.721875 0.6859375 0.7234375 0.671875 0.7234375 0.6703125 0.721875 0.6703125 0.7078125 0.66875 0.70625 0.66875 0.7046875 0.6703125 0.703125 0.6703125 0.696875 0.6671875 0.696875 0.665625 0.6953125 0.665625 0.69375 0.6671875 0.6921875 0.66875 0.6921875 0.66875 0.6875
1 0.36875 0.684375 0.36875 0.6859375 0.3671875 0.6875 0.365625 0.6875 0.365625 0.6953125 0.3640625 0.696875 0.3625 0.696875 0.3625 0.709375 0.3640625 0.709375 0.365625 0.7109375 0.365625 0.7125 0.3828125 0.7125 0.3828125 0.7109375 0.384375 0.709375 0.3890625 0.709375 0.3890625 0.7078125 0.3875 0.7078125 0.3859375 0.70625 0.3859375 0.7 0.3875 0.6984375 0.3890625 0.6984375 0.3890625 0.69375 0.3875 0.69375 0.3859375 0.6921875 0.3859375 0.690625 0.384375 0.690625 0.3828125 0.6890625 0.3828125 0.6875 0.378125 0.6875 0.3765625 0.6859375 0.3765625 0.684375
1 0.7328125 0.6609375 0.7328125 0.6625 0.73125 0.6640625 0.7296875 0.6640625 0.7296875 0.66875 0.7453125 0.66875 0.7453125 0.6671875 0.746875 0.665625 0.7484375 0.665625 0.7484375 0.6640625 0.746875 0.6640625 0.7453125 0.6625 0.7453125 0.6609375
