1 0.5953125 0.8296875 0.5953125 0.83125 0.596875 0.83125 0.5984375 0.8328125 0.5984375 0.8375 0.603125 0.8375 0.603125 0.8359375 0.6015625 0.8359375 0.6 0.834375 0.6 0.8296875
1 0.565625 0.7828125 0.565625 0.790625 0.5703125 0.790625 0.5703125 0.7890625 0.571875 0.7875 0.5734375 0.7875 0.5734375 0.7828125
1 0.4578125 0.75 0.4578125 0.7546875 0.459375 0.7546875 0.459375 0.75
1 0.3921875 0.7265625 0.3921875 0.73125 0.396875 0.73125 0.396875 0.7296875 0.3984375 0.728125 0.4 0.728125 0.4 0.7265625
1 0.6875 0.7046875 0.6875 0.70625 0.6859375 0.7078125 0.684375 0.7078125 0.684375 0.709375 0.6859375 0.709375 0.6875 0.7109375 0.6875 0.7125 0.6890625 0.7125 0.6890625 0.7109375 0.690625 0.709375 0.6921875 0.709375 0.6921875 0.7078125 0.690625 0.7078125 0.6890625 0.70625 0.6890625 0.7046875
1 0.303125 0.7046875 0.303125 0.70625 0.3109375 0.70625 0.3109375 0.7046875
1 0.61875 0.6578125 0.61875 0.6625 0.6203125 0.6625 0.621875 0.6640625 0.621875 0.665625 0.6265625 0.665625 0.6265625 0.6640625 0.628125 0.6625 0.6296875 0.6625 0.63125 0.6640625 0.63125 0.665625 0.6328125 0.665625 0.634375 0.6671875 0.634375 0.6734375 0.6359375 0.6734375 0.6375 0.675 0.6375 0.6765625 0.6390625 0.6765625 0.640625 0.678125 0.640625 0.6890625 0.64375 0.6890625 0.6453125 0.690625 0.6453125 0.6984375 0.65 0.6984375 0.65 0.69375 0.6515625 0.6921875 0.653125 0.6921875 0.653125 0.690625 0.6546875 0.6890625 0.65625 0.6890625 0.65625 0.6875 0.6546875 0.6875 0.653125 0.6859375 0.653125 0.678125 0.6546875 0.6765625 0.65625 0.6765625 0.65625 0.675 0.6578125 0.6734375 0.659375 0.6734375 0.6609375 0.675 0.665625 0.675 0.665625 0.671875 0.6609375 0.671875 0.659375 0.6703125 0.659375 0.6671875 0.6578125 0.6671875 0.65625 0.665625 0.65625 0.6609375 0.6546875 0.6609375 0.653125 0.659375 0.653125 0.6578125
1 0.6484375 0.6515625 0.6484375 0.653125 0.65625 0.653125 0.65625 0.6515625
1 0.61875 0.6515625 0.61875 0.653125 0.6265625 0.653125 0.6265625 0.6515625
1 0.625 0.63125 0.625 0.6328125 0.6375 0.6328125 0.6390625 0.634375 0.6390625 0.6359375 0.6421875 0.6359375 0.6421875 0.634375 0.64375 0.6328125 0.64375 0.63125
1 0.5453125 0.61875 0.5453125 0.6203125 0.5515625 0.6203125 0.5515625 0.61875
1 0.5359375 0.615625 0.5359375 0.6171875 0.5375 0.6171875 0.5375 0.615625
1 0.515625 0.6046875 0.515625 0.60625 0.51875 0.60625 0.51875 0.6046875
1 0.50625 0.5984375 0.50625 0.6 0.5078125 0.6 0.5078125 0.5984375
1 0.4640625 0.559375 0.4640625 0.5671875 0.465625 0.5671875 0.4671875 0.56875 0.4671875 0.5703125 0.478125 0.5703125 0.478125 0.5625 0.4703125 0.5625 0.46875 0.5609375 0.46875 0.559375
