1 0.5565476190476191 0.7708333333333334 0.5535714285714286 0.7738095238095238 0.5595238095238095 0.7738095238095238
1 0.48214285714285715 0.7619047619047619 0.4851190476190476 0.7619047619047619
1 0.6488095238095238 0.7559523809523809 0.6517857142857143 0.7589285714285714 0.6488095238095238 0.7619047619047619 0.6517857142857143 0.7648809523809523 0.6517857142857143 0.7678571428571429 0.6547619047619048 0.7708333333333334 0.6636904761904762 0.7708333333333334 0.6636904761904762 0.7619047619047619 0.6607142857142857 0.7589285714285714 0.6577380952380952 0.7589285714285714 0.6547619047619048 0.7559523809523809
1 0.4791666666666667 0.7291666666666666 0.4880952380952381 0.7291666666666666
1 0.4375 0.7202380952380952 0.44047619047619047 0.7232142857142857 0.44047619047619047 0.7261904761904762 0.44642857142857145 0.7261904761904762 0.44345238095238093 0.7261904761904762 0.44047619047619047 0.7232142857142857 0.44345238095238093 0.7202380952380952 0.44642857142857145 0.7202380952380952
1 0.44345238095238093 0.7113095238095238 0.44642857142857145 0.7142857142857143 0.44642857142857145 0.7113095238095238
1 0.37202380952380953 0.7113095238095238 0.375 0.7113095238095238
1 0.44345238095238093 0.7053571428571429 0.44642857142857145 0.7053571428571429
1 0.6755952380952381 0.6577380952380952 0.6785714285714286 0.6577380952380952 0.6815476190476191 0.6607142857142857 0.6815476190476191 0.6666666666666666 0.6875 0.6666666666666666 0.6815476190476191 0.6607142857142857 0.6845238095238095 0.6577380952380952 0.6904761904761905 0.6577380952380952
1 0.6398809523809523 0.6309523809523809 0.6517857142857143 0.6309523809523809
