1 0.5125 0.81875 0.5125 0.8203125 0.5109375 0.821875 0.509375 0.821875 0.509375 0.825 0.5109375 0.825 0.5125 0.8265625 0.521875 0.8265625 0.521875 0.825 0.5234375 0.8234375 0.525 0.8234375 0.525 0.81875
1 0.515625 0.7859375 0.515625 0.7875 0.5140625 0.7890625 0.509375 0.7890625 0.509375 0.790625 0.5078125 0.7921875 0.503125 0.7921875 0.503125 0.79375 0.5046875 0.79375 0.50625 0.7953125 0.50625 0.8046875 0.5078125 0.8046875 0.509375 0.80625 0.509375 0.8078125 0.5078125 0.809375 0.50625 0.809375 0.50625 0.8109375 0.515625 0.8109375 0.515625 0.809375 0.5171875 0.8078125 0.51875 0.8078125 0.51875 0.80625 0.5203125 0.8046875 0.521875 0.8046875 0.521875 0.803125 0.5234375 0.8015625 0.528125 0.8015625 0.528125 0.7890625 0.5296875 0.7875 0.53125 0.7875 0.53125 0.7859375
1 0.509375 0.7796875 0.509375 0.78125 0.51875 0.78125 0.51875 0.7796875
1 0.484375 0.7765625 0.484375 0.778125 0.4859375 0.778125 0.4875 0.7796875 0.4875 0.78125 0.4890625 0.78125 0.4890625 0.7796875 0.490625 0.778125 0.4953125 0.778125 0.4953125 0.7765625
1 0.4578125 0.7765625 0.4578125 0.778125 0.471875 0.778125 0.471875 0.7765625
1 0.453125 0.7703125 0.453125 0.771875 0.4625 0.771875 0.4625 0.7703125
1 0.4109375 0.75625 0.4109375 0.7578125 0.409375 0.759375 0.4078125 0.759375 0.4078125 0.7625 0.409375 0.7625 0.4109375 0.7640625 0.4109375 0.765625 0.409375 0.7671875 0.4078125 0.7671875 0.4078125 0.7703125 0.409375 0.7703125 0.4109375 0.771875 0.4125 0.771875 0.4140625 0.7734375 0.4140625 0.775 0.4265625 0.775 0.4265625 0.7734375 0.428125 0.771875 0.4296875 0.771875 0.4296875 0.7703125 0.43125 0.76875 0.4453125 0.76875 0.4453125 0.7671875 0.44375 0.7671875 0.4421875 0.765625 0.43125 0.765625 0.4296875 0.7640625 0.4296875 0.7625 0.425 0.7625 0.4234375 0.7609375 0.4234375 0.759375 0.421875 0.759375 0.4203125 0.7578125 0.4203125 0.75625
1 0.6390625 0.7234375 0.6390625 0.725 0.640625 0.7265625 0.640625 0.728125 0.6390625 0.7296875 0.634375 0.7296875 0.634375 0.73125 0.6359375 0.73125 0.6375 0.7328125 0.640625 0.7328125 0.6421875 0.734375 0.6421875 0.7390625 0.646875 0.7390625 0.646875 0.7375 0.6453125 0.7375 0.64375 0.7359375 0.64375 0.734375 0.6453125 0.7328125 0.646875 0.7328125 0.646875 0.7265625 0.6484375 0.725 0.65 0.725 0.65 0.7234375
1 0.63125 0.7234375 0.63125 0.725 0.6328125 0.725 0.6328125 0.7234375
1 0.6125 0.7234375 0.6125 0.725 0.6109375 0.7265625 0.609375 0.7265625 0.6078125 0.728125 0.6078125 0.73125 0.609375 0.7328125 0.609375 0.734375 0.6078125 0.7359375 0.60625 0.734375 0.60625 0.7375 0.6078125 0.7375 0.609375 0.7359375 0.609375 0.734375 0.6109375 0.7328125 0.6171875 0.7328125 0.6171875 0.7234375
1 0.6421875 0.7109375 0.6421875 0.7125 0.646875 0.7125 0.646875 0.7109375
1 0.325 0.7078125 0.325 0.709375 0.334375 0.709375 0.334375 0.7078125
1 0.3296875 0.69375 0.3296875 0.6953125 0.334375 0.6953125 0.334375 0.69375
1 0.3453125 0.6671875 0.3453125 0.6703125 0.34375 0.671875 0.3421875 0.671875 0.3421875 0.675 0.34375 0.675 0.3453125 0.6734375 0.346875 0.6734375 0.3484375 0.675 0.3484375 0.6765625 0.353125 0.6765625 0.353125 0.6734375 0.3546875 0.671875 0.35625 0.671875 0.35625 0.66875 0.3546875 0.66875 0.353125 0.6671875
1 0.490625 0.6484375 0.490625 0.65 0.4890625 0.6515625 0.4828125 0.6515625 0.4828125 0.653125 0.48125 0.6546875 0.4796875 0.6546875 0.4796875 0.659375 0.478125 0.6609375 0.4765625 0.6609375 0.4765625 0.6625 0.478125 0.6625 0.4796875 0.6640625 0.4796875 0.665625 0.478125 0.6671875 0.4765625 0.6671875 0.4765625 0.66875 0.478125 0.66875 0.478125 0.6671875 0.4796875 0.665625 0.48125 0.665625 0.4828125 0.6671875 0.4828125 0.66875 0.4890625 0.66875 0.4890625 0.6671875 0.490625 0.665625 0.4953125 0.665625 0.4953125 0.6640625 0.49375 0.6640625 0.4921875 0.6625 0.4921875 0.6578125 0.490625 0.6578125 0.4890625 0.65625 0.4890625 0.6515625 0.490625 0.65 0.4953125 0.65 0.4953125 0.6484375
1 0.365625 0.6484375 0.365625 0.653125 0.3640625 0.6546875 0.3578125 0.6546875 0.3578125 0.65625 0.35625 0.6578125 0.3546875 0.6578125 0.3546875 0.6625 0.3703125 0.6625 0.3703125 0.6578125 0.371875 0.65625 0.3796875 0.65625 0.3796875 0.6515625 0.378125 0.6515625 0.3765625 0.65 0.3765625 0.6484375
