1 0.5125 0.81875 0.5125 0.8203125 0.51875 0.8203125 0.51875 0.81875
1 0.509375 0.8 0.509375 0.8015625 0.515625 0.8015625 0.515625 0.8
1 0.5125 0.7921875 0.5125 0.79375 0.521875 0.79375 0.521875 0.7921875
1 0.4828125 0.7890625 0.4828125 0.790625 0.4921875 0.790625 0.4921875 0.7890625
1 0.4109375 0.765625 0.4109375 0.76875 0.4125 0.76875 0.4140625 0.7703125 0.4140625 0.771875 0.41875 0.771875 0.4203125 0.7734375 0.4203125 0.775 0.4296875 0.775 0.4296875 0.7703125 0.43125 0.76875 0.4390625 0.76875 0.440625 0.7703125 0.440625 0.771875 0.4484375 0.771875 0.45 0.7734375 0.45 0.778125 0.475 0.778125 0.475 0.7765625 0.4734375 0.7765625 0.471875 0.775 0.471875 0.7734375 0.4640625 0.7734375 0.4625 0.771875 0.4625 0.7703125 0.44375 0.7703125 0.4421875 0.76875 0.4421875 0.7671875 0.43125 0.7671875 0.4296875 0.765625
1 0.628125 0.7265625 0.628125 0.728125 0.6296875 0.728125 0.6296875 0.7265625
1 0.2859375 0.7265625 0.2859375 0.728125 0.2953125 0.728125 0.2953125 0.7265625
1 0.6375 0.7234375 0.6375 0.7328125 0.6390625 0.7328125 0.640625 0.734375 0.640625 0.7359375 0.64375 0.7359375 0.64375 0.734375 0.6453125 0.7328125 0.646875 0.7328125 0.646875 0.7234375
1 0.5984375 0.7171875 0.5984375 0.71875 0.6 0.71875 0.6015625 0.7203125 0.6015625 0.721875 0.603125 0.721875 0.6046875 0.7234375 0.6046875 0.728125 0.60625 0.728125 0.6078125 0.7296875 0.6078125 0.73125 0.60625 0.7328125 0.6046875 0.7328125 0.6046875 0.7359375 0.603125 0.7375 0.6015625 0.7375 0.6015625 0.7390625 0.6078125 0.7390625 0.6078125 0.7375 0.609375 0.7359375 0.6109375 0.7359375 0.6109375 0.734375 0.6125 0.7328125 0.6140625 0.7328125 0.6140625 0.7203125 0.609375 0.7203125 0.6078125 0.71875 0.6078125 0.7171875
1 0.3546875 0.6609375 0.3546875 0.6625 0.3578125 0.6625 0.3578125 0.6609375
1 0.4859375 0.6515625 0.4859375 0.653125 0.484375 0.6546875 0.4796875 0.6546875 0.4796875 0.65625 0.478125 0.6578125 0.4765625 0.6578125 0.4765625 0.66875 0.4859375 0.66875 0.4859375 0.6671875 0.4875 0.665625 0.4921875 0.665625 0.4921875 0.6609375 0.49375 0.659375 0.4953125 0.659375 0.4953125 0.6546875 0.490625 0.6546875 0.4890625 0.653125 0.4890625 0.6515625
1 0.3625 0.6484375 0.3625 0.653125 0.3609375 0.6546875 0.359375 0.6546875 0.359375 0.65625 0.3703125 0.65625 0.3703125 0.6546875 0.371875 0.653125 0.3734375 0.653125 0.3734375 0.6515625 0.375 0.65 0.3828125 0.65 0.3828125 0.6484375
1 0.5984375 0.5296875 0.5984375 0.53125 0.596875 0.5328125 0.5953125 0.5328125 0.5953125 0.534375 0.6 0.534375 0.6 0.5328125 0.6015625 0.53125 0.603125 0.53125 0.603125 0.5296875
1 0.5984375 0.5 0.5984375 0.5015625 0.6 0.5015625 0.6015625 0.503125 0.6015625 0.5046875 0.6140625 0.5046875 0.6140625 0.503125 0.6078125 0.503125 0.60625 0.5015625 0.60625 0.5
1 0.6078125 0.4875 0.6078125 0.4890625 0.6171875 0.4890625 0.6171875 0.4875
