1 0.5765625 0.8984375 0.5765625 0.903125 0.5796875 0.903125 0.5796875 0.8984375
1 0.4875 0.7859375 0.4875 0.7875 0.4984375 0.7875 0.5 0.7890625 0.5 0.790625 0.5109375 0.790625 0.5109375 0.7890625 0.5125 0.7875 0.515625 0.7875 0.515625 0.7859375
1 0.5140625 0.7734375 0.5140625 0.775 0.515625 0.775 0.5171875 0.7765625 0.5171875 0.778125 0.528125 0.778125 0.5296875 0.7796875 0.5296875 0.78125 0.534375 0.78125 0.534375 0.7796875 0.5359375 0.778125 0.5375 0.778125 0.5375 0.7765625 0.5390625 0.775 0.54375 0.775 0.54375 0.7734375
1 0.4609375 0.7703125 0.4609375 0.771875 0.459375 0.7734375 0.4578125 0.7734375 0.4578125 0.775 0.471875 0.775 0.4734375 0.7765625 0.4734375 0.778125 0.4890625 0.778125 0.4890625 0.7765625 0.490625 0.775 0.5078125 0.775 0.5078125 0.7734375 0.4734375 0.7734375 0.471875 0.771875 0.471875 0.7703125
1 0.434375 0.7671875 0.434375 0.76875 0.4328125 0.7703125 0.425 0.7703125 0.425 0.771875 0.4265625 0.771875 0.428125 0.7734375 0.428125 0.775 0.4328125 0.775 0.434375 0.7765625 0.434375 0.78125 0.4390625 0.78125 0.440625 0.7828125 0.440625 0.784375 0.4515625 0.784375 0.4515625 0.7765625 0.446875 0.7765625 0.4453125 0.775 0.4453125 0.7703125 0.4375 0.7703125 0.4359375 0.76875 0.4359375 0.7671875
1 0.5765625 0.753125 0.5765625 0.7546875 0.5796875 0.7546875 0.5796875 0.753125
1 0.3328125 0.734375 0.3328125 0.7375 0.3375 0.7375 0.3375 0.734375
1 0.3296875 0.7078125 0.3296875 0.709375 0.3375 0.709375 0.3375 0.7078125
1 0.303125 0.7078125 0.303125 0.709375 0.3171875 0.709375 0.3171875 0.7078125
1 0.5390625 0.6484375 0.5390625 0.65 0.5375 0.6515625 0.5328125 0.6515625 0.5328125 0.65625 0.53125 0.6578125 0.5234375 0.6578125 0.5234375 0.659375 0.525 0.659375 0.5265625 0.6609375 0.5265625 0.66875 0.534375 0.66875 0.5359375 0.6703125 0.54375 0.6703125 0.5453125 0.66875 0.5453125 0.6546875 0.54375 0.653125 0.54375 0.6515625 0.5421875 0.6515625 0.540625 0.65 0.540625 0.6484375
1 0.565625 0.5234375 0.565625 0.525 0.5671875 0.525 0.5671875 0.5234375
