1 0.5178571428571429 0.8184523809523809 0.5148809523809523 0.8214285714285714 0.5119047619047619 0.8214285714285714 0.5208333333333334 0.8214285714285714 0.5238095238095238 0.8184523809523809
1 0.5119047619047619 0.7886904761904762 0.5089285714285714 0.7916666666666666 0.5029761904761905 0.7916666666666666 0.5059523809523809 0.7946428571428571 0.5059523809523809 0.8005952380952381 0.5148809523809523 0.8005952380952381 0.5178571428571429 0.7976190476190477 0.5238095238095238 0.7976190476190477 0.5267857142857143 0.7946428571428571 0.5267857142857143 0.7916666666666666 0.5238095238095238 0.7886904761904762
1 0.4494047619047619 0.7708333333333334 0.4494047619047619 0.7738095238095238 0.4523809523809524 0.7738095238095238 0.4583333333333333 0.7797619047619048 0.46726190476190477 0.7797619047619048 0.47023809523809523 0.7767857142857143 0.46726190476190477 0.7738095238095238 0.4642857142857143 0.7738095238095238 0.46130952380952384 0.7708333333333334
1 0.4107142857142857 0.7559523809523809 0.40773809523809523 0.7589285714285714 0.40476190476190477 0.7589285714285714 0.4107142857142857 0.7648809523809523 0.40773809523809523 0.7678571428571429 0.4107142857142857 0.7678571428571429 0.41369047619047616 0.7708333333333334 0.41369047619047616 0.7738095238095238 0.4255952380952381 0.7738095238095238 0.43154761904761907 0.7678571428571429 0.4375 0.7678571428571429 0.4375 0.7648809523809523 0.42857142857142855 0.7648809523809523 0.4255952380952381 0.7619047619047619 0.4226190476190476 0.7619047619047619 0.41964285714285715 0.7589285714285714 0.41964285714285715 0.7559523809523809
1 0.6398809523809523 0.7232142857142857 0.6398809523809523 0.7261904761904762 0.6369047619047619 0.7291666666666666 0.6398809523809523 0.7291666666666666 0.6428571428571429 0.7321428571428571 0.6458333333333334 0.7291666666666666 0.6458333333333334 0.7232142857142857
1 0.6279761904761905 0.7232142857142857
1 0.6101190476190477 0.7232142857142857 0.6071428571428571 0.7261904761904762 0.6071428571428571 0.7321428571428571 0.6101190476190477 0.7321428571428571 0.6130952380952381 0.7291666666666666 0.6130952380952381 0.7232142857142857
1 0.6904761904761905 0.7113095238095238 0.6904761904761905 0.7142857142857143 0.6875 0.7172619047619048 0.6815476190476191 0.7172619047619048 0.6934523809523809 0.7172619047619048 0.6934523809523809 0.7142857142857143 0.6964285714285714 0.7113095238095238
1 0.35119047619047616 0.6755952380952381
1 0.34523809523809523 0.6666666666666666 0.34523809523809523 0.6696428571428571 0.35119047619047616 0.6696428571428571 0.3482142857142857 0.6666666666666666
1 0.4851190476190476 0.6488095238095238 0.4791666666666667 0.6547619047619048 0.4791666666666667 0.6577380952380952 0.47619047619047616 0.6607142857142857 0.4791666666666667 0.6636904761904762 0.47619047619047616 0.6666666666666666 0.4880952380952381 0.6666666666666666 0.49107142857142855 0.6636904761904762 0.49404761904761907 0.6636904761904762 0.49107142857142855 0.6607142857142857 0.49404761904761907 0.6577380952380952 0.49107142857142855 0.6547619047619048 0.49404761904761907 0.6517857142857143 0.49404761904761907 0.6488095238095238
1 0.36904761904761907 0.6488095238095238 0.3630952380952381 0.6547619047619048 0.35714285714285715 0.6547619047619048 0.35714285714285715 0.6577380952380952 0.3541666666666667 0.6607142857142857 0.3630952380952381 0.6607142857142857 0.36904761904761907 0.6547619047619048 0.375 0.6547619047619048 0.375 0.6488095238095238
