1 0.559375 0.7703125 0.559375 0.775 0.5609375 0.775 0.5609375 0.7703125
1 0.55625 0.7640625 0.55625 0.7671875 0.5578125 0.7671875 0.5578125 0.7640625
1 0.5265625 0.75 0.5265625 0.7515625 0.525 0.753125 0.5234375 0.753125 0.5234375 0.7546875 0.528125 0.7546875 0.5296875 0.75625 0.5296875 0.7578125 0.528125 0.759375 0.5234375 0.759375 0.5234375 0.7609375 0.525 0.7609375 0.5265625 0.7625 0.528125 0.7625 0.5296875 0.7640625 0.5296875 0.765625 0.53125 0.765625 0.53125 0.7640625 0.5328125 0.7625 0.534375 0.7625 0.534375 0.759375 0.5328125 0.759375 0.53125 0.7578125 0.53125 0.753125 0.5328125 0.7515625 0.5375 0.7515625 0.5375 0.75
1 0.375 0.7203125 0.375 0.725 0.3828125 0.725 0.3828125 0.7234375 0.384375 0.721875 0.3859375 0.721875 0.3859375 0.7203125
1 0.375 0.7109375 0.375 0.7125 0.396875 0.7125 0.396875 0.7109375
1 0.6578125 0.7046875 0.6578125 0.70625 0.659375 0.70625 0.6609375 0.7078125 0.6609375 0.7125 0.6625 0.7125 0.6640625 0.7140625 0.6640625 0.71875 0.66875 0.71875 0.6703125 0.7203125 0.6703125 0.721875 0.6734375 0.721875 0.6734375 0.7140625 0.671875 0.7140625 0.6703125 0.7125 0.6703125 0.7109375 0.6640625 0.7109375 0.6625 0.709375 0.6625 0.7078125 0.6640625 0.70625 0.6703125 0.70625 0.671875 0.7078125 0.6734375 0.7078125 0.6734375 0.7046875
1 0.6640625 0.6515625 0.6640625 0.653125 0.66875 0.653125 0.66875 0.6515625
1 0.559375 0.63125 0.559375 0.6328125 0.5609375 0.6328125 0.5625 0.634375 0.5625 0.6359375 0.5671875 0.6359375 0.56875 0.6375 0.56875 0.6390625 0.5734375 0.6390625 0.575 0.640625 0.5765625 0.640625 0.578125 0.6421875 0.578125 0.64375 0.584375 0.64375 0.584375 0.6375 0.5859375 0.6359375 0.5875 0.6359375 0.5875 0.634375 0.5828125 0.634375 0.58125 0.6328125 0.58125 0.63125
1 0.6515625 0.628125 0.6515625 0.6296875 0.65 0.63125 0.628125 0.63125 0.628125 0.6328125 0.646875 0.6328125 0.6484375 0.634375 0.6484375 0.6390625 0.653125 0.6390625 0.653125 0.6375 0.6546875 0.6359375 0.65625 0.6359375 0.65625 0.634375 0.6578125 0.6328125 0.659375 0.6328125 0.659375 0.63125 0.6546875 0.63125 0.653125 0.6296875 0.653125 0.628125
1 0.61875 0.621875 0.61875 0.6234375 0.6171875 0.625 0.615625 0.625 0.615625 0.6265625 0.6171875 0.6265625 0.61875 0.628125 0.61875 0.6296875 0.6234375 0.6296875 0.6234375 0.628125 0.621875 0.628125 0.6203125 0.6265625 0.6203125 0.625 0.621875 0.6234375 0.665625 0.6234375 0.665625 0.621875
1 0.4703125 0.5765625 0.4703125 0.5796875 0.471875 0.5796875 0.4734375 0.58125 0.4734375 0.584375 0.48125 0.584375 0.48125 0.5796875 0.4796875 0.5796875 0.478125 0.578125 0.4734375 0.578125 0.471875 0.5765625
