1 0.425 0.8328125 0.425 0.834375 0.4359375 0.834375 0.4359375 0.8328125
1 0.4640625 0.809375 0.4640625 0.8109375 0.471875 0.8109375 0.471875 0.809375
1 0.484375 0.796875 0.484375 0.8 0.4921875 0.8 0.4921875 0.796875
1 0.575 0.7703125 0.575 0.771875 0.5734375 0.7734375 0.571875 0.7734375 0.571875 0.775 0.5703125 0.7765625 0.56875 0.7765625 0.56875 0.778125 0.5703125 0.778125 0.571875 0.7796875 0.571875 0.78125 0.578125 0.78125 0.578125 0.7796875 0.5796875 0.778125 0.584375 0.778125 0.584375 0.7765625 0.5859375 0.775 0.5875 0.775 0.5875 0.7734375 0.5828125 0.7734375 0.58125 0.771875 0.58125 0.7703125
1 0.3328125 0.734375 0.33125 0.7359375 0.3296875 0.7359375 0.3296875 0.7375 0.3328125 0.7375
1 0.3234375 0.728125 0.321875 0.7296875 0.31875 0.7296875 0.31875 0.73125 0.3234375 0.73125 0.325 0.7328125 0.325 0.734375 0.3234375 0.7359375 0.3234375 0.7375 0.325 0.7359375 0.325 0.734375 0.3265625 0.7328125 0.328125 0.7328125 0.3296875 0.73125 0.33125 0.73125 0.33125 0.728125 0.3296875 0.728125 0.328125 0.7296875 0.325 0.7296875
1 0.68125 0.7203125 0.68125 0.721875 0.6984375 0.721875 0.6984375 0.7203125
1 0.3953125 0.7171875 0.3953125 0.71875 0.39375 0.7203125 0.3921875 0.7203125 0.3921875 0.721875 0.39375 0.721875 0.3953125 0.7234375 0.3953125 0.725 0.4125 0.725 0.4125 0.7234375 0.4078125 0.7234375 0.40625 0.721875 0.40625 0.7203125 0.4078125 0.71875 0.415625 0.71875 0.415625 0.7171875
1 0.6078125 0.7078125 0.6078125 0.709375 0.6109375 0.709375 0.6109375 0.7078125
1 0.375 0.6875 0.375 0.6890625 0.3734375 0.690625 0.36875 0.690625 0.36875 0.6921875 0.3671875 0.69375 0.3578125 0.69375 0.3578125 0.6953125 0.359375 0.696875 0.3609375 0.696875 0.3625 0.6984375 0.3625 0.7015625 0.3609375 0.703125 0.359375 0.703125 0.3578125 0.7015625 0.3546875 0.7015625 0.3546875 0.7046875 0.3578125 0.7046875 0.359375 0.70625 0.3609375 0.70625 0.3625 0.7078125 0.3625 0.709375 0.3640625 0.709375 0.365625 0.7109375 0.365625 0.7125 0.3859375 0.7125 0.3859375 0.7109375 0.3875 0.709375 0.39375 0.709375 0.39375 0.7078125 0.3921875 0.7078125 0.390625 0.70625 0.390625 0.703125 0.3890625 0.7015625 0.3890625 0.6984375 0.390625 0.696875 0.3921875 0.6984375 0.39375 0.6984375 0.39375 0.696875 0.3921875 0.696875 0.390625 0.6953125 0.390625 0.69375 0.3921875 0.6921875 0.39375 0.6921875 0.39375 0.690625 0.390625 0.690625 0.3890625 0.6890625 0.3890625 0.6875
1 0.671875 0.68125 0.671875 0.6859375 0.6703125 0.6875 0.6703125 0.6890625 0.66875 0.690625 0.66875 0.6921875 0.6671875 0.69375 0.6640625 0.69375 0.6640625 0.6953125 0.6625 0.696875 0.6609375 0.696875 0.6609375 0.6984375 0.6625 0.6984375 0.6640625 0.7 0.6640625 0.7015625 0.6625 0.703125 0.6609375 0.703125 0.659375 0.7046875 0.6578125 0.7046875 0.6578125 0.70625 0.65625 0.7078125 0.6484375 0.7078125 0.6484375 0.709375 0.646875 0.7109375 0.6453125 0.7109375 0.6453125 0.7125 0.64375 0.7140625 0.63125 0.7140625 0.63125 0.715625 0.6296875 0.7171875 0.615625 0.7171875 0.615625 0.71875 0.6203125 0.71875 0.621875 0.7203125 0.621875 0.728125 0.6265625 0.728125 0.628125 0.7296875 0.628125 0.73125 0.6296875 0.73125 0.6296875 0.7296875 0.63125 0.728125 0.6328125 0.728125 0.634375 0.7296875 0.634375 0.73125 0.6359375 0.73125 0.6375 0.7328125 0.66875 0.7328125 0.66875 0.7296875 0.6703125 0.728125 0.6734375 0.728125 0.6734375 0.7265625 0.6703125 0.7265625 0.66875 0.725 0.66875 0.7203125 0.6671875 0.7203125 0.665625 0.71875 0.665625 0.7171875 0.6671875 0.715625 0.671875 0.715625 0.671875 0.7140625 0.6734375 0.7125 0.6765625 0.7125 0.678125 0.7140625 0.678125 0.715625 0.7015625 0.715625 0.7015625 0.7140625 0.703125 0.7125 0.70625 0.7125 0.70625 0.7109375 0.696875 0.7109375 0.6953125 0.709375 0.6953125 0.7078125 0.671875 0.7078125 0.6703125 0.70625 0.6703125 0.7 0.671875 0.6984375 0.6734375 0.6984375 0.6734375 0.69375 0.671875 0.6921875 0.671875 0.690625 0.6734375 0.6890625 0.6734375 0.6875 0.675 0.6859375 0.6859375 0.6859375 0.6859375 0.684375 0.6765625 0.684375 0.675 0.6828125 0.675 0.68125
1 0.7296875 0.6578125 0.7296875 0.665625 0.73125 0.665625 0.7328125 0.6671875 0.7328125 0.66875 0.7453125 0.66875 0.7453125 0.6671875 0.74375 0.6671875 0.7421875 0.665625 0.7421875 0.6640625 0.74375 0.6625 0.7453125 0.6625 0.7453125 0.6609375 0.746875 0.659375 0.7515625 0.659375 0.7515625 0.6578125
1 0.4078125 0.546875 0.4078125 0.55 0.41875 0.55 0.41875 0.546875
1 0.428125 0.5359375 0.428125 0.5375 0.4265625 0.5390625 0.425 0.5390625 0.425 0.540625 0.4265625 0.540625 0.428125 0.5390625 0.4296875 0.5390625 0.43125 0.540625 0.43125 0.54375 0.4296875 0.5453125 0.425 0.5453125 0.425 0.546875 0.4296875 0.546875 0.4296875 0.5453125 0.43125 0.54375 0.4359375 0.54375 0.4359375 0.5390625 0.434375 0.5390625 0.4328125 0.5375 0.4328125 0.5359375
