1 0.5625 0.7828125 0.5625 0.784375 0.5609375 0.7859375 0.559375 0.7859375 0.559375 0.7875 0.5609375 0.7875 0.5625 0.7890625 0.5625 0.790625 0.5734375 0.790625 0.5734375 0.7828125
1 0.6875 0.7078125 0.6875 0.709375 0.6921875 0.709375 0.6921875 0.7078125
1 0.6453125 0.69375 0.6453125 0.6953125 0.65625 0.6953125 0.65625 0.69375
1 0.6421875 0.6875 0.6421875 0.6890625 0.65 0.6890625 0.65 0.6875
1 0.615625 0.6546875 0.615625 0.6625 0.640625 0.6625 0.6421875 0.6640625 0.6421875 0.66875 0.640625 0.6703125 0.6390625 0.66875 0.634375 0.66875 0.634375 0.671875 0.6390625 0.671875 0.640625 0.6734375 0.646875 0.6734375 0.646875 0.671875 0.6484375 0.6703125 0.653125 0.6703125 0.6546875 0.671875 0.665625 0.671875 0.665625 0.66875 0.6546875 0.66875 0.653125 0.6671875 0.6484375 0.6671875 0.646875 0.665625 0.646875 0.6640625 0.6484375 0.6625 0.653125 0.6625 0.653125 0.6609375 0.6515625 0.6609375 0.65 0.659375 0.65 0.6578125 0.6484375 0.6578125 0.646875 0.65625 0.646875 0.6546875
1 0.6078125 0.6453125 0.6078125 0.646875 0.609375 0.6484375 0.609375 0.65 0.653125 0.65 0.653125 0.6453125 0.6421875 0.6453125 0.640625 0.646875 0.628125 0.646875 0.6265625 0.6453125 0.6109375 0.6453125 0.609375 0.646875
1 0.60625 0.6390625 0.60625 0.6421875 0.6078125 0.640625 0.609375 0.640625 0.609375 0.6390625
1 0.634375 0.6125 0.634375 0.6140625 0.646875 0.6140625 0.646875 0.6125
1 0.5984375 0.6125 0.5984375 0.6203125 0.6 0.6203125 0.6015625 0.621875 0.6015625 0.6234375 0.6078125 0.6234375 0.609375 0.625 0.609375 0.6265625 0.6140625 0.6265625 0.615625 0.628125 0.615625 0.6296875 0.6171875 0.6296875 0.61875 0.63125 0.61875 0.6328125 0.6234375 0.6328125 0.625 0.634375 0.625 0.6359375 0.6234375 0.6375 0.61875 0.6375 0.61875 0.6390625 0.6265625 0.6390625 0.628125 0.640625 0.640625 0.640625 0.640625 0.6375 0.6390625 0.6359375 0.6390625 0.634375 0.640625 0.6328125 0.64375 0.6328125 0.64375 0.63125 0.63125 0.63125 0.6296875 0.6296875 0.6296875 0.628125 0.625 0.628125 0.6234375 0.6265625 0.6234375 0.625 0.61875 0.625 0.6171875 0.6234375 0.6171875 0.621875 0.609375 0.621875 0.6078125 0.6203125 0.6078125 0.61875 0.609375 0.6171875 0.6109375 0.6171875 0.6109375 0.615625 0.6125 0.6140625 0.6140625 0.6140625 0.6140625 0.6125
1 0.5125 0.6015625 0.5125 0.603125 0.5140625 0.603125 0.515625 0.6046875 0.515625 0.60625 0.5171875 0.6078125 0.53125 0.6078125 0.53125 0.6046875 0.5234375 0.6046875 0.521875 0.603125 0.521875 0.6015625
1 0.4609375 0.559375 0.4609375 0.5609375 0.4625 0.5609375 0.4640625 0.5625 0.4640625 0.5640625 0.4625 0.565625 0.4609375 0.565625 0.4609375 0.5671875 0.4625 0.5671875 0.4640625 0.56875 0.4640625 0.5703125 0.475 0.5703125 0.475 0.56875 0.4765625 0.5671875 0.478125 0.5671875 0.478125 0.565625 0.4796875 0.5640625 0.48125 0.5640625 0.48125 0.5625 0.4734375 0.5625 0.471875 0.5609375 0.471875 0.559375
