1 0.4640625 0.8625 0.4640625 0.8703125 0.46875 0.8703125 0.46875 0.865625 0.4671875 0.865625 0.465625 0.8640625 0.465625 0.8625
1 0.375 0.7921875 0.375 0.7984375 0.3828125 0.7984375 0.384375 0.8 0.3859375 0.8 0.3859375 0.796875 0.384375 0.796875 0.3828125 0.7953125 0.3828125 0.7921875
1 0.3484375 0.7828125 0.3484375 0.784375 0.353125 0.784375 0.353125 0.7828125
1 0.453125 0.7734375 0.453125 0.775 0.45625 0.775 0.4578125 0.7765625 0.4578125 0.778125 0.45625 0.7796875 0.453125 0.7796875 0.453125 0.78125 0.46875 0.78125 0.46875 0.7796875 0.4703125 0.778125 0.471875 0.778125 0.471875 0.7765625 0.4734375 0.775 0.475 0.775 0.475 0.7734375
1 0.546875 0.7671875 0.546875 0.76875 0.5453125 0.7703125 0.5390625 0.7703125 0.5390625 0.771875 0.5453125 0.771875 0.5453125 0.7703125 0.546875 0.76875 0.55 0.76875 0.55 0.7671875
1 0.5953125 0.7140625 0.5953125 0.721875 0.596875 0.721875 0.5984375 0.7234375 0.5984375 0.7265625 0.596875 0.728125 0.5953125 0.728125 0.59375 0.7296875 0.5921875 0.7296875 0.5921875 0.73125 0.6078125 0.73125 0.6078125 0.7296875 0.60625 0.728125 0.60625 0.7234375 0.6046875 0.7234375 0.603125 0.721875 0.603125 0.7203125 0.6046875 0.71875 0.60625 0.71875 0.60625 0.7171875 0.6046875 0.7171875 0.603125 0.715625 0.603125 0.7140625
1 0.690625 0.7109375 0.690625 0.7125 0.6984375 0.7125 0.6984375 0.7109375
1 0.359375 0.7078125 0.359375 0.709375 0.3625 0.709375 0.3625 0.7078125
1 0.35625 0.684375 0.35625 0.6859375 0.359375 0.6859375 0.359375 0.684375
1 0.5453125 0.6640625 0.5453125 0.665625 0.5484375 0.665625 0.5484375 0.6640625
1 0.4859375 0.6515625 0.4859375 0.653125 0.484375 0.6546875 0.4765625 0.6546875 0.4765625 0.65625 0.4890625 0.65625 0.4890625 0.6515625
1 0.5953125 0.5203125 0.5953125 0.521875 0.596875 0.521875 0.5984375 0.5234375 0.5984375 0.53125 0.603125 0.53125 0.603125 0.5296875 0.6046875 0.528125 0.60625 0.528125 0.60625 0.5234375 0.6046875 0.5234375 0.603125 0.521875 0.603125 0.5203125
1 0.6078125 0.49375 0.6078125 0.4953125 0.60625 0.496875 0.6046875 0.496875 0.6046875 0.5015625 0.603125 0.503125 0.6015625 0.503125 0.6015625 0.5046875 0.6140625 0.5046875 0.6140625 0.503125 0.609375 0.503125 0.6078125 0.5015625 0.6078125 0.5 0.609375 0.4984375 0.6109375 0.4984375 0.6109375 0.496875 0.6125 0.4953125 0.6140625 0.4953125 0.6140625 0.49375
