1 0.5921875 0.81875 0.5921875 0.8203125 0.596875 0.8203125 0.596875 0.81875
1 0.4171875 0.7921875 0.4171875 0.79375 0.4203125 0.79375 0.4203125 0.7921875
1 0.5890625 0.759375 0.5890625 0.7640625 0.5875 0.765625 0.575 0.765625 0.5734375 0.7671875 0.56875 0.7671875 0.56875 0.76875 0.5671875 0.7703125 0.5625 0.7703125 0.5625 0.771875 0.5609375 0.7734375 0.553125 0.7734375 0.5515625 0.771875 0.5515625 0.7703125 0.5390625 0.7703125 0.5390625 0.771875 0.5515625 0.771875 0.553125 0.7734375 0.553125 0.775 0.5578125 0.775 0.559375 0.7765625 0.559375 0.778125 0.5578125 0.7796875 0.5203125 0.7796875 0.5203125 0.78125 0.51875 0.7828125 0.509375 0.7828125 0.509375 0.784375 0.525 0.784375 0.5265625 0.7859375 0.5265625 0.7875 0.528125 0.7875 0.5296875 0.7890625 0.5296875 0.79375 0.53125 0.79375 0.5328125 0.7953125 0.5453125 0.7953125 0.546875 0.79375 0.5515625 0.79375 0.5515625 0.7921875 0.553125 0.790625 0.5578125 0.790625 0.5578125 0.7890625 0.559375 0.7875 0.5640625 0.7875 0.5640625 0.7859375 0.565625 0.784375 0.5671875 0.784375 0.5671875 0.7828125 0.56875 0.78125 0.5765625 0.78125 0.578125 0.7828125 0.578125 0.7875 0.5796875 0.7890625 0.5796875 0.790625 0.578125 0.7921875 0.578125 0.79375 0.5875 0.79375 0.5875 0.7890625 0.5890625 0.7875 0.590625 0.7875 0.590625 0.7859375 0.5890625 0.7859375 0.5875 0.784375 0.5875 0.7828125 0.5859375 0.7828125 0.584375 0.78125 0.584375 0.7734375 0.5859375 0.771875 0.596875 0.771875 0.596875 0.7671875 0.5984375 0.765625 0.6 0.765625 0.6 0.7640625 0.6015625 0.7625 0.603125 0.7625 0.603125 0.759375
1 0.4078125 0.759375 0.4078125 0.7640625 0.40625 0.765625 0.4046875 0.765625 0.403125 0.7671875 0.4015625 0.7671875 0.4015625 0.76875 0.40625 0.76875 0.4078125 0.7703125 0.4078125 0.775 0.4203125 0.775 0.4203125 0.7734375 0.41875 0.771875 0.41875 0.7703125 0.4203125 0.76875 0.421875 0.7703125 0.4234375 0.7703125 0.4234375 0.7671875 0.421875 0.7671875 0.4203125 0.765625 0.4203125 0.7640625 0.421875 0.7625 0.4234375 0.7625 0.4234375 0.7609375 0.421875 0.7609375 0.4203125 0.7625 0.41875 0.7609375 0.41875 0.759375
1 0.31875 0.75625 0.31875 0.7578125 0.3203125 0.7578125 0.321875 0.759375 0.321875 0.7640625 0.328125 0.7640625 0.3296875 0.7625 0.33125 0.7625 0.33125 0.759375 0.3296875 0.759375 0.328125 0.7578125 0.328125 0.75625
1 0.6484375 0.7171875 0.6484375 0.71875 0.646875 0.7203125 0.6453125 0.7203125 0.6453125 0.725 0.64375 0.7265625 0.640625 0.7265625 0.640625 0.728125 0.6390625 0.7296875 0.6375 0.7296875 0.6359375 0.73125 0.63125 0.73125 0.63125 0.734375 0.6359375 0.734375 0.6375 0.7359375 0.653125 0.7359375 0.653125 0.7328125 0.6515625 0.7328125 0.65 0.73125 0.65 0.7296875 0.6515625 0.728125 0.65625 0.728125 0.65625 0.7265625 0.6546875 0.7265625 0.653125 0.725 0.653125 0.7203125 0.6515625 0.7203125 0.65 0.71875 0.65 0.7171875
1 0.3296875 0.7046875 0.3296875 0.70625 0.328125 0.7078125 0.325 0.7078125 0.325 0.709375 0.3265625 0.709375 0.328125 0.7109375 0.328125 0.7125 0.340625 0.7125 0.340625 0.7109375 0.3421875 0.709375 0.346875 0.709375 0.346875 0.7046875
1 0.2765625 0.6984375 0.2765625 0.7015625 0.284375 0.7015625 0.284375 0.7 0.2828125 0.7 0.28125 0.6984375
1 0.2828125 0.69375 0.2828125 0.6953125 0.284375 0.6953125 0.284375 0.69375
1 0.565625 0.671875 0.565625 0.675 0.5765625 0.675 0.5765625 0.671875
1 0.7109375 0.6578125 0.7109375 0.659375 0.7125 0.659375 0.7140625 0.6609375 0.7140625 0.6625 0.7125 0.6640625 0.7078125 0.6640625 0.7078125 0.665625 0.70625 0.6671875 0.696875 0.6671875 0.696875 0.66875 0.728125 0.66875 0.728125 0.6671875 0.7296875 0.665625 0.73125 0.665625 0.73125 0.6640625 0.7296875 0.6640625 0.728125 0.6625 0.728125 0.6609375 0.7296875 0.659375 0.7390625 0.659375 0.7390625 0.6578125
1 0.3484375 0.6546875 0.3484375 0.6625 0.3609375 0.6625 0.3609375 0.6609375 0.3625 0.659375 0.3640625 0.659375 0.3640625 0.6578125 0.359375 0.6578125 0.3578125 0.65625 0.3578125 0.6546875
1 0.7109375 0.6421875 0.7109375 0.64375 0.7125 0.64375 0.7125 0.6421875
1 0.6875 0.628125 0.6875 0.6296875 0.6921875 0.6296875 0.6921875 0.628125
1 0.621875 0.615625 0.621875 0.6203125 0.6296875 0.6203125 0.6296875 0.61875 0.63125 0.6171875 0.6328125 0.6171875 0.6328125 0.615625
1 0.434375 0.5265625 0.434375 0.53125 0.4328125 0.5328125 0.43125 0.5328125 0.43125 0.534375 0.4296875 0.5359375 0.425 0.5359375 0.425 0.5375 0.4234375 0.5390625 0.421875 0.5390625 0.421875 0.540625 0.425 0.540625 0.425 0.5390625 0.4265625 0.5375 0.4296875 0.5375 0.43125 0.5390625 0.43125 0.540625 0.4328125 0.540625 0.434375 0.5421875 0.434375 0.54375 0.4359375 0.54375 0.4375 0.5453125 0.4421875 0.5453125 0.44375 0.546875 0.4515625 0.546875 0.453125 0.5453125 0.4890625 0.5453125 0.4890625 0.5421875 0.490625 0.540625 0.4921875 0.540625 0.4921875 0.5390625 0.4875 0.5390625 0.4859375 0.5375 0.4859375 0.5359375 0.484375 0.5359375 0.4828125 0.534375 0.4828125 0.5328125 0.484375 0.53125 0.4859375 0.53125 0.4859375 0.5296875 0.4375 0.5296875 0.4359375 0.528125 0.4359375 0.5265625
