1 0.371875 0.7921875 0.371875 0.7953125 0.3796875 0.7953125 0.3796875 0.7921875
1 0.3453125 0.7828125 0.3453125 0.784375 0.353125 0.784375 0.353125 0.7828125
1 0.44375 0.7703125 0.44375 0.771875 0.4515625 0.771875 0.453125 0.7734375 0.453125 0.778125 0.459375 0.778125 0.4609375 0.7796875 0.4609375 0.78125 0.4625 0.78125 0.4625 0.7796875 0.4640625 0.778125 0.471875 0.778125 0.471875 0.7765625 0.4734375 0.775 0.475 0.775 0.475 0.7734375 0.4640625 0.7734375 0.4625 0.771875 0.4625 0.7703125
1 0.5390625 0.7671875 0.5390625 0.771875 0.5484375 0.771875 0.5484375 0.7671875
1 0.5890625 0.7140625 0.5890625 0.715625 0.590625 0.715625 0.5921875 0.7171875 0.5921875 0.71875 0.59375 0.71875 0.5953125 0.7203125 0.5953125 0.721875 0.596875 0.721875 0.5984375 0.7234375 0.5984375 0.725 0.596875 0.7265625 0.5953125 0.7265625 0.5953125 0.73125 0.6078125 0.73125 0.6078125 0.7265625 0.60625 0.725 0.60625 0.7234375 0.6078125 0.721875 0.6078125 0.7171875 0.60625 0.715625 0.60625 0.7140625
1 0.6875 0.7078125 0.6875 0.709375 0.6859375 0.7109375 0.684375 0.7109375 0.684375 0.7125 0.6859375 0.7125 0.6875 0.7140625 0.6875 0.715625 0.6984375 0.715625 0.6984375 0.7078125
1 0.5421875 0.6578125 0.5421875 0.659375 0.540625 0.6609375 0.5390625 0.6609375 0.5390625 0.665625 0.5546875 0.665625 0.5546875 0.6609375 0.553125 0.6609375 0.5515625 0.659375 0.5515625 0.6578125
1 0.56875 0.6015625 0.56875 0.6078125 0.5875 0.6078125 0.5875 0.6046875 0.5828125 0.6046875 0.58125 0.603125 0.58125 0.6015625
1 0.5921875 0.5328125 0.5921875 0.534375 0.59375 0.534375 0.5953125 0.5359375 0.5953125 0.5375 0.596875 0.5375 0.596875 0.5359375 0.5984375 0.534375 0.60625 0.534375 0.60625 0.5328125 0.5984375 0.5328125 0.5984375 0.534375 0.596875 0.5359375 0.5953125 0.5359375 0.59375 0.534375 0.59375 0.5328125
1 0.5421875 0.5234375 0.5421875 0.525 0.54375 0.525 0.54375 0.5234375
1 0.6078125 0.503125 0.6078125 0.5046875 0.60625 0.50625 0.6046875 0.50625 0.6046875 0.5078125 0.603125 0.509375 0.6015625 0.509375 0.6015625 0.5109375 0.603125 0.5109375 0.6046875 0.5125 0.6046875 0.5140625 0.603125 0.515625 0.6015625 0.515625 0.6 0.5140625 0.5984375 0.5140625 0.5984375 0.5171875 0.603125 0.5171875 0.6046875 0.515625 0.6078125 0.515625 0.6078125 0.5125 0.609375 0.5109375 0.6109375 0.5109375 0.6109375 0.509375 0.6125 0.5078125 0.6140625 0.5078125 0.6140625 0.50625 0.615625 0.5046875 0.6171875 0.5046875 0.6171875 0.503125
1 0.6046875 0.484375 0.6046875 0.4890625 0.603125 0.490625 0.5953125 0.490625 0.5953125 0.4921875 0.6 0.4921875 0.6015625 0.49375 0.6015625 0.4953125 0.603125 0.4953125 0.6046875 0.496875 0.6046875 0.4984375 0.6171875 0.4984375 0.6171875 0.496875 0.615625 0.496875 0.6140625 0.4953125 0.6140625 0.49375 0.615625 0.4921875 0.6171875 0.4921875 0.6171875 0.490625 0.61875 0.4890625 0.6234375 0.4890625 0.6234375 0.4859375 0.61875 0.4859375 0.6171875 0.484375
