1 0.553125 0.7703125 0.553125 0.771875 0.5515625 0.7734375 0.55 0.7734375 0.55 0.775 0.5609375 0.775 0.5609375 0.7734375 0.5625 0.771875 0.5640625 0.771875 0.5640625 0.7703125
1 0.5203125 0.753125 0.5203125 0.7546875 0.521875 0.7546875 0.5234375 0.75625 0.5234375 0.7578125 0.521875 0.759375 0.5203125 0.759375 0.5203125 0.7609375 0.521875 0.7609375 0.5234375 0.7625 0.5234375 0.765625 0.534375 0.765625 0.534375 0.7640625 0.5359375 0.7625 0.5375 0.7625 0.5375 0.759375 0.5359375 0.759375 0.534375 0.7578125 0.534375 0.75625 0.5328125 0.75625 0.53125 0.7546875 0.53125 0.753125
1 0.371875 0.7171875 0.371875 0.71875 0.3734375 0.71875 0.375 0.7203125 0.375 0.721875 0.3765625 0.721875 0.378125 0.7234375 0.378125 0.725 0.3828125 0.725 0.3828125 0.7234375 0.38125 0.7234375 0.3796875 0.721875 0.3796875 0.7171875
1 0.6609375 0.7078125 0.6609375 0.709375 0.659375 0.7109375 0.6578125 0.7109375 0.6578125 0.7125 0.659375 0.7125 0.6609375 0.7140625 0.6609375 0.715625 0.6625 0.715625 0.6640625 0.7171875 0.6640625 0.71875 0.665625 0.71875 0.6671875 0.7203125 0.6671875 0.721875 0.6734375 0.721875 0.6734375 0.7203125 0.675 0.71875 0.6765625 0.71875 0.6765625 0.7140625 0.671875 0.7140625 0.6703125 0.7125 0.6703125 0.7109375 0.66875 0.709375 0.66875 0.7078125
1 0.6609375 0.6484375 0.6609375 0.653125 0.6625 0.653125 0.6640625 0.6546875 0.6640625 0.65625 0.66875 0.65625 0.66875 0.6484375
1 0.571875 0.6359375 0.571875 0.6390625 0.584375 0.6390625 0.584375 0.6359375
1 0.628125 0.63125 0.628125 0.6328125 0.6390625 0.6328125 0.6390625 0.63125
1 0.6453125 0.628125 0.6453125 0.6296875 0.646875 0.6296875 0.6484375 0.63125 0.6484375 0.6328125 0.646875 0.634375 0.6453125 0.634375 0.6453125 0.6375 0.646875 0.6375 0.6484375 0.6390625 0.653125 0.6390625 0.653125 0.63125 0.6546875 0.6296875 0.659375 0.6296875 0.659375 0.628125
1 0.6125 0.628125 0.6125 0.6296875 0.6203125 0.6296875 0.6203125 0.628125
1 0.5828125 0.6046875 0.5828125 0.60625 0.5796875 0.609375 0.5796875 0.6125 0.58125 0.6109375 0.5828125 0.6125 0.5828125 0.6140625 0.5875 0.6140625 0.5875 0.6125 0.5890625 0.6109375 0.590625 0.6109375 0.5921875 0.6125 0.5921875 0.6171875 0.6 0.6171875 0.6015625 0.61875 0.6015625 0.6203125 0.60625 0.6203125 0.6078125 0.621875 0.6078125 0.6234375 0.6203125 0.6234375 0.6203125 0.621875 0.615625 0.621875 0.6140625 0.6203125 0.6140625 0.61875 0.615625 0.6171875 0.6203125 0.6171875 0.6203125 0.615625 0.61875 0.615625 0.6171875 0.6140625 0.6171875 0.6125 0.6125 0.6125 0.6109375 0.6109375 0.6109375 0.609375 0.6046875 0.609375 0.603125 0.6078125 0.5953125 0.6078125 0.59375 0.60625 0.59375 0.6046875
1 0.5734375 0.6046875 0.5734375 0.6078125 0.5765625 0.6078125 0.5765625 0.6046875
