1 0.5171875 0.85625 0.515625 0.8578125 0.5125 0.8578125 0.5125 0.8609375 0.5109375 0.8625 0.509375 0.8625 0.509375 0.8640625 0.51875 0.8640625 0.51875 0.8625 0.5171875 0.8625 0.515625 0.8609375 0.515625 0.859375 0.5171875 0.8578125 0.51875 0.8578125 0.5203125 0.859375 0.521875 0.859375 0.521875 0.85625
1 0.509375 0.7890625 0.509375 0.790625 0.5109375 0.790625 0.5109375 0.7890625
1 0.48125 0.7859375 0.48125 0.790625 0.484375 0.790625 0.484375 0.7859375
1 0.421875 0.7828125 0.421875 0.784375 0.4203125 0.7859375 0.4203125 0.790625 0.41875 0.7921875 0.4171875 0.7921875 0.4171875 0.7953125 0.4203125 0.7953125 0.421875 0.79375 0.4234375 0.79375 0.4234375 0.7921875 0.425 0.790625 0.4265625 0.790625 0.4265625 0.7859375 0.428125 0.784375 0.4296875 0.784375 0.4296875 0.7828125
1 0.49375 0.7765625 0.49375 0.778125 0.5140625 0.778125 0.5140625 0.7765625
1 0.5984375 0.7609375 0.5984375 0.7640625 0.6 0.7640625 0.6 0.7609375
1 0.5296875 0.7609375 0.5296875 0.7625 0.528125 0.7640625 0.5234375 0.7640625 0.521875 0.7625 0.5171875 0.7625 0.5171875 0.765625 0.521875 0.765625 0.5234375 0.7671875 0.525 0.7671875 0.5265625 0.765625 0.528125 0.765625 0.5296875 0.7640625 0.53125 0.7640625 0.5328125 0.765625 0.5328125 0.76875 0.53125 0.7703125 0.5265625 0.7703125 0.5265625 0.771875 0.53125 0.771875 0.5328125 0.7734375 0.5328125 0.775 0.53125 0.7765625 0.5203125 0.7765625 0.5203125 0.778125 0.525 0.778125 0.5265625 0.7796875 0.5265625 0.79375 0.528125 0.79375 0.5296875 0.7953125 0.534375 0.7953125 0.5359375 0.796875 0.5359375 0.8015625 0.5375 0.8015625 0.5390625 0.803125 0.5390625 0.8046875 0.540625 0.8046875 0.540625 0.8 0.5421875 0.7984375 0.5453125 0.7984375 0.5453125 0.796875 0.546875 0.7953125 0.5484375 0.7953125 0.55 0.79375 0.5546875 0.79375 0.5546875 0.7921875 0.55625 0.790625 0.5734375 0.790625 0.5734375 0.7890625 0.575 0.7875 0.58125 0.7875 0.5828125 0.7890625 0.5828125 0.7953125 0.584375 0.7953125 0.5859375 0.796875 0.5875 0.796875 0.5875 0.79375 0.5859375 0.79375 0.584375 0.7921875 0.584375 0.7890625 0.5859375 0.7875 0.590625 0.7875 0.590625 0.7859375 0.571875 0.7859375 0.5703125 0.784375 0.5703125 0.7828125 0.571875 0.78125 0.5765625 0.78125 0.5765625 0.7796875 0.578125 0.778125 0.58125 0.778125 0.58125 0.7765625 0.5796875 0.7765625 0.578125 0.775 0.578125 0.7734375 0.5796875 0.771875 0.58125 0.771875 0.58125 0.7703125 0.5796875 0.7703125 0.578125 0.76875 0.578125 0.7671875 0.5796875 0.765625 0.58125 0.765625 0.5828125 0.7640625 0.5875 0.7640625 0.5875 0.7609375 0.5828125 0.7609375 0.58125 0.7625 0.5328125 0.7625 0.53125 0.7609375
1 0.428125 0.759375 0.428125 0.7609375 0.4296875 0.7609375 0.43125 0.7625 0.453125 0.7625 0.4546875 0.7640625 0.4546875 0.765625 0.45625 0.765625 0.4578125 0.7671875 0.459375 0.7671875 0.4609375 0.765625 0.4921875 0.765625 0.4921875 0.7625 0.4609375 0.7625 0.459375 0.7640625 0.4578125 0.7640625 0.45625 0.7625 0.4546875 0.7625 0.453125 0.7609375 0.453125 0.759375
1 0.4078125 0.759375 0.40625 0.7609375 0.4046875 0.7609375 0.4046875 0.7640625 0.40625 0.7640625 0.4078125 0.7625 0.409375 0.7625 0.4109375 0.7640625 0.4109375 0.76875 0.4125 0.76875 0.4140625 0.7703125 0.4140625 0.771875 0.41875 0.771875 0.41875 0.7640625 0.421875 0.7609375 0.421875 0.759375
1 0.5890625 0.7140625 0.5890625 0.715625 0.59375 0.715625 0.59375 0.7140625
1 0.3390625 0.7078125 0.3390625 0.709375 0.34375 0.709375 0.34375 0.7078125
1 0.5921875 0.703125 0.5921875 0.70625 0.59375 0.70625 0.59375 0.703125
1 0.3453125 0.7015625 0.3453125 0.7046875 0.3578125 0.7046875 0.3578125 0.7015625
1 0.6578125 0.7 0.6578125 0.703125 0.65625 0.7046875 0.6515625 0.7046875 0.6515625 0.7078125 0.653125 0.7078125 0.6546875 0.709375 0.6546875 0.7125 0.653125 0.7140625 0.6515625 0.7140625 0.6515625 0.715625 0.65 0.7171875 0.6484375 0.7171875 0.6484375 0.71875 0.653125 0.71875 0.6546875 0.7203125 0.6546875 0.721875 0.653125 0.7234375 0.6453125 0.7234375 0.6453125 0.725 0.64375 0.7265625 0.6421875 0.7265625 0.6421875 0.728125 0.640625 0.7296875 0.634375 0.7296875 0.634375 0.73125 0.6328125 0.7328125 0.625 0.7328125 0.6234375 0.734375 0.621875 0.734375 0.621875 0.7359375 0.6203125 0.7375 0.61875 0.7375 0.61875 0.7390625 0.6171875 0.740625 0.6125 0.740625 0.6125 0.7421875 0.6203125 0.7421875 0.6203125 0.7390625 0.621875 0.7375 0.6234375 0.7375 0.625 0.7359375 0.6296875 0.7359375 0.63125 0.7375 0.63125 0.7390625 0.6296875 0.740625 0.625 0.740625 0.625 0.7421875 0.659375 0.7421875 0.659375 0.740625 0.6546875 0.740625 0.653125 0.7390625 0.653125 0.7375 0.6546875 0.7359375 0.65625 0.7359375 0.65625 0.7328125 0.6578125 0.73125 0.659375 0.73125 0.659375 0.7265625 0.6609375 0.725 0.6625 0.725 0.6625 0.7234375 0.6609375 0.7234375 0.659375 0.721875 0.659375 0.7203125 0.6609375 0.71875 0.6625 0.71875 0.6625 0.7078125 0.6640625 0.70625 0.665625 0.70625 0.665625 0.7046875 0.6640625 0.7046875 0.6625 0.703125 0.6609375 0.703125 0.659375 0.7015625 0.659375 0.7
1 0.6078125 0.690625 0.6078125 0.6921875 0.6140625 0.6921875 0.6140625 0.690625
1 0.5859375 0.690625 0.5859375 0.6921875 0.596875 0.6921875 0.596875 0.690625
1 0.3421875 0.684375 0.3421875 0.6859375 0.3578125 0.6859375 0.3578125 0.684375
1 0.6484375 0.678125 0.6484375 0.6796875 0.65 0.6796875 0.65 0.678125
1 0.6078125 0.678125 0.6078125 0.6796875 0.6140625 0.6796875 0.6140625 0.678125
1 0.5921875 0.678125 0.5921875 0.6796875 0.6 0.6796875 0.6 0.678125
1 0.6078125 0.671875 0.6078125 0.6734375 0.6109375 0.6734375 0.6109375 0.671875
1 0.7078125 0.6578125 0.7078125 0.659375 0.709375 0.659375 0.7109375 0.6609375 0.7109375 0.6625 0.709375 0.6640625 0.703125 0.6640625 0.703125 0.665625 0.721875 0.665625 0.721875 0.6609375 0.7234375 0.659375 0.725 0.659375 0.725 0.6578125
1 0.7078125 0.6390625 0.7078125 0.6421875 0.709375 0.6421875 0.7109375 0.64375 0.7109375 0.646875 0.7125 0.646875 0.7125 0.6453125 0.7140625 0.64375 0.715625 0.64375 0.715625 0.6421875 0.7109375 0.6421875 0.709375 0.640625 0.709375 0.6390625
1 0.690625 0.63125 0.690625 0.6328125 0.6921875 0.6328125 0.6921875 0.63125
1 0.628125 0.615625 0.628125 0.6171875 0.6265625 0.61875 0.625 0.61875 0.625 0.6203125 0.6328125 0.6203125 0.6328125 0.615625
