1 0.4583333333333333 0.8184523809523809 0.4642857142857143 0.8244047619047619 0.4642857142857143 0.8273809523809523 0.4642857142857143 0.8244047619047619 0.47023809523809523 0.8184523809523809
1 0.5386904761904762 0.7767857142857143 0.5416666666666666 0.7767857142857143
1 0.6666666666666666 0.7619047619047619 0.6785714285714286 0.7619047619047619
1 0.6636904761904762 0.7559523809523809 0.6726190476190477 0.7559523809523809
1 0.5119047619047619 0.7470238095238095 0.5148809523809523 0.7470238095238095 0.5178571428571429 0.75 0.5178571428571429 0.7589285714285714 0.5238095238095238 0.7589285714285714 0.5238095238095238 0.7559523809523809 0.5208333333333334 0.7529761904761905 0.5238095238095238 0.75 0.5267857142857143 0.75 0.5238095238095238 0.75 0.5208333333333334 0.7470238095238095
1 0.7142857142857143 0.7440476190476191
1 0.6994047619047619 0.7440476190476191
1 0.39285714285714285 0.7113095238095238 0.3958333333333333 0.7113095238095238
1 0.36904761904761907 0.7113095238095238 0.37202380952380953 0.7142857142857143 0.36904761904761907 0.7172619047619048 0.36607142857142855 0.7172619047619048 0.3630952380952381 0.7202380952380952 0.36607142857142855 0.7232142857142857 0.36904761904761907 0.7232142857142857 0.36904761904761907 0.7202380952380952 0.37202380952380953 0.7172619047619048 0.375 0.7172619047619048 0.38095238095238093 0.7232142857142857 0.38392857142857145 0.7202380952380952 0.3958333333333333 0.7202380952380952 0.39285714285714285 0.7202380952380952 0.3898809523809524 0.7172619047619048 0.38392857142857145 0.7172619047619048 0.38095238095238093 0.7142857142857143 0.38392857142857145 0.7113095238095238
1 0.6696428571428571 0.7053571428571429
1 0.43452380952380953 0.7023809523809523 0.43452380952380953 0.7083333333333334 0.43154761904761907 0.7113095238095238 0.43452380952380953 0.7113095238095238 0.4375 0.7142857142857143 0.44047619047619047 0.7142857142857143 0.44345238095238093 0.7113095238095238 0.44642857142857145 0.7113095238095238 0.44047619047619047 0.7113095238095238 0.4375 0.7083333333333334 0.44047619047619047 0.7053571428571429 0.4375 0.7023809523809523
1 0.5892857142857143 0.6875 0.5952380952380952 0.6875
1 0.6101190476190477 0.6666666666666666 0.6101190476190477 0.6696428571428571 0.6130952380952381 0.6696428571428571 0.6160714285714286 0.6726190476190477 0.6160714285714286 0.6755952380952381 0.6220238095238095 0.6815476190476191 0.6220238095238095 0.6875 0.6309523809523809 0.6964285714285714 0.6279761904761905 0.6994047619047619 0.625 0.6994047619047619 0.6279761904761905 0.6994047619047619 0.6309523809523809 0.6964285714285714 0.6428571428571429 0.6964285714285714 0.6458333333333334 0.6994047619047619 0.6666666666666666 0.6994047619047619 0.6696428571428571 0.6964285714285714 0.6577380952380952 0.6964285714285714 0.6547619047619048 0.6934523809523809 0.6577380952380952 0.6904761904761905 0.6607142857142857 0.6904761904761905 0.6636904761904762 0.6875 0.6815476190476191 0.6875 0.6815476190476191 0.6845238095238095 0.6785714285714286 0.6815476190476191 0.6815476190476191 0.6785714285714286 0.6785714285714286 0.6785714285714286 0.6755952380952381 0.6755952380952381 0.6726190476190477 0.6755952380952381 0.6696428571428571 0.6726190476190477 0.6726190476190477 0.6696428571428571 0.6875 0.6696428571428571 0.6875 0.6666666666666666
1 0.33035714285714285 0.6666666666666666 0.3333333333333333 0.6696428571428571 0.34523809523809523 0.6696428571428571 0.34226190476190477 0.6666666666666666
1 0.375 0.6607142857142857 0.37797619047619047 0.6636904761904762 0.38095238095238093 0.6636904761904762 0.37797619047619047 0.6607142857142857
1 0.6815476190476191 0.6577380952380952 0.6815476190476191 0.6607142857142857 0.6845238095238095 0.6577380952380952
1 0.37797619047619047 0.6547619047619048 0.38392857142857145 0.6547619047619048 0.3869047619047619 0.6577380952380952 0.3869047619047619 0.6607142857142857 0.39285714285714285 0.6666666666666666 0.39285714285714285 0.6636904761904762 0.38392857142857145 0.6547619047619048
1 0.6755952380952381 0.6458333333333334 0.6785714285714286 0.6488095238095238 0.6815476190476191 0.6488095238095238 0.6815476190476191 0.6458333333333334
1 0.6994047619047619 0.6339285714285714 0.6964285714285714 0.6369047619047619 0.6934523809523809 0.6369047619047619 0.6964285714285714 0.6369047619047619 0.6994047619047619 0.6398809523809523 0.6994047619047619 0.6428571428571429 0.6964285714285714 0.6458333333333334 0.6934523809523809 0.6458333333333334 0.6904761904761905 0.6428571428571429 0.6904761904761905 0.6488095238095238 0.6964285714285714 0.6488095238095238 0.7023809523809523 0.6428571428571429 0.6994047619047619 0.6398809523809523 0.7023809523809523 0.6369047619047619 0.7113095238095238 0.6369047619047619 0.7113095238095238 0.6339285714285714 0.7083333333333334 0.6369047619047619 0.7053571428571429 0.6369047619047619 0.7023809523809523 0.6339285714285714
1 0.5952380952380952 0.6309523809523809 0.5982142857142857 0.6309523809523809 0.6011904761904762 0.6339285714285714 0.6071428571428571 0.6339285714285714 0.6041666666666666 0.6309523809523809
1 0.6428571428571429 0.6220238095238095 0.6577380952380952 0.6220238095238095 0.6607142857142857 0.625 0.6577380952380952 0.6279761904761905 0.6517857142857143 0.6279761904761905 0.6488095238095238 0.6309523809523809 0.6458333333333334 0.6309523809523809 0.6428571428571429 0.6279761904761905 0.6428571428571429 0.6309523809523809 0.6488095238095238 0.6309523809523809 0.6517857142857143 0.6339285714285714 0.6577380952380952 0.6339285714285714 0.6607142857142857 0.6369047619047619 0.6666666666666666 0.6369047619047619 0.6666666666666666 0.6339285714285714 0.6696428571428571 0.6309523809523809 0.6845238095238095 0.6309523809523809 0.6696428571428571 0.6309523809523809 0.6666666666666666 0.6279761904761905 0.6666666666666666 0.625 0.6696428571428571 0.6220238095238095 0.6755952380952381 0.6220238095238095
