1 0.434375 0.8328125 0.434375 0.834375 0.4328125 0.8359375 0.425 0.8359375 0.425 0.8375 0.4234375 0.8390625 0.421875 0.8390625 0.421875 0.840625 0.4390625 0.840625 0.4390625 0.8359375 0.4375 0.8359375 0.4359375 0.834375 0.4359375 0.8328125
1 0.5734375 0.7796875 0.5734375 0.784375 0.5765625 0.784375 0.5765625 0.7796875
1 0.609375 0.7671875 0.609375 0.76875 0.6171875 0.76875 0.6171875 0.7671875
1 0.4578125 0.75 0.4578125 0.7515625 0.459375 0.7515625 0.459375 0.75
1 0.6578125 0.73125 0.6578125 0.734375 0.6625 0.734375 0.6625 0.73125
1 0.63125 0.7265625 0.63125 0.728125 0.6359375 0.728125 0.6375 0.7296875 0.6375 0.73125 0.6359375 0.7328125 0.625 0.7328125 0.6234375 0.73125 0.621875 0.73125 0.621875 0.734375 0.6234375 0.734375 0.625 0.7359375 0.6265625 0.7359375 0.628125 0.7375 0.628125 0.7390625 0.6328125 0.7390625 0.634375 0.740625 0.634375 0.7421875 0.6359375 0.74375 0.6359375 0.7453125 0.634375 0.746875 0.63125 0.746875 0.63125 0.7484375 0.6390625 0.7484375 0.6390625 0.74375 0.6375 0.7421875 0.6375 0.740625 0.6390625 0.7390625 0.653125 0.7390625 0.653125 0.7359375 0.6515625 0.7359375 0.65 0.734375 0.65 0.73125 0.6515625 0.7296875 0.653125 0.7296875 0.653125 0.7265625
1 0.678125 0.7140625 0.678125 0.715625 0.6828125 0.715625 0.6828125 0.7140625
1 0.6671875 0.7140625 0.6671875 0.715625 0.6703125 0.715625 0.6703125 0.7140625
1 0.3921875 0.696875 0.3921875 0.6984375 0.39375 0.6984375 0.39375 0.696875
1 0.675 0.671875 0.675 0.675 0.6765625 0.675 0.678125 0.6765625 0.678125 0.6796875 0.6765625 0.68125 0.6703125 0.68125 0.6703125 0.6859375 0.66875 0.6875 0.6671875 0.6875 0.6671875 0.6890625 0.665625 0.690625 0.6640625 0.690625 0.6640625 0.6921875 0.6625 0.69375 0.6578125 0.69375 0.6578125 0.6953125 0.65625 0.696875 0.6453125 0.696875 0.6453125 0.6984375 0.64375 0.7 0.634375 0.7 0.6328125 0.6984375 0.6328125 0.696875 0.621875 0.696875 0.621875 0.6984375 0.6234375 0.6984375 0.625 0.7 0.625 0.7015625 0.6234375 0.703125 0.621875 0.703125 0.621875 0.7046875 0.6234375 0.7046875 0.625 0.703125 0.6328125 0.703125 0.634375 0.7046875 0.634375 0.70625 0.6328125 0.7078125 0.628125 0.7078125 0.628125 0.709375 0.6296875 0.709375 0.63125 0.7109375 0.63125 0.7125 0.6296875 0.7140625 0.628125 0.7140625 0.628125 0.715625 0.653125 0.715625 0.653125 0.7078125 0.6515625 0.7078125 0.65 0.70625 0.65 0.7046875 0.6515625 0.703125 0.6703125 0.703125 0.671875 0.7015625 0.6765625 0.7015625 0.6765625 0.696875 0.678125 0.6953125 0.6796875 0.6953125 0.6796875 0.69375 0.68125 0.6921875 0.6828125 0.6921875 0.6828125 0.675 0.678125 0.675 0.6765625 0.6734375 0.6765625 0.671875
1 0.60625 0.671875 0.60625 0.675 0.609375 0.675 0.609375 0.671875
1 0.6015625 0.6609375 0.6015625 0.665625 0.603125 0.665625 0.603125 0.6609375
1 0.4515625 0.559375 0.4515625 0.5609375 0.4546875 0.5609375 0.4546875 0.559375
1 0.3921875 0.55 0.3921875 0.5515625 0.39375 0.5515625 0.39375 0.55
1 0.4375 0.5421875 0.4375 0.54375 0.4359375 0.5453125 0.43125 0.5453125 0.4296875 0.54375 0.428125 0.54375 0.428125 0.546875 0.4296875 0.546875 0.43125 0.5484375 0.4328125 0.5484375 0.434375 0.55 0.434375 0.5515625 0.4328125 0.553125 0.428125 0.553125 0.428125 0.5546875 0.4265625 0.55625 0.425 0.55625 0.425 0.5578125 0.4265625 0.5578125 0.4265625 0.55625 0.428125 0.5546875 0.4296875 0.5546875 0.43125 0.55625 0.43125 0.5578125 0.4359375 0.5578125 0.4359375 0.55625 0.4375 0.5546875 0.4390625 0.5546875 0.4390625 0.553125 0.440625 0.5515625 0.4421875 0.5515625 0.4421875 0.55 0.44375 0.5484375 0.4453125 0.5484375 0.4453125 0.5421875
