1 0.5773809523809523 0.8988095238095238 0.5773809523809523 0.9017857142857143 0.5744047619047619 0.9047619047619048 0.5714285714285714 0.9047619047619048 0.5803571428571429 0.9047619047619048 0.5803571428571429 0.8988095238095238
1 0.5773809523809523 0.8928571428571429
1 0.42857142857142855 0.7767857142857143 0.43154761904761907 0.7767857142857143 0.43452380952380953 0.7797619047619048 0.4494047619047619 0.7797619047619048 0.4523809523809524 0.7767857142857143
1 0.4255952380952381 0.7678571428571429 0.4255952380952381 0.7708333333333334 0.42857142857142855 0.7708333333333334
1 0.35714285714285715 0.7351190476190477 0.375 0.7351190476190477
1 0.3333333333333333 0.7351190476190477
1 0.3273809523809524 0.7083333333333334 0.3482142857142857 0.7083333333333334
1 0.6101190476190477 0.5178571428571429
1 0.5922619047619048 0.5178571428571429 0.5952380952380952 0.5178571428571429
1 0.6011904761904762 0.5148809523809523
1 0.5773809523809523 0.5119047619047619 0.5922619047619048 0.5119047619047619
1 0.6220238095238095 0.5089285714285714 0.6279761904761905 0.5089285714285714
1 0.6101190476190477 0.49107142857142855 0.6071428571428571 0.49404761904761907 0.5982142857142857 0.49404761904761907 0.5952380952380952 0.49702380952380953 0.5922619047619048 0.49702380952380953 0.5952380952380952 0.5 0.5982142857142857 0.5 0.6011904761904762 0.5029761904761905 0.6011904761904762 0.5059523809523809 0.5982142857142857 0.5089285714285714 0.6130952380952381 0.5089285714285714 0.6130952380952381 0.5 0.6160714285714286 0.49702380952380953 0.6190476190476191 0.49702380952380953 0.6160714285714286 0.49404761904761907 0.6160714285714286 0.49107142857142855
