1 0.5390625 0.7890625 0.5390625 0.790625 0.5515625 0.790625 0.5515625 0.7890625
1 0.5359375 0.7828125 0.5359375 0.784375 0.5609375 0.784375 0.5609375 0.7828125
1 0.4703125 0.7828125 0.4703125 0.790625 0.475 0.790625 0.4765625 0.7921875 0.4765625 0.79375 0.4859375 0.79375 0.4859375 0.7921875 0.4875 0.790625 0.4890625 0.790625 0.4890625 0.7859375 0.4875 0.7859375 0.4859375 0.784375 0.4859375 0.7828125
1 0.5890625 0.759375 0.5890625 0.7609375 0.5875 0.7625 0.5859375 0.7625 0.5859375 0.7640625 0.584375 0.765625 0.5796875 0.765625 0.578125 0.7640625 0.578125 0.7671875 0.5796875 0.76875 0.5875 0.76875 0.5890625 0.7703125 0.5890625 0.771875 0.5875 0.7734375 0.5859375 0.7734375 0.5859375 0.775 0.59375 0.775 0.59375 0.7734375 0.5953125 0.771875 0.596875 0.771875 0.596875 0.7703125 0.5984375 0.76875 0.6 0.76875 0.6 0.7671875 0.6015625 0.765625 0.603125 0.765625 0.603125 0.7625 0.6046875 0.7609375 0.60625 0.7609375 0.60625 0.759375
1 0.30625 0.7046875 0.30625 0.70625 0.3078125 0.70625 0.3078125 0.7046875
1 0.7703125 0.6390625 0.76875 0.640625 0.759375 0.640625 0.7578125 0.6421875 0.75 0.6421875 0.75 0.64375 0.7484375 0.6453125 0.74375 0.6453125 0.74375 0.646875 0.7421875 0.6484375 0.740625 0.6484375 0.740625 0.653125 0.7390625 0.6546875 0.7375 0.6546875 0.7375 0.65625 0.7359375 0.6578125 0.7109375 0.6578125 0.7109375 0.659375 0.71875 0.659375 0.7203125 0.6609375 0.7203125 0.6625 0.71875 0.6640625 0.7171875 0.6640625 0.715625 0.665625 0.7140625 0.665625 0.7140625 0.66875 0.7484375 0.66875 0.7484375 0.6671875 0.75 0.665625 0.7515625 0.665625 0.7515625 0.6640625 0.75 0.6640625 0.7484375 0.6625 0.7484375 0.6609375 0.75 0.659375 0.7546875 0.659375 0.7546875 0.6578125 0.75625 0.65625 0.7609375 0.65625 0.7609375 0.6546875 0.759375 0.6546875 0.7578125 0.653125 0.7578125 0.6515625 0.759375 0.65 0.765625 0.65 0.765625 0.6484375 0.7640625 0.646875 0.7640625 0.6453125 0.765625 0.64375 0.76875 0.64375 0.7703125 0.6421875 0.771875 0.6421875 0.771875 0.6390625
1 0.7140625 0.625 0.7140625 0.6265625 0.7125 0.628125 0.7 0.628125 0.7 0.6328125 0.7453125 0.6328125 0.7453125 0.63125 0.734375 0.63125 0.7328125 0.6296875 0.7328125 0.628125 0.73125 0.6265625 0.73125 0.625
1 0.4859375 0.5390625 0.4859375 0.540625 0.4875 0.5421875 0.4875 0.54375 0.4859375 0.5453125 0.484375 0.54375 0.4609375 0.54375 0.459375 0.5453125 0.4546875 0.5453125 0.4546875 0.546875 0.4859375 0.546875 0.4875 0.5453125 0.4890625 0.5453125 0.490625 0.546875 0.4921875 0.546875 0.4921875 0.54375 0.490625 0.54375 0.4890625 0.5421875 0.4890625 0.5390625
1 0.4546875 0.5390625 0.4546875 0.540625 0.459375 0.540625 0.459375 0.5390625
1 0.4734375 0.5359375 0.4734375 0.5375 0.4828125 0.5375 0.4828125 0.5359375
