1 0.3482142857142857 0.7827380952380952 0.3541666666666667 0.7827380952380952
1 0.4523809523809524 0.7708333333333334 0.46726190476190477 0.7708333333333334
1 0.5416666666666666 0.7619047619047619 0.5386904761904762 0.7648809523809523 0.5327380952380952 0.7648809523809523 0.5386904761904762 0.7708333333333334 0.5476190476190477 0.7708333333333334 0.5476190476190477 0.7619047619047619
1 0.5892857142857143 0.7202380952380952 0.5922619047619048 0.7202380952380952
1 0.5952380952380952 0.7142857142857143
1 0.6875 0.7083333333333334 0.6904761904761905 0.7113095238095238 0.6875 0.7142857142857143 0.6934523809523809 0.7142857142857143 0.6964285714285714 0.7113095238095238 0.6994047619047619 0.7113095238095238 0.6964285714285714 0.7083333333333334
1 0.5416666666666666 0.6577380952380952 0.5386904761904762 0.6607142857142857 0.5416666666666666 0.6607142857142857 0.5446428571428571 0.6636904761904762 0.5476190476190477 0.6636904761904762 0.5505952380952381 0.6607142857142857 0.5535714285714286 0.6607142857142857 0.5535714285714286 0.6577380952380952
1 0.5744047619047619 0.6011904761904762 0.5744047619047619 0.6041666666666666 0.5714285714285714 0.6071428571428571 0.5773809523809523 0.6071428571428571 0.5803571428571429 0.6041666666666666 0.5863095238095238 0.6041666666666666 0.5833333333333334 0.6041666666666666 0.5803571428571429 0.6011904761904762
1 0.5297619047619048 0.5238095238095238 0.5327380952380952 0.5238095238095238 0.5357142857142857 0.5267857142857143 0.5446428571428571 0.5267857142857143 0.5446428571428571 0.5238095238095238
1 0.6071428571428571 0.5029761904761905 0.6071428571428571 0.5059523809523809 0.6160714285714286 0.5059523809523809 0.6160714285714286 0.5029761904761905
1 0.5744047619047619 0.49107142857142855 0.5773809523809523 0.49404761904761907 0.5833333333333334 0.49404761904761907 0.5833333333333334 0.49107142857142855
1 0.6071428571428571 0.4851190476190476 0.6101190476190477 0.4880952380952381 0.6071428571428571 0.49107142857142855 0.5982142857142857 0.49107142857142855 0.6041666666666666 0.49107142857142855 0.6071428571428571 0.49404761904761907 0.6071428571428571 0.49702380952380953 0.6160714285714286 0.49702380952380953 0.6190476190476191 0.49404761904761907 0.6160714285714286 0.49107142857142855 0.6190476190476191 0.4880952380952381 0.6220238095238095 0.4880952380952381 0.6220238095238095 0.4851190476190476
