1 0.5140625 0.803125 0.5140625 0.8046875 0.5171875 0.8046875 0.5171875 0.803125
1 0.5234375 0.7890625 0.5234375 0.790625 0.521875 0.7921875 0.5140625 0.7921875 0.5125 0.790625 0.5125 0.79375 0.5140625 0.79375 0.515625 0.7953125 0.51875 0.7953125 0.5203125 0.79375 0.521875 0.79375 0.521875 0.7921875 0.5234375 0.790625 0.525 0.790625 0.525 0.7890625
1 0.4859375 0.7890625 0.4859375 0.79375 0.4890625 0.79375 0.4890625 0.7890625
1 0.509375 0.7828125 0.509375 0.784375 0.5125 0.784375 0.5125 0.7828125
1 0.484375 0.7796875 0.484375 0.78125 0.4875 0.78125 0.4875 0.7796875
1 0.446875 0.7734375 0.446875 0.775 0.453125 0.775 0.4546875 0.7765625 0.4546875 0.778125 0.45625 0.778125 0.4578125 0.7796875 0.4578125 0.78125 0.46875 0.78125 0.46875 0.7796875 0.4703125 0.778125 0.471875 0.778125 0.4734375 0.7796875 0.4734375 0.78125 0.478125 0.78125 0.478125 0.7796875 0.4734375 0.7796875 0.471875 0.778125 0.471875 0.7765625 0.4671875 0.7765625 0.465625 0.775 0.465625 0.7734375
1 0.4109375 0.7640625 0.4109375 0.7671875 0.415625 0.7671875 0.4171875 0.76875 0.41875 0.76875 0.4203125 0.7703125 0.4203125 0.775 0.4234375 0.775 0.4234375 0.7734375 0.425 0.771875 0.4296875 0.771875 0.4296875 0.7703125 0.43125 0.76875 0.4390625 0.76875 0.4390625 0.7671875 0.43125 0.7671875 0.4296875 0.765625 0.4171875 0.765625 0.415625 0.7640625
1 0.5765625 0.7609375 0.5765625 0.7640625 0.5796875 0.7640625 0.5796875 0.7609375
1 0.640625 0.7234375 0.640625 0.728125 0.6390625 0.7296875 0.6375 0.7296875 0.6375 0.7328125 0.6390625 0.7328125 0.640625 0.734375 0.640625 0.7359375 0.64375 0.7359375 0.64375 0.734375 0.6453125 0.7328125 0.646875 0.7328125 0.646875 0.7234375
1 0.2921875 0.7234375 0.2921875 0.725 0.290625 0.7265625 0.2890625 0.7265625 0.2890625 0.7328125 0.2953125 0.7328125 0.2953125 0.7265625 0.296875 0.725 0.2984375 0.725 0.2984375 0.7234375
1 0.6078125 0.7203125 0.6078125 0.721875 0.60625 0.7234375 0.6046875 0.7234375 0.6046875 0.7359375 0.603125 0.7375 0.5984375 0.7375 0.5984375 0.7390625 0.60625 0.7390625 0.60625 0.7375 0.6078125 0.7359375 0.6078125 0.734375 0.609375 0.7328125 0.6140625 0.7328125 0.6140625 0.7234375 0.6125 0.7234375 0.6109375 0.721875 0.6109375 0.7203125
1 0.3515625 0.69375 0.3515625 0.6953125 0.35 0.696875 0.3453125 0.696875 0.3453125 0.6984375 0.35 0.6984375 0.35 0.696875 0.3515625 0.6953125 0.353125 0.6953125 0.353125 0.69375
1 0.3484375 0.684375 0.3484375 0.6859375 0.35 0.6859375 0.35 0.684375
1 0.3546875 0.6640625 0.3546875 0.665625 0.35625 0.665625 0.35625 0.6640625
1 0.4828125 0.6546875 0.4828125 0.65625 0.48125 0.6578125 0.4796875 0.6578125 0.4796875 0.665625 0.4890625 0.665625 0.4890625 0.6640625 0.490625 0.6625 0.4921875 0.6625 0.4921875 0.6578125 0.49375 0.65625 0.4953125 0.65625 0.4953125 0.6546875
1 0.4875 0.6484375 0.4875 0.65 0.4890625 0.65 0.4890625 0.6484375
1 0.36875 0.6484375 0.36875 0.65 0.3671875 0.6515625 0.365625 0.6515625 0.365625 0.653125 0.3765625 0.653125 0.3765625 0.6515625 0.378125 0.65 0.3796875 0.65 0.3796875 0.6484375
1 0.6015625 0.5 0.6015625 0.5046875 0.6140625 0.5046875 0.6140625 0.503125 0.6046875 0.503125 0.603125 0.5015625 0.603125 0.5
