1 0.578125 0.8921875 0.578125 0.89375 0.5765625 0.8953125 0.571875 0.8953125 0.571875 0.896875 0.5703125 0.8984375 0.56875 0.8984375 0.56875 0.9 0.5703125 0.9 0.571875 0.9015625 0.571875 0.90625 0.5734375 0.90625 0.575 0.9078125 0.575 0.909375 0.58125 0.909375 0.58125 0.9078125 0.5828125 0.90625 0.584375 0.90625 0.584375 0.9015625 0.5859375 0.9 0.5875 0.9 0.5875 0.8984375 0.5859375 0.8984375 0.584375 0.896875 0.584375 0.8953125 0.5828125 0.8953125 0.58125 0.89375 0.58125 0.8921875
1 0.4765625 0.7703125 0.4765625 0.771875 0.4859375 0.771875 0.4859375 0.7703125
1 0.4203125 0.7671875 0.4203125 0.76875 0.4234375 0.76875 0.425 0.7703125 0.425 0.771875 0.4265625 0.771875 0.428125 0.7734375 0.428125 0.778125 0.4296875 0.778125 0.43125 0.7796875 0.43125 0.78125 0.4359375 0.78125 0.4375 0.7828125 0.4375 0.784375 0.45625 0.784375 0.45625 0.7828125 0.4578125 0.78125 0.459375 0.78125 0.459375 0.7796875 0.4546875 0.7796875 0.453125 0.778125 0.453125 0.7765625 0.45 0.7765625 0.4484375 0.775 0.4484375 0.7703125 0.446875 0.7703125 0.4453125 0.76875 0.4453125 0.7671875
1 0.5734375 0.753125 0.5734375 0.7546875 0.5765625 0.7546875 0.5765625 0.753125
1 0.36875 0.734375 0.36875 0.7375 0.3734375 0.7375 0.3734375 0.734375
1 0.3328125 0.734375 0.3328125 0.7375 0.3375 0.7375 0.3375 0.734375
1 0.3453125 0.7078125 0.3453125 0.709375 0.353125 0.709375 0.353125 0.7078125
1 0.328125 0.7078125 0.328125 0.709375 0.3375 0.709375 0.3375 0.7078125
1 0.30625 0.7078125 0.30625 0.709375 0.3109375 0.709375 0.3109375 0.7078125
1 0.5265625 0.6484375 0.5265625 0.65 0.528125 0.65 0.5296875 0.6515625 0.5296875 0.653125 0.53125 0.653125 0.5328125 0.6546875 0.5328125 0.65625 0.53125 0.6578125 0.5296875 0.6578125 0.5296875 0.659375 0.540625 0.659375 0.5421875 0.6609375 0.5421875 0.6625 0.5453125 0.6625 0.5453125 0.6578125 0.5390625 0.6578125 0.5375 0.65625 0.5375 0.6546875 0.5390625 0.653125 0.540625 0.653125 0.540625 0.6484375
1 0.6046875 0.509375 0.6046875 0.5109375 0.6140625 0.5109375 0.6140625 0.509375
1 0.621875 0.50625 0.621875 0.5109375 0.6234375 0.5109375 0.6234375 0.50625
1 0.6078125 0.490625 0.6078125 0.4921875 0.60625 0.49375 0.6015625 0.49375 0.6015625 0.5015625 0.6140625 0.5015625 0.6140625 0.496875 0.6125 0.496875 0.6109375 0.4953125 0.6109375 0.49375 0.6125 0.4921875 0.6171875 0.4921875 0.6171875 0.490625
