1 0.5327380952380952 0.7708333333333334 0.5416666666666666 0.7708333333333334
1 0.4494047619047619 0.7708333333333334 0.44642857142857145 0.7738095238095238 0.4494047619047619 0.7738095238095238 0.4523809523809524 0.7767857142857143 0.4583333333333333 0.7767857142857143 0.46130952380952384 0.7797619047619048 0.47023809523809523 0.7797619047619048 0.47023809523809523 0.7767857142857143 0.46726190476190477 0.7738095238095238 0.46726190476190477 0.7708333333333334 0.4642857142857143 0.7738095238095238 0.46130952380952384 0.7708333333333334
1 0.5505952380952381 0.7678571428571429 0.5535714285714286 0.7678571428571429
1 0.41369047619047616 0.7648809523809523 0.41369047619047616 0.7678571428571429 0.41964285714285715 0.7678571428571429 0.41964285714285715 0.7648809523809523
1 0.40773809523809523 0.7589285714285714 0.42857142857142855 0.7589285714285714
1 0.625 0.7232142857142857
1 0.5982142857142857 0.7232142857142857 0.5982142857142857 0.7261904761904762 0.5952380952380952 0.7291666666666666 0.5922619047619048 0.7291666666666666 0.6071428571428571 0.7291666666666666 0.6071428571428571 0.7232142857142857
1 0.6875 0.7113095238095238 0.6845238095238095 0.7142857142857143 0.6845238095238095 0.7172619047619048 0.6964285714285714 0.7172619047619048 0.7023809523809523 0.7113095238095238
1 0.47619047619047616 0.6636904761904762 0.4880952380952381 0.6636904761904762
1 0.4791666666666667 0.6488095238095238 0.4791666666666667 0.6517857142857143 0.47619047619047616 0.6547619047619048 0.4791666666666667 0.6547619047619048 0.48214285714285715 0.6577380952380952 0.49107142857142855 0.6577380952380952 0.4880952380952381 0.6547619047619048 0.49107142857142855 0.6517857142857143 0.49404761904761907 0.6517857142857143 0.49107142857142855 0.6488095238095238
