1 0.5453125 0.875 0.5453125 0.8765625 0.5546875 0.8765625 0.5546875 0.875
1 0.5 0.85625 0.5 0.8578125 0.5015625 0.8578125 0.503125 0.859375 0.503125 0.8609375 0.5015625 0.8625 0.5 0.8625 0.5 0.8640625 0.5078125 0.8640625 0.509375 0.865625 0.509375 0.8671875 0.5078125 0.86875 0.50625 0.86875 0.50625 0.8734375 0.5140625 0.8734375 0.5140625 0.86875 0.515625 0.8671875 0.515625 0.865625 0.5171875 0.8640625 0.51875 0.8640625 0.51875 0.8578125 0.503125 0.8578125 0.5015625 0.85625
1 0.5921875 0.81875 0.5921875 0.821875 0.59375 0.821875 0.5953125 0.8234375 0.5953125 0.8265625 0.59375 0.828125 0.5921875 0.828125 0.5921875 0.8296875 0.59375 0.8296875 0.5953125 0.828125 0.6 0.828125 0.6015625 0.8296875 0.603125 0.8296875 0.603125 0.8265625 0.6015625 0.8265625 0.6 0.825 0.6 0.81875
1 0.421875 0.7859375 0.421875 0.7875 0.425 0.7875 0.425 0.7859375
1 0.453125 0.7765625 0.453125 0.778125 0.459375 0.778125 0.459375 0.7765625
1 0.6578125 0.7640625 0.6578125 0.7671875 0.659375 0.7671875 0.659375 0.7640625
1 0.5890625 0.7625 0.5890625 0.7640625 0.5875 0.765625 0.5859375 0.765625 0.584375 0.7671875 0.5828125 0.7671875 0.5828125 0.76875 0.58125 0.7703125 0.578125 0.7703125 0.578125 0.771875 0.5765625 0.7734375 0.571875 0.7734375 0.571875 0.775 0.5703125 0.7765625 0.559375 0.7765625 0.559375 0.778125 0.5578125 0.7796875 0.55 0.7796875 0.55 0.78125 0.5484375 0.7828125 0.5296875 0.7828125 0.5296875 0.784375 0.528125 0.7859375 0.496875 0.7859375 0.4953125 0.784375 0.4953125 0.7828125 0.484375 0.7828125 0.4828125 0.78125 0.4828125 0.7796875 0.4671875 0.7796875 0.4671875 0.78125 0.46875 0.78125 0.4703125 0.7828125 0.4703125 0.7875 0.46875 0.7890625 0.4671875 0.7890625 0.4671875 0.790625 0.46875 0.790625 0.4703125 0.7921875 0.4703125 0.79375 0.475 0.79375 0.475 0.7921875 0.4765625 0.790625 0.4828125 0.790625 0.484375 0.7921875 0.484375 0.79375 0.5375 0.79375 0.5390625 0.7953125 0.5453125 0.7953125 0.546875 0.79375 0.5578125 0.79375 0.5578125 0.7921875 0.559375 0.790625 0.5703125 0.790625 0.5703125 0.7890625 0.571875 0.7875 0.578125 0.7875 0.5796875 0.7890625 0.5796875 0.790625 0.58125 0.790625 0.5828125 0.7921875 0.5828125 0.7953125 0.5875 0.7953125 0.5875 0.7921875 0.5890625 0.790625 0.590625 0.790625 0.590625 0.7859375 0.5859375 0.7859375 0.584375 0.784375 0.584375 0.7796875 0.5859375 0.778125 0.590625 0.778125 0.590625 0.7734375 0.5921875 0.771875 0.596875 0.771875 0.596875 0.7703125 0.5984375 0.76875 0.603125 0.76875 0.603125 0.7671875 0.6046875 0.765625 0.60625 0.765625 0.60625 0.7625
1 0.4171875 0.7625 0.4171875 0.7640625 0.415625 0.765625 0.4078125 0.765625 0.40625 0.7671875 0.4046875 0.7671875 0.4046875 0.76875 0.409375 0.76875 0.4109375 0.7703125 0.4109375 0.771875 0.4125 0.771875 0.4140625 0.7734375 0.4140625 0.778125 0.41875 0.778125 0.41875 0.76875 0.4203125 0.7671875 0.4203125 0.7640625 0.41875 0.7625
1 0.6390625 0.7609375 0.6390625 0.7640625 0.6421875 0.7640625 0.6421875 0.7609375
1 0.325 0.759375 0.3234375 0.7609375 0.321875 0.7609375 0.321875 0.7640625 0.3234375 0.7640625 0.325 0.7625 0.328125 0.7625 0.328125 0.759375
1 0.634375 0.740625 0.634375 0.7421875 0.65 0.7421875 0.65 0.740625
1 0.634375 0.734375 0.634375 0.7359375 0.6375 0.7359375 0.6375 0.734375
1 0.625 0.734375 0.6234375 0.7359375 0.621875 0.7359375 0.6203125 0.7375 0.61875 0.7375 0.61875 0.7390625 0.6171875 0.740625 0.615625 0.740625 0.615625 0.7421875 0.6203125 0.7421875 0.6203125 0.740625 0.621875 0.7390625 0.6234375 0.7390625 0.625 0.7375 0.6265625 0.7375 0.6265625 0.734375
1 0.6359375 0.7265625 0.6359375 0.728125 0.6390625 0.728125 0.6390625 0.7265625
1 0.30625 0.7046875 0.30625 0.70625 0.3046875 0.7078125 0.303125 0.7078125 0.303125 0.709375 0.3109375 0.709375 0.3109375 0.7046875
1 0.2828125 0.696875 0.28125 0.6984375 0.2796875 0.6984375 0.2796875 0.7015625 0.28125 0.7015625 0.2828125 0.7 0.284375 0.7 0.2859375 0.6984375 0.29375 0.6984375 0.29375 0.696875
1 0.5984375 0.690625 0.5984375 0.6921875 0.6078125 0.6921875 0.6078125 0.690625
1 0.5859375 0.690625 0.5859375 0.6921875 0.5875 0.6921875 0.5875 0.690625
1 0.5921875 0.678125 0.5921875 0.6796875 0.59375 0.6796875 0.59375 0.678125
1 0.56875 0.675 0.56875 0.6765625 0.5734375 0.6765625 0.5734375 0.675
1 0.7203125 0.6703125 0.7203125 0.671875 0.725 0.671875 0.725 0.6703125
1 0.3484375 0.6609375 0.3484375 0.6625 0.3578125 0.6625 0.3578125 0.6609375
1 0.74375 0.6578125 0.74375 0.659375 0.7453125 0.659375 0.7453125 0.6578125
1 0.7203125 0.6578125 0.7203125 0.6625 0.71875 0.6640625 0.7171875 0.6640625 0.7171875 0.665625 0.71875 0.665625 0.7203125 0.6640625 0.725 0.6640625 0.7265625 0.665625 0.7359375 0.665625 0.7359375 0.6640625 0.7328125 0.6640625 0.73125 0.6625 0.73125 0.6609375 0.7328125 0.659375 0.7359375 0.659375 0.7359375 0.6578125
1 0.746875 0.6484375 0.746875 0.653125 0.7484375 0.653125 0.7484375 0.6515625 0.75 0.65 0.7515625 0.65 0.7515625 0.6484375
1 0.4828125 0.6484375 0.4828125 0.65 0.4890625 0.65 0.4890625 0.6484375
1 0.6875 0.628125 0.6875 0.6328125 0.7015625 0.6328125 0.703125 0.634375 0.703125 0.6359375 0.71875 0.6359375 0.71875 0.634375 0.7140625 0.634375 0.7125 0.6328125 0.7125 0.63125 0.7 0.63125 0.6984375 0.6296875 0.6984375 0.628125
