1 0.509375 0.796875 0.509375 0.8 0.5109375 0.8015625 0.5140625 0.8015625 0.5140625 0.8 0.5125 0.7984375 0.5109375 0.7984375
1 0.453125 0.7671875 0.453125 0.76875 0.4515625 0.7703125 0.45 0.7703125 0.45 0.775 0.453125 0.775 0.4546875 0.7765625 0.4546875 0.778125 0.459375 0.778125 0.4609375 0.7796875 0.4609375 0.78125 0.465625 0.78125 0.465625 0.7796875 0.4671875 0.778125 0.471875 0.778125 0.471875 0.7765625 0.4640625 0.7765625 0.4625 0.775 0.4625 0.7703125 0.4609375 0.7703125 0.459375 0.76875 0.459375 0.7671875
1 0.4109375 0.753125 0.4109375 0.7546875 0.409375 0.75625 0.4078125 0.75625 0.4078125 0.7578125 0.409375 0.7578125 0.4109375 0.759375 0.4109375 0.765625 0.4125 0.765625 0.4140625 0.7671875 0.4140625 0.76875 0.41875 0.76875 0.4203125 0.7703125 0.4203125 0.771875 0.4234375 0.771875 0.4234375 0.7703125 0.425 0.76875 0.4390625 0.76875 0.4390625 0.7671875 0.43125 0.7671875 0.4296875 0.765625 0.4203125 0.765625 0.41875 0.7640625 0.41875 0.7625 0.4171875 0.7625 0.415625 0.7609375 0.415625 0.759375 0.4109375 0.759375 0.409375 0.7578125 0.409375 0.75625 0.4109375 0.7546875 0.4203125 0.7546875 0.4203125 0.753125
1 0.2859375 0.7296875 0.2859375 0.73125 0.2953125 0.73125 0.2953125 0.7296875
1 0.6421875 0.7234375 0.6421875 0.725 0.64375 0.725 0.6453125 0.7265625 0.6453125 0.728125 0.64375 0.7296875 0.640625 0.7296875 0.640625 0.73125 0.646875 0.73125 0.646875 0.7296875 0.6484375 0.728125 0.65 0.728125 0.65 0.7234375
1 0.609375 0.7203125 0.609375 0.721875 0.6078125 0.7234375 0.6078125 0.725 0.60625 0.7265625 0.6046875 0.7265625 0.6046875 0.7328125 0.60625 0.7328125 0.6078125 0.73125 0.6109375 0.73125 0.6109375 0.7296875 0.6125 0.728125 0.6140625 0.728125 0.6140625 0.7234375 0.615625 0.721875 0.6171875 0.721875 0.6171875 0.7203125
1 0.68125 0.7078125 0.68125 0.709375 0.6828125 0.709375 0.684375 0.7109375 0.684375 0.71875 0.7015625 0.71875 0.7015625 0.7171875 0.696875 0.7171875 0.6953125 0.715625 0.6953125 0.7078125
1 0.3328125 0.7078125 0.3328125 0.709375 0.33125 0.7109375 0.321875 0.7109375 0.321875 0.7125 0.33125 0.7125 0.33125 0.7109375 0.3328125 0.709375 0.35 0.709375 0.35 0.7078125
1 0.4796875 0.6484375 0.4796875 0.65 0.48125 0.65 0.4828125 0.6515625 0.4828125 0.653125 0.48125 0.6546875 0.4796875 0.6546875 0.4796875 0.6625 0.48125 0.6625 0.4828125 0.6640625 0.4828125 0.66875 0.4859375 0.66875 0.4859375 0.6671875 0.4875 0.665625 0.4890625 0.665625 0.4890625 0.6640625 0.490625 0.6625 0.4921875 0.6625 0.4921875 0.6515625 0.49375 0.65 0.4953125 0.65 0.4953125 0.6484375
1 0.36875 0.6484375 0.36875 0.653125 0.3671875 0.6546875 0.365625 0.6546875 0.365625 0.65625 0.3671875 0.65625 0.3671875 0.6546875 0.36875 0.653125 0.3734375 0.653125 0.3734375 0.6515625 0.375 0.65 0.3765625 0.65 0.3765625 0.6484375
