1 0.571875 0.8953125 0.571875 0.896875 0.5765625 0.896875 0.578125 0.8984375 0.578125 0.90625 0.584375 0.90625 0.584375 0.8984375 0.5828125 0.8984375 0.58125 0.896875 0.58125 0.8953125
1 0.509375 0.796875 0.509375 0.8 0.5109375 0.8 0.5109375 0.796875
1 0.50625 0.7859375 0.50625 0.7875 0.5140625 0.7875 0.5140625 0.7859375
1 0.4640625 0.7703125 0.4640625 0.771875 0.465625 0.771875 0.4671875 0.7734375 0.4671875 0.775 0.471875 0.775 0.4734375 0.7765625 0.4734375 0.778125 0.4859375 0.778125 0.4859375 0.7765625 0.4875 0.775 0.515625 0.775 0.5171875 0.7765625 0.5171875 0.778125 0.53125 0.778125 0.5328125 0.7796875 0.5328125 0.78125 0.534375 0.78125 0.534375 0.7796875 0.5359375 0.778125 0.5375 0.778125 0.5375 0.7765625 0.5390625 0.775 0.540625 0.775 0.540625 0.7734375 0.5359375 0.7734375 0.534375 0.771875 0.534375 0.7703125 0.5296875 0.7703125 0.5296875 0.771875 0.528125 0.7734375 0.4875 0.7734375 0.4859375 0.771875 0.4859375 0.7703125
1 0.421875 0.7671875 0.421875 0.76875 0.4234375 0.76875 0.425 0.7703125 0.425 0.771875 0.4265625 0.771875 0.428125 0.7734375 0.428125 0.775 0.4328125 0.775 0.434375 0.7765625 0.434375 0.78125 0.4390625 0.78125 0.440625 0.7828125 0.440625 0.784375 0.453125 0.784375 0.453125 0.7796875 0.4515625 0.778125 0.4515625 0.7765625 0.45 0.7765625 0.4484375 0.775 0.4484375 0.7734375 0.446875 0.7734375 0.4453125 0.771875 0.4453125 0.7703125 0.44375 0.7703125 0.4421875 0.76875 0.4421875 0.7671875 0.428125 0.7671875 0.428125 0.76875 0.4265625 0.7703125 0.425 0.7703125 0.4234375 0.76875 0.4234375 0.7671875
1 0.575 0.753125 0.575 0.7546875 0.578125 0.7546875 0.578125 0.753125
1 0.3328125 0.734375 0.3328125 0.7375 0.3375 0.7375 0.3375 0.734375
1 0.3296875 0.7078125 0.3296875 0.709375 0.3375 0.709375 0.3375 0.7078125
1 0.303125 0.7078125 0.303125 0.709375 0.3140625 0.709375 0.3140625 0.7078125
1 0.5328125 0.6484375 0.5328125 0.65 0.53125 0.6515625 0.5296875 0.6515625 0.5296875 0.65625 0.528125 0.6578125 0.5234375 0.6578125 0.5234375 0.6625 0.525 0.6625 0.5265625 0.6640625 0.5265625 0.665625 0.53125 0.665625 0.5328125 0.6671875 0.5328125 0.66875 0.5375 0.66875 0.5390625 0.6703125 0.54375 0.6703125 0.5453125 0.66875 0.5453125 0.6546875 0.54375 0.653125 0.54375 0.6515625 0.5421875 0.6515625 0.540625 0.65 0.540625 0.6484375
