1 0.5125 0.8578125 0.5125 0.8703125 0.515625 0.8703125 0.515625 0.8578125
1 0.5890625 0.821875 0.5890625 0.8265625 0.5875 0.828125 0.5859375 0.828125 0.5859375 0.83125 0.6 0.83125 0.6 0.8296875 0.6015625 0.828125 0.603125 0.828125 0.603125 0.821875
1 0.4765625 0.7953125 0.4765625 0.796875 0.4859375 0.796875 0.4859375 0.7953125
1 0.4703125 0.7828125 0.4703125 0.7875 0.471875 0.7875 0.4734375 0.7890625 0.4734375 0.790625 0.475 0.790625 0.4765625 0.7890625 0.4859375 0.7890625 0.4859375 0.7828125
1 0.4046875 0.7734375 0.4046875 0.775 0.409375 0.775 0.4109375 0.7765625 0.4109375 0.778125 0.41875 0.778125 0.41875 0.7734375
1 0.5921875 0.7625 0.5921875 0.7640625 0.590625 0.765625 0.5890625 0.765625 0.5875 0.7671875 0.571875 0.7671875 0.571875 0.76875 0.584375 0.76875 0.5859375 0.7703125 0.5859375 0.771875 0.584375 0.7734375 0.56875 0.7734375 0.56875 0.775 0.5671875 0.7765625 0.565625 0.7765625 0.565625 0.778125 0.5640625 0.7796875 0.559375 0.7796875 0.559375 0.78125 0.5578125 0.7828125 0.5296875 0.7828125 0.5296875 0.7875 0.528125 0.7890625 0.5234375 0.7890625 0.5234375 0.790625 0.528125 0.790625 0.5296875 0.7921875 0.5296875 0.79375 0.534375 0.79375 0.5359375 0.7953125 0.5453125 0.7953125 0.546875 0.796875 0.5484375 0.796875 0.5484375 0.7953125 0.546875 0.7953125 0.5453125 0.79375 0.5453125 0.790625 0.546875 0.7890625 0.5484375 0.7890625 0.55 0.790625 0.5640625 0.790625 0.5640625 0.7859375 0.565625 0.784375 0.5765625 0.784375 0.578125 0.7859375 0.578125 0.7875 0.58125 0.7875 0.5828125 0.7890625 0.5828125 0.790625 0.58125 0.7921875 0.5796875 0.7921875 0.5796875 0.79375 0.584375 0.79375 0.5859375 0.7953125 0.590625 0.7953125 0.5921875 0.796875 0.59375 0.796875 0.59375 0.7953125 0.5921875 0.7953125 0.590625 0.79375 0.590625 0.7921875 0.5921875 0.790625 0.59375 0.790625 0.59375 0.7890625 0.5890625 0.7890625 0.5875 0.7875 0.5875 0.7828125 0.5828125 0.7828125 0.58125 0.78125 0.58125 0.7796875 0.5828125 0.778125 0.59375 0.778125 0.59375 0.7765625 0.5953125 0.775 0.6 0.775 0.6 0.7734375 0.6015625 0.771875 0.603125 0.771875 0.603125 0.7671875 0.6046875 0.765625 0.6078125 0.765625 0.6078125 0.7625
1 0.6390625 0.7140625 0.6390625 0.71875 0.6421875 0.71875 0.6421875 0.7140625
1 0.30625 0.703125 0.3046875 0.7046875 0.303125 0.7046875 0.303125 0.709375 0.3140625 0.709375 0.3140625 0.7078125 0.315625 0.70625 0.3203125 0.70625 0.3203125 0.7046875 0.31875 0.7046875 0.3171875 0.703125
1 0.5921875 0.696875 0.5921875 0.6984375 0.59375 0.6984375 0.5953125 0.7 0.5953125 0.703125 0.596875 0.703125 0.596875 0.7 0.5984375 0.6984375 0.603125 0.6984375 0.603125 0.696875
1 0.5828125 0.696875 0.5828125 0.703125 0.584375 0.703125 0.584375 0.696875
1 0.7171875 0.6578125 0.7171875 0.6625 0.715625 0.6640625 0.7140625 0.6640625 0.7140625 0.665625 0.7125 0.6671875 0.7046875 0.6671875 0.7046875 0.66875 0.7421875 0.66875 0.7421875 0.6671875 0.734375 0.6671875 0.73125 0.6640625 0.73125 0.6609375 0.7328125 0.659375 0.7328125 0.6578125
