1 0.36904761904761907 0.7916666666666666 0.37797619047619047 0.7916666666666666
1 0.4851190476190476 0.7886904761904762 0.4880952380952381 0.7886904761904762
1 0.44047619047619047 0.7708333333333334 0.44345238095238093 0.7708333333333334 0.44642857142857145 0.7738095238095238 0.44642857142857145 0.7767857142857143 0.4583333333333333 0.7767857142857143 0.46130952380952384 0.7797619047619048 0.4642857142857143 0.7767857142857143 0.47619047619047616 0.7767857142857143 0.47023809523809523 0.7767857142857143 0.46726190476190477 0.7738095238095238 0.46130952380952384 0.7738095238095238 0.4583333333333333 0.7708333333333334
1 0.4107142857142857 0.7648809523809523 0.41369047619047616 0.7678571428571429 0.41369047619047616 0.7708333333333334 0.4255952380952381 0.7708333333333334 0.42857142857142855 0.7678571428571429 0.43452380952380953 0.7678571428571429 0.43154761904761907 0.7678571428571429 0.42857142857142855 0.7648809523809523
1 0.2857142857142857 0.7261904761904762 0.29464285714285715 0.7261904761904762
1 0.6398809523809523 0.7232142857142857 0.6428571428571429 0.7261904761904762 0.6398809523809523 0.7291666666666666 0.6398809523809523 0.7321428571428571 0.6458333333333334 0.7321428571428571 0.6458333333333334 0.7291666666666666 0.6488095238095238 0.7261904761904762 0.6488095238095238 0.7232142857142857
1 0.6011904761904762 0.7172619047619048 0.6011904761904762 0.7202380952380952 0.6041666666666666 0.7232142857142857 0.6041666666666666 0.7291666666666666 0.5982142857142857 0.7351190476190477 0.5982142857142857 0.7380952380952381 0.6041666666666666 0.7380952380952381 0.6160714285714286 0.7261904761904762 0.6130952380952381 0.7232142857142857 0.6160714285714286 0.7202380952380952 0.6130952380952381 0.7202380952380952 0.6101190476190477 0.7172619047619048
1 0.4791666666666667 0.6517857142857143 0.4791666666666667 0.6547619047619048 0.47619047619047616 0.6577380952380952 0.47619047619047616 0.6666666666666666 0.4851190476190476 0.6666666666666666 0.49404761904761907 0.6577380952380952 0.49404761904761907 0.6517857142857143
1 0.3630952380952381 0.6488095238095238 0.38095238095238093 0.6488095238095238
1 0.5684523809523809 0.6071428571428571 0.5773809523809523 0.6071428571428571
1 0.5982142857142857 0.5267857142857143 0.5922619047619048 0.5327380952380952 0.6011904761904762 0.5327380952380952 0.6041666666666666 0.5297619047619048 0.6041666666666666 0.5267857142857143
1 0.6011904761904762 0.49702380952380953 0.5982142857142857 0.5 0.5952380952380952 0.5 0.5982142857142857 0.5 0.6041666666666666 0.5059523809523809 0.6011904761904762 0.5089285714285714 0.6011904761904762 0.5119047619047619 0.6101190476190477 0.5119047619047619 0.6071428571428571 0.5089285714285714 0.6130952380952381 0.5029761904761905 0.6071428571428571 0.5029761904761905 0.6041666666666666 0.5 0.6071428571428571 0.49702380952380953 0.6101190476190477 0.49702380952380953
1 0.6071428571428571 0.4851190476190476 0.6041666666666666 0.4880952380952381 0.6190476190476191 0.4880952380952381 0.6160714285714286 0.4880952380952381 0.6130952380952381 0.4851190476190476
