1 0.428125 0.8359375 0.428125 0.8375 0.4265625 0.8390625 0.425 0.8390625 0.425 0.840625 0.4328125 0.840625 0.4328125 0.8390625 0.434375 0.8375 0.4390625 0.8375 0.4390625 0.8359375
1 0.56875 0.7734375 0.56875 0.78125 0.5671875 0.7828125 0.5625 0.7828125 0.5625 0.784375 0.578125 0.784375 0.578125 0.7796875 0.5796875 0.778125 0.58125 0.778125 0.58125 0.7765625 0.5828125 0.775 0.584375 0.775 0.584375 0.7734375
1 0.5 0.7671875 0.5 0.76875 0.5046875 0.76875 0.5046875 0.7671875
1 0.6046875 0.7265625 0.6046875 0.728125 0.603125 0.7296875 0.6015625 0.7296875 0.6015625 0.73125 0.6078125 0.73125 0.6078125 0.7265625
1 0.690625 0.7203125 0.690625 0.721875 0.6984375 0.721875 0.6984375 0.7203125
1 0.3921875 0.7171875 0.3921875 0.71875 0.396875 0.71875 0.3984375 0.7203125 0.3984375 0.725 0.4 0.725 0.4015625 0.7265625 0.4015625 0.728125 0.409375 0.728125 0.409375 0.7234375 0.4078125 0.7234375 0.40625 0.721875 0.40625 0.7203125 0.3984375 0.7203125 0.396875 0.71875 0.396875 0.7171875
1 0.36875 0.6875 0.36875 0.6921875 0.3671875 0.69375 0.3625 0.69375 0.3625 0.696875 0.3671875 0.696875 0.36875 0.6953125 0.3703125 0.6953125 0.371875 0.696875 0.371875 0.6984375 0.3703125 0.7 0.36875 0.7 0.36875 0.7015625 0.3671875 0.703125 0.3625 0.703125 0.3609375 0.7046875 0.359375 0.7046875 0.359375 0.70625 0.3609375 0.70625 0.3625 0.7078125 0.3625 0.709375 0.3671875 0.709375 0.36875 0.7109375 0.36875 0.7125 0.3796875 0.7125 0.3796875 0.7078125 0.38125 0.70625 0.3859375 0.70625 0.3859375 0.703125 0.3875 0.7015625 0.3890625 0.7015625 0.3890625 0.7 0.384375 0.7 0.3828125 0.6984375 0.3828125 0.696875 0.384375 0.6953125 0.3890625 0.6953125 0.3890625 0.6875
1 0.6734375 0.684375 0.6734375 0.6859375 0.671875 0.6875 0.671875 0.6890625 0.6703125 0.690625 0.6703125 0.6921875 0.66875 0.69375 0.6671875 0.69375 0.6671875 0.6984375 0.665625 0.7 0.6609375 0.7 0.6609375 0.703125 0.659375 0.7046875 0.6515625 0.7046875 0.6515625 0.70625 0.65 0.7078125 0.6453125 0.7078125 0.6453125 0.7125 0.64375 0.7140625 0.615625 0.7140625 0.6140625 0.7125 0.6140625 0.7078125 0.6125 0.70625 0.6125 0.7 0.609375 0.7 0.609375 0.70625 0.6109375 0.7078125 0.6109375 0.7125 0.6140625 0.7125 0.615625 0.7140625 0.615625 0.71875 0.6203125 0.71875 0.621875 0.7203125 0.621875 0.721875 0.6234375 0.721875 0.625 0.7234375 0.625 0.725 0.6265625 0.725 0.628125 0.7265625 0.628125 0.728125 0.6390625 0.728125 0.640625 0.7296875 0.640625 0.7328125 0.6390625 0.734375 0.6375 0.734375 0.6375 0.7375 0.6390625 0.7375 0.640625 0.7359375 0.6625 0.7359375 0.6625 0.734375 0.6640625 0.7328125 0.66875 0.7328125 0.66875 0.7296875 0.6703125 0.728125 0.6703125 0.7265625 0.66875 0.725 0.66875 0.7234375 0.6640625 0.7234375 0.6625 0.721875 0.6625 0.7203125 0.6640625 0.71875 0.6828125 0.71875 0.6828125 0.7140625 0.684375 0.7125 0.6921875 0.7125 0.6921875 0.7078125 0.690625 0.7078125 0.6890625 0.709375 0.684375 0.709375 0.6828125 0.7078125 0.68125 0.7078125 0.6796875 0.70625 0.6796875 0.7046875 0.68125 0.703125 0.6890625 0.703125 0.6890625 0.7 0.675 0.7 0.6734375 0.6984375 0.6734375 0.690625 0.675 0.6890625 0.6796875 0.6890625 0.6796875 0.6875 0.678125 0.6875 0.6765625 0.6859375 0.6765625 0.684375
1 0.7328125 0.6578125 0.7328125 0.659375 0.73125 0.6609375 0.7296875 0.6609375 0.7296875 0.665625 0.728125 0.6671875 0.7265625 0.6671875 0.7265625 0.66875 0.7421875 0.66875 0.7421875 0.6671875 0.7375 0.6671875 0.7359375 0.665625 0.734375 0.665625 0.7328125 0.6640625 0.7328125 0.6609375 0.734375 0.659375 0.7359375 0.659375 0.7359375 0.6578125
1 0.4234375 0.553125 0.4234375 0.5546875 0.4265625 0.5546875 0.4265625 0.553125
1 0.43125 0.5390625 0.43125 0.5453125 0.4296875 0.546875 0.4265625 0.546875 0.425 0.5453125 0.425 0.54375 0.421875 0.54375 0.421875 0.546875 0.4203125 0.5484375 0.4109375 0.5484375 0.409375 0.55 0.4078125 0.55 0.4078125 0.5515625 0.4203125 0.5515625 0.4203125 0.5484375 0.421875 0.546875 0.425 0.546875 0.428125 0.55 0.4296875 0.55 0.43125 0.5484375 0.4359375 0.5484375 0.4375 0.55 0.4390625 0.55 0.4390625 0.546875 0.4375 0.546875 0.4359375 0.5453125 0.4359375 0.54375 0.4375 0.5421875 0.4390625 0.5421875 0.440625 0.540625 0.4421875 0.540625 0.4421875 0.5390625
