1 0.4546875 0.8125 0.4546875 0.8234375 0.459375 0.8234375 0.4609375 0.825 0.4609375 0.828125 0.46875 0.828125 0.46875 0.825 0.4703125 0.8234375 0.471875 0.8234375 0.471875 0.815625 0.4703125 0.815625 0.46875 0.8140625 0.46875 0.8125
1 0.421875 0.796875 0.421875 0.8 0.4234375 0.8015625 0.4265625 0.8015625 0.428125 0.8 0.4296875 0.8 0.4296875 0.796875 0.428125 0.796875 0.4265625 0.7984375 0.4234375 0.7984375
1 0.5359375 0.7703125 0.5359375 0.771875 0.534375 0.7734375 0.5328125 0.7734375 0.5328125 0.78125 0.534375 0.78125 0.5359375 0.7828125 0.5359375 0.784375 0.5375 0.784375 0.5390625 0.7859375 0.5390625 0.7875 0.5484375 0.7875 0.5484375 0.7734375 0.5390625 0.7734375 0.5375 0.771875 0.5375 0.7703125
1 0.6671875 0.759375 0.6671875 0.7609375 0.6734375 0.7609375 0.6734375 0.759375
1 0.5171875 0.75625 0.5171875 0.7609375 0.528125 0.7609375 0.528125 0.759375 0.5265625 0.759375 0.525 0.7578125 0.525 0.75625
1 0.390625 0.753125 0.390625 0.7546875 0.39375 0.7546875 0.39375 0.753125
1 0.3953125 0.740625 0.3953125 0.7421875 0.396875 0.7421875 0.396875 0.740625
1 0.3859375 0.740625 0.3859375 0.7421875 0.3890625 0.7421875 0.3890625 0.740625
1 0.4484375 0.7375 0.4484375 0.7390625 0.446875 0.740625 0.446875 0.7453125 0.45 0.7453125 0.45 0.74375 0.4515625 0.7421875 0.453125 0.7421875 0.453125 0.740625 0.4515625 0.7390625 0.4515625 0.7375
1 0.615625 0.7359375 0.6140625 0.7375 0.6125 0.7375 0.6125 0.7390625 0.6203125 0.7390625 0.6203125 0.7375 0.61875 0.7375 0.6171875 0.7359375
1 0.7 0.734375 0.7 0.7359375 0.6984375 0.7375 0.696875 0.7375 0.696875 0.7390625 0.6953125 0.740625 0.690625 0.740625 0.690625 0.7421875 0.6953125 0.7421875 0.696875 0.74375 0.696875 0.7515625 0.703125 0.7515625 0.703125 0.75 0.7046875 0.7484375 0.70625 0.7484375 0.70625 0.74375 0.7078125 0.7421875 0.725 0.7421875 0.725 0.740625 0.7046875 0.740625 0.703125 0.7390625 0.703125 0.7375 0.7046875 0.7359375 0.70625 0.7359375 0.70625 0.734375
1 0.6421875 0.73125 0.6421875 0.734375 0.646875 0.734375 0.646875 0.73125
1 0.6421875 0.7203125 0.6421875 0.721875 0.64375 0.721875 0.64375 0.7203125
1 0.371875 0.7140625 0.371875 0.715625 0.3734375 0.715625 0.3734375 0.7140625
1 0.440625 0.7078125 0.440625 0.7125 0.4390625 0.7140625 0.434375 0.7140625 0.4328125 0.7125 0.4328125 0.7109375 0.43125 0.7109375 0.43125 0.7125 0.4328125 0.7125 0.434375 0.7140625 0.434375 0.715625 0.4421875 0.715625 0.4421875 0.7078125
1 0.6703125 0.7 0.6703125 0.7015625 0.66875 0.703125 0.6671875 0.7015625 0.6671875 0.7046875 0.66875 0.70625 0.671875 0.70625 0.671875 0.7046875 0.6734375 0.703125 0.675 0.7046875 0.6765625 0.7046875 0.6765625 0.7015625 0.675 0.7015625 0.6734375 0.7
1 0.4078125 0.690625 0.4078125 0.6984375 0.415625 0.6984375 0.415625 0.690625
1 0.7 0.6875 0.7 0.6921875 0.70625 0.6921875 0.70625 0.6875
1 0.5890625 0.684375 0.5890625 0.6890625 0.590625 0.6890625 0.5921875 0.690625 0.5921875 0.6921875 0.59375 0.6921875 0.5953125 0.69375 0.5953125 0.6953125 0.596875 0.6953125 0.5984375 0.696875 0.5984375 0.6984375 0.596875 0.7 0.5953125 0.7 0.5953125 0.7015625 0.6 0.7015625 0.6 0.69375 0.5984375 0.69375 0.596875 0.6921875 0.596875 0.684375
1 0.371875 0.6640625 0.371875 0.665625 0.3734375 0.665625 0.375 0.6671875 0.375 0.6703125 0.3796875 0.6703125 0.38125 0.671875 0.38125 0.6734375 0.3828125 0.6734375 0.3828125 0.671875 0.384375 0.6703125 0.390625 0.6703125 0.390625 0.6671875 0.3921875 0.665625 0.39375 0.665625 0.39375 0.6640625 0.390625 0.6640625 0.390625 0.665625 0.3890625 0.6671875 0.384375 0.6671875 0.3828125 0.665625 0.3828125 0.6640625
1 0.38125 0.6578125 0.38125 0.659375 0.3890625 0.659375 0.3890625 0.6578125
1 0.6046875 0.6546875 0.6046875 0.65625 0.6078125 0.65625 0.6078125 0.6546875
1 0.671875 0.63125 0.671875 0.6328125 0.6703125 0.634375 0.6640625 0.634375 0.6640625 0.6359375 0.66875 0.6359375 0.671875 0.6390625 0.6765625 0.6390625 0.678125 0.640625 0.6796875 0.640625 0.68125 0.6421875 0.68125 0.64375 0.6828125 0.64375 0.684375 0.6453125 0.684375 0.653125 0.6828125 0.6546875 0.678125 0.6546875 0.678125 0.65625 0.6828125 0.65625 0.684375 0.6578125 0.684375 0.659375 0.6828125 0.6609375 0.675 0.6609375 0.675 0.665625 0.6734375 0.6671875 0.6671875 0.6671875 0.6671875 0.66875 0.665625 0.6703125 0.6640625 0.6703125 0.6640625 0.6734375 0.6625 0.675 0.6546875 0.675 0.6546875 0.6765625 0.65625 0.6765625 0.6578125 0.678125 0.6578125 0.6796875 0.65625 0.68125 0.6546875 0.68125 0.6546875 0.6859375 0.653125 0.6875 0.6515625 0.6875 0.65 0.6859375 0.65 0.678125 0.6453125 0.678125 0.64375 0.6765625 0.64375 0.675 0.6421875 0.675 0.6421875 0.6765625 0.640625 0.678125 0.634375 0.678125 0.6328125 0.6765625 0.6328125 0.675 0.625 0.675 0.6234375 0.6765625 0.621875 0.6765625 0.6203125 0.675 0.6203125 0.671875 0.621875 0.6703125 0.6234375 0.6703125 0.6234375 0.66875 0.621875 0.66875 0.6203125 0.6703125 0.615625 0.6703125 0.6140625 0.66875 0.6140625 0.6671875 0.615625 0.665625 0.6171875 0.665625 0.6171875 0.6640625 0.615625 0.6640625 0.6140625 0.6625 0.6140625 0.6609375 0.6078125 0.6609375 0.6078125 0.665625 0.609375 0.665625 0.6109375 0.6671875 0.6109375 0.66875 0.6125 0.6703125 0.6140625 0.6703125 0.615625 0.671875 0.615625 0.6734375 0.6140625 0.675 0.609375 0.675 0.609375 0.6765625 0.6140625 0.6765625 0.615625 0.678125 0.615625 0.6828125 0.6171875 0.6828125 0.61875 0.684375 0.61875 0.6859375 0.6171875 0.6875 0.615625 0.6875 0.615625 0.6890625 0.6171875 0.6890625 0.61875 0.690625 0.61875 0.6921875 0.6234375 0.6921875 0.625 0.69375 0.625 0.6953125 0.6296875 0.6953125 0.63125 0.696875 0.63125 0.6984375 0.634375 0.6984375 0.6359375 0.7 0.6359375 0.7015625 0.6390625 0.7015625 0.6390625 0.7 0.640625 0.6984375 0.640625 0.696875 0.6421875 0.6953125 0.646875 0.6953125 0.646875 0.69375 0.6484375 0.6921875 0.65 0.6921875 0.65 0.690625 0.6515625 0.6890625 0.65625 0.6890625 0.6578125 0.690625 0.6578125 0.6921875 0.6625 0.6921875 0.6640625 0.69375 0.6640625 0.6953125 0.6734375 0.6953125 0.6734375 0.69375 0.675 0.6921875 0.6828125 0.6921875 0.6828125 0.690625 0.684375 0.6890625 0.6859375 0.6890625 0.6859375 0.6875 0.684375 0.6875 0.6828125 0.6859375 0.6828125 0.684375 0.684375 0.6828125 0.6859375 0.6828125 0.6859375 0.68125 0.68125 0.68125 0.6796875 0.6796875 0.6796875 0.678125 0.68125 0.6765625 0.6953125 0.6765625 0.6953125 0.675 0.69375 0.675 0.6921875 0.6734375 0.690625 0.6734375 0.6890625 0.671875 0.6890625 0.6703125 0.690625 0.66875 0.6921875 0.66875 0.6921875 0.6671875 0.690625 0.6671875 0.6890625 0.665625 0.6890625 0.6640625 0.690625 0.6625 0.6984375 0.6625 0.6984375 0.6609375 0.696875 0.6609375 0.6953125 0.659375 0.6953125 0.6578125 0.696875 0.65625 0.7015625 0.65625 0.7015625 0.6515625 0.703125 0.65 0.709375 0.65 0.709375 0.6484375 0.7109375 0.646875 0.7125 0.646875 0.7125 0.640625 0.7140625 0.6390625 0.715625 0.6390625 0.715625 0.634375 0.7171875 0.6328125 0.71875 0.6328125 0.71875 0.63125 0.69375 0.63125 0.69375 0.6359375 0.6921875 0.6375 0.678125 0.6375 0.6765625 0.6359375 0.6765625 0.634375 0.678125 0.6328125 0.6796875 0.6328125 0.6796875 0.63125
1 0.6515625 0.63125 0.6515625 0.6328125 0.653125 0.6328125 0.653125 0.63125
1 0.5796875 0.61875 0.5796875 0.6203125 0.584375 0.6203125 0.584375 0.61875
1 0.56875 0.61875 0.56875 0.6203125 0.5734375 0.6203125 0.5734375 0.61875
