1 0.425 0.88125 0.425 0.884375 0.4234375 0.8859375 0.421875 0.8859375 0.421875 0.8890625 0.4328125 0.8890625 0.434375 0.8875 0.4359375 0.8875 0.4375 0.8890625 0.4390625 0.8890625 0.4390625 0.8859375 0.4375 0.8859375 0.4359375 0.884375 0.434375 0.884375 0.4328125 0.8828125 0.4328125 0.88125
1 0.55625 0.7703125 0.55625 0.771875 0.5546875 0.7734375 0.553125 0.7734375 0.553125 0.775 0.5609375 0.775 0.5609375 0.7734375 0.559375 0.7734375 0.5578125 0.771875 0.5578125 0.7703125
1 0.5265625 0.75625 0.5265625 0.7578125 0.525 0.759375 0.5203125 0.759375 0.5203125 0.7609375 0.521875 0.7609375 0.5234375 0.7625 0.525 0.7625 0.5265625 0.7640625 0.5265625 0.765625 0.534375 0.765625 0.534375 0.7625 0.5359375 0.7609375 0.5375 0.7609375 0.5375 0.759375 0.5359375 0.759375 0.534375 0.7578125 0.534375 0.75625
1 0.4765625 0.75625 0.4765625 0.7578125 0.4828125 0.7578125 0.4828125 0.75625
1 0.5125 0.746875 0.5125 0.7484375 0.5140625 0.7484375 0.515625 0.75 0.515625 0.7515625 0.51875 0.7515625 0.51875 0.75 0.5171875 0.75 0.515625 0.7484375 0.515625 0.746875
1 0.446875 0.7375 0.446875 0.7390625 0.45 0.7390625 0.45 0.7375
1 0.4640625 0.7234375 0.4640625 0.725 0.465625 0.725 0.4671875 0.7265625 0.4671875 0.728125 0.475 0.728125 0.475 0.7265625 0.4734375 0.7265625 0.471875 0.725 0.471875 0.7234375
1 0.378125 0.7203125 0.378125 0.721875 0.3765625 0.7234375 0.375 0.7234375 0.375 0.725 0.3796875 0.725 0.3796875 0.7234375 0.38125 0.721875 0.3828125 0.721875 0.3828125 0.7203125
1 0.6609375 0.7109375 0.6609375 0.7125 0.6625 0.7125 0.6640625 0.7140625 0.6640625 0.715625 0.665625 0.715625 0.6671875 0.7171875 0.6671875 0.721875 0.66875 0.721875 0.6703125 0.7234375 0.6703125 0.725 0.6765625 0.725 0.6765625 0.7234375 0.675 0.7234375 0.6734375 0.721875 0.6734375 0.7140625 0.6703125 0.7140625 0.66875 0.7125 0.66875 0.7109375
1 0.375 0.7109375 0.375 0.7125 0.3859375 0.7125 0.3859375 0.7109375
1 0.3625 0.7015625 0.3625 0.7046875 0.3640625 0.7046875 0.3640625 0.7015625
1 0.6640625 0.6515625 0.6640625 0.65625 0.66875 0.65625 0.66875 0.6546875 0.6671875 0.6546875 0.665625 0.653125 0.665625 0.6515625
1 0.565625 0.6359375 0.565625 0.6390625 0.5671875 0.6390625 0.56875 0.640625 0.5734375 0.640625 0.575 0.6421875 0.575 0.64375 0.584375 0.64375 0.584375 0.6421875 0.5859375 0.640625 0.5875 0.640625 0.5890625 0.6421875 0.590625 0.6421875 0.590625 0.6390625 0.5890625 0.6390625 0.5875 0.6375 0.56875 0.6375 0.5671875 0.6359375
1 0.6515625 0.63125 0.6515625 0.6328125 0.65 0.634375 0.6453125 0.634375 0.6453125 0.6359375 0.646875 0.6359375 0.6484375 0.6375 0.65 0.6375 0.6515625 0.6390625 0.653125 0.6390625 0.653125 0.6375 0.6546875 0.6359375 0.65625 0.6359375 0.65625 0.634375 0.6546875 0.634375 0.653125 0.6328125 0.653125 0.63125
1 0.5625 0.621875 0.5625 0.6234375 0.5703125 0.6234375 0.5703125 0.621875
1 0.5984375 0.61875 0.5984375 0.6203125 0.6203125 0.6203125 0.6203125 0.61875
1 0.4734375 0.5796875 0.4734375 0.58125 0.475 0.58125 0.475 0.5796875
