1 0.43125 0.8296875 0.43125 0.83125 0.4296875 0.8328125 0.425 0.8328125 0.425 0.8375 0.4296875 0.8375 0.43125 0.8390625 0.43125 0.840625 0.4390625 0.840625 0.4390625 0.8390625 0.440625 0.8375 0.4421875 0.8375 0.4421875 0.8328125 0.440625 0.8328125 0.4390625 0.83125 0.4390625 0.8296875
1 0.575 0.7734375 0.575 0.775 0.5734375 0.7765625 0.571875 0.7765625 0.571875 0.784375 0.58125 0.784375 0.58125 0.7828125 0.5796875 0.7828125 0.578125 0.78125 0.578125 0.7796875 0.5796875 0.778125 0.58125 0.778125 0.58125 0.7765625 0.5796875 0.7765625 0.578125 0.775 0.578125 0.7734375
1 0.609375 0.7671875 0.609375 0.76875 0.6171875 0.76875 0.6171875 0.7671875
1 0.6390625 0.753125 0.6390625 0.7546875 0.6421875 0.7546875 0.6421875 0.753125
1 0.6015625 0.7265625 0.6015625 0.728125 0.6078125 0.728125 0.6078125 0.7265625
1 0.6765625 0.709375 0.675 0.7109375 0.675 0.715625 0.6796875 0.715625 0.6796875 0.709375
1 0.6125 0.7015625 0.6125 0.703125 0.6140625 0.703125 0.6140625 0.7015625
1 0.3578125 0.696875 0.3578125 0.6984375 0.3609375 0.6984375 0.3609375 0.696875
1 0.3859375 0.69375 0.3859375 0.6953125 0.384375 0.696875 0.371875 0.696875 0.371875 0.6984375 0.3734375 0.6984375 0.375 0.7 0.3765625 0.7 0.378125 0.7015625 0.378125 0.7046875 0.3765625 0.70625 0.375 0.70625 0.3734375 0.7046875 0.3734375 0.703125 0.365625 0.703125 0.365625 0.70625 0.3671875 0.70625 0.36875 0.7078125 0.36875 0.709375 0.3703125 0.709375 0.371875 0.7109375 0.371875 0.7125 0.3734375 0.7125 0.375 0.7140625 0.375 0.715625 0.3765625 0.715625 0.3765625 0.7140625 0.378125 0.7125 0.3796875 0.7125 0.3796875 0.7109375 0.38125 0.709375 0.3828125 0.709375 0.3828125 0.7078125 0.384375 0.70625 0.3875 0.70625 0.3890625 0.7078125 0.3890625 0.7046875 0.3875 0.703125 0.3875 0.7015625 0.390625 0.6984375 0.390625 0.696875 0.3890625 0.6953125 0.3890625 0.69375
1 0.6703125 0.6875 0.6703125 0.6890625 0.66875 0.690625 0.6671875 0.690625 0.6671875 0.6921875 0.665625 0.69375 0.6640625 0.69375 0.6640625 0.6953125 0.6625 0.696875 0.6609375 0.696875 0.6609375 0.7015625 0.659375 0.703125 0.6546875 0.703125 0.653125 0.7046875 0.6515625 0.7046875 0.6515625 0.70625 0.65 0.7078125 0.615625 0.7078125 0.6140625 0.709375 0.6125 0.709375 0.6109375 0.7078125 0.609375 0.7078125 0.609375 0.709375 0.6109375 0.709375 0.6125 0.7109375 0.6125 0.715625 0.6234375 0.715625 0.625 0.7171875 0.625 0.71875 0.6265625 0.71875 0.628125 0.7203125 0.628125 0.725 0.6328125 0.725 0.634375 0.7265625 0.634375 0.728125 0.6390625 0.728125 0.640625 0.7296875 0.640625 0.73125 0.6390625 0.7328125 0.63125 0.7328125 0.6296875 0.73125 0.628125 0.73125 0.628125 0.734375 0.6296875 0.734375 0.63125 0.7359375 0.6328125 0.7359375 0.634375 0.7375 0.634375 0.7390625 0.6328125 0.740625 0.625 0.740625 0.6234375 0.7390625 0.6234375 0.7375 0.621875 0.7375 0.621875 0.7390625 0.6234375 0.7390625 0.625 0.740625 0.625 0.7421875 0.6296875 0.7421875 0.63125 0.74375 0.63125 0.7484375 0.6359375 0.7484375 0.6359375 0.74375 0.6375 0.7421875 0.640625 0.7421875 0.6421875 0.74375 0.6421875 0.7453125 0.64375 0.7453125 0.6453125 0.746875 0.6453125 0.7484375 0.646875 0.7484375 0.646875 0.746875 0.6484375 0.7453125 0.6625 0.7453125 0.6625 0.74375 0.6546875 0.74375 0.653125 0.7421875 0.653125 0.740625 0.6546875 0.7390625 0.6625 0.7390625 0.6625 0.7375 0.6640625 0.7359375 0.665625 0.7359375 0.665625 0.734375 0.6671875 0.7328125 0.66875 0.7328125 0.6703125 0.734375 0.6703125 0.7328125 0.66875 0.73125 0.66875 0.7296875 0.6703125 0.728125 0.6703125 0.7265625 0.6640625 0.7265625 0.6625 0.725 0.6625 0.7234375 0.6609375 0.7234375 0.659375 0.721875 0.659375 0.7171875 0.6609375 0.715625 0.665625 0.715625 0.665625 0.7140625 0.6671875 0.7125 0.66875 0.7125 0.66875 0.7109375 0.6703125 0.709375 0.6703125 0.7078125 0.66875 0.709375 0.6671875 0.709375 0.665625 0.7078125 0.6640625 0.7078125 0.6625 0.70625 0.6625 0.7046875 0.6640625 0.703125 0.6703125 0.703125 0.671875 0.7046875 0.675 0.7046875 0.6765625 0.703125 0.6796875 0.703125 0.6796875 0.7015625 0.675 0.7015625 0.6734375 0.703125 0.671875 0.703125 0.6703125 0.7015625 0.6703125 0.6984375 0.671875 0.696875 0.6734375 0.696875 0.6734375 0.69375 0.671875 0.69375 0.6703125 0.6921875 0.6703125 0.690625 0.671875 0.6890625 0.6734375 0.6890625 0.6734375 0.6875
1 0.384375 0.6671875 0.384375 0.66875 0.39375 0.66875 0.39375 0.6671875
1 0.7296875 0.6640625 0.7296875 0.665625 0.728125 0.6671875 0.7265625 0.6671875 0.7265625 0.66875 0.7359375 0.66875 0.7359375 0.6671875 0.7328125 0.6671875 0.73125 0.665625 0.73125 0.6640625
1 0.7046875 0.63125 0.7046875 0.6328125 0.725 0.6328125 0.725 0.63125
1 0.3875 0.546875 0.3875 0.55 0.39375 0.55 0.3953125 0.5515625 0.4234375 0.5515625 0.4234375 0.55 0.3953125 0.55 0.39375 0.5484375 0.39375 0.546875
1 0.4375 0.5421875 0.4375 0.54375 0.4359375 0.5453125 0.43125 0.5453125 0.4296875 0.54375 0.428125 0.54375 0.428125 0.5453125 0.4296875 0.5453125 0.43125 0.546875 0.43125 0.5484375 0.4296875 0.55 0.428125 0.55 0.428125 0.5515625 0.4328125 0.5515625 0.4328125 0.55 0.434375 0.5484375 0.4359375 0.5484375 0.4359375 0.546875 0.4375 0.5453125 0.4390625 0.5453125 0.440625 0.54375 0.4421875 0.54375 0.4421875 0.5421875
