1 0.490625 0.7953125 0.490625 0.7984375 0.4921875 0.7984375 0.49375 0.8 0.49375 0.8015625 0.4953125 0.8015625 0.4953125 0.8 0.496875 0.7984375 0.4984375 0.7984375 0.4984375 0.7953125
1 0.4609375 0.79375 0.4609375 0.796875 0.4625 0.796875 0.4640625 0.7953125 0.465625 0.7953125 0.4671875 0.796875 0.4671875 0.8 0.465625 0.8015625 0.4640625 0.8015625 0.4640625 0.8109375 0.46875 0.8109375 0.46875 0.809375 0.4703125 0.8078125 0.471875 0.8078125 0.471875 0.80625 0.4734375 0.8046875 0.475 0.8046875 0.475 0.8 0.4734375 0.8 0.471875 0.7984375 0.471875 0.7953125 0.4671875 0.7953125 0.465625 0.79375
1 0.5796875 0.7765625 0.5796875 0.778125 0.58125 0.778125 0.58125 0.7765625
1 0.6609375 0.7640625 0.659375 0.765625 0.6578125 0.765625 0.6578125 0.7671875 0.6625 0.7671875 0.6625 0.7640625
1 0.5359375 0.753125 0.5359375 0.7546875 0.540625 0.7546875 0.5421875 0.75625 0.5421875 0.7578125 0.540625 0.759375 0.5390625 0.759375 0.5390625 0.7609375 0.540625 0.7609375 0.5421875 0.7625 0.5421875 0.7640625 0.5453125 0.7640625 0.5453125 0.753125
1 0.496875 0.753125 0.496875 0.7546875 0.4984375 0.7546875 0.5 0.75625 0.5 0.7640625 0.5015625 0.7640625 0.5015625 0.75625 0.503125 0.7546875 0.5046875 0.7546875 0.5046875 0.753125
1 0.64375 0.74375 0.64375 0.7453125 0.6421875 0.746875 0.6421875 0.7484375 0.646875 0.7484375 0.6484375 0.75 0.6484375 0.7515625 0.653125 0.7515625 0.6546875 0.753125 0.6546875 0.7546875 0.653125 0.75625 0.6484375 0.75625 0.6484375 0.7578125 0.65625 0.7578125 0.6578125 0.759375 0.6578125 0.7609375 0.659375 0.7609375 0.659375 0.759375 0.6578125 0.759375 0.65625 0.7578125 0.65625 0.75625 0.6578125 0.7546875 0.665625 0.7546875 0.665625 0.753125 0.6578125 0.753125 0.65625 0.7515625 0.65625 0.75 0.6546875 0.75 0.653125 0.7484375 0.653125 0.74375
1 0.678125 0.7375 0.678125 0.7390625 0.6890625 0.7390625 0.6890625 0.7375
1 0.328125 0.7296875 0.3265625 0.73125 0.321875 0.73125 0.321875 0.734375 0.3265625 0.734375 0.328125 0.7328125 0.33125 0.7328125 0.33125 0.7296875
1 0.690625 0.7234375 0.690625 0.725 0.6953125 0.725 0.6953125 0.7234375
1 0.575 0.7203125 0.575 0.721875 0.5734375 0.7234375 0.56875 0.7234375 0.56875 0.725 0.5703125 0.725 0.571875 0.7265625 0.571875 0.728125 0.5734375 0.728125 0.575 0.7296875 0.575 0.7359375 0.5875 0.7359375 0.5875 0.7328125 0.5890625 0.73125 0.590625 0.73125 0.590625 0.7265625 0.5890625 0.7265625 0.5875 0.725 0.5875 0.7203125
1 0.6671875 0.7015625 0.665625 0.703125 0.6515625 0.703125 0.6515625 0.7125 0.65 0.7140625 0.6484375 0.7140625 0.6484375 0.715625 0.646875 0.7171875 0.6453125 0.7171875 0.6453125 0.71875 0.64375 0.7203125 0.6421875 0.7203125 0.6421875 0.721875 0.640625 0.7234375 0.6375 0.7234375 0.6375 0.725 0.6359375 0.7265625 0.63125 0.7265625 0.63125 0.728125 0.6296875 0.7296875 0.625 0.7296875 0.625 0.73125 0.6234375 0.7328125 0.621875 0.7328125 0.6203125 0.73125 0.61875 0.73125 0.61875 0.734375 0.6203125 0.734375 0.621875 0.7359375 0.6234375 0.7359375 0.625 0.7375 0.625 0.7421875 0.6265625 0.7421875 0.628125 0.74375 0.628125 0.7453125 0.6375 0.7453125 0.6375 0.74375 0.6390625 0.7421875 0.6390625 0.740625 0.640625 0.7390625 0.64375 0.7390625 0.64375 0.7375 0.6453125 0.7359375 0.646875 0.7359375 0.646875 0.734375 0.6484375 0.7328125 0.653125 0.7328125 0.6546875 0.73125 0.665625 0.73125 0.665625 0.7296875 0.6671875 0.728125 0.6734375 0.728125 0.6734375 0.7265625 0.675 0.725 0.6828125 0.725 0.6828125 0.7234375 0.671875 0.7234375 0.6703125 0.721875 0.6703125 0.7140625 0.66875 0.7125 0.66875 0.7109375 0.6703125 0.709375 0.6703125 0.7078125 0.66875 0.709375 0.6671875 0.709375 0.665625 0.7078125 0.665625 0.7046875 0.6671875 0.703125 0.66875 0.703125 0.66875 0.7015625
1 0.365625 0.696875 0.365625 0.703125 0.3640625 0.7046875 0.3625 0.7046875 0.3625 0.70625 0.3640625 0.70625 0.365625 0.7078125 0.365625 0.7125 0.3734375 0.7125 0.3734375 0.7109375 0.375 0.709375 0.3828125 0.709375 0.3828125 0.7046875 0.38125 0.7046875 0.3796875 0.703125 0.378125 0.703125 0.3765625 0.7015625 0.3765625 0.696875
1 0.328125 0.696875 0.328125 0.6984375 0.340625 0.6984375 0.340625 0.696875
1 0.6640625 0.6875 0.6640625 0.6890625 0.66875 0.6890625 0.66875 0.6875
1 0.6546875 0.6875 0.6546875 0.6890625 0.659375 0.6890625 0.659375 0.6875
1 0.3296875 0.684375 0.3296875 0.6890625 0.334375 0.6890625 0.3359375 0.690625 0.3359375 0.6921875 0.3375 0.6921875 0.3375 0.690625 0.3390625 0.6890625 0.34375 0.6890625 0.34375 0.684375
1 0.7328125 0.6609375 0.7328125 0.6625 0.7359375 0.6625 0.7359375 0.6609375
1 0.753125 0.6578125 0.753125 0.659375 0.7515625 0.6609375 0.746875 0.6609375 0.746875 0.6625 0.7453125 0.6640625 0.74375 0.6640625 0.74375 0.665625 0.7421875 0.6671875 0.7375 0.6671875 0.7375 0.66875 0.7515625 0.66875 0.7515625 0.6671875 0.753125 0.665625 0.7546875 0.665625 0.7546875 0.6640625 0.75625 0.6625 0.7578125 0.6625 0.7578125 0.6609375 0.75625 0.6609375 0.7546875 0.659375 0.7546875 0.6578125
1 0.74375 0.6375 0.74375 0.640625 0.7453125 0.640625 0.746875 0.6421875 0.7546875 0.6421875 0.7546875 0.6390625 0.746875 0.6390625 0.7453125 0.6375
