1 0.553125 0.7671875 0.553125 0.771875 0.5515625 0.7734375 0.5453125 0.7734375 0.5453125 0.775 0.5640625 0.775 0.5640625 0.7703125 0.5625 0.7703125 0.5609375 0.76875 0.5609375 0.7671875
1 0.6453125 0.75625 0.6453125 0.7609375 0.646875 0.7609375 0.6484375 0.7625 0.6484375 0.765625 0.65 0.765625 0.6515625 0.7671875 0.6515625 0.76875 0.653125 0.76875 0.6546875 0.7703125 0.6546875 0.771875 0.665625 0.771875 0.665625 0.7703125 0.6640625 0.7703125 0.6625 0.76875 0.6625 0.7671875 0.6640625 0.765625 0.665625 0.765625 0.6671875 0.7640625 0.66875 0.7640625 0.66875 0.7609375 0.6671875 0.7609375 0.665625 0.759375 0.665625 0.75625
1 0.5234375 0.753125 0.5234375 0.7546875 0.521875 0.75625 0.5203125 0.75625 0.5203125 0.7609375 0.521875 0.7609375 0.5234375 0.7625 0.5234375 0.765625 0.534375 0.765625 0.534375 0.7625 0.5359375 0.7609375 0.540625 0.7609375 0.540625 0.759375 0.5328125 0.759375 0.53125 0.7578125 0.53125 0.753125
1 0.484375 0.73125 0.484375 0.7328125 0.4859375 0.7328125 0.4875 0.734375 0.4875 0.7359375 0.4859375 0.7375 0.4828125 0.7375 0.4828125 0.7390625 0.4953125 0.7390625 0.4953125 0.7375 0.490625 0.7375 0.4890625 0.7359375 0.4890625 0.734375 0.490625 0.7328125 0.4953125 0.7328125 0.4953125 0.73125 0.490625 0.73125 0.4890625 0.7328125 0.4875 0.7328125 0.4859375 0.73125
1 0.6640625 0.7109375 0.6640625 0.7125 0.665625 0.7125 0.6671875 0.7140625 0.6671875 0.715625 0.665625 0.7171875 0.6578125 0.7171875 0.6578125 0.71875 0.659375 0.71875 0.6609375 0.7203125 0.6609375 0.721875 0.665625 0.721875 0.6671875 0.7234375 0.6671875 0.725 0.6734375 0.725 0.6734375 0.7234375 0.675 0.721875 0.6765625 0.721875 0.6765625 0.7203125 0.675 0.7203125 0.6734375 0.71875 0.6734375 0.7140625 0.671875 0.7140625 0.6703125 0.7125 0.6703125 0.7109375
1 0.3625 0.6984375 0.3609375 0.7 0.3578125 0.7 0.35625 0.7015625 0.3515625 0.7015625 0.3515625 0.7046875 0.35625 0.7046875 0.3578125 0.703125 0.3609375 0.703125 0.3625 0.7015625 0.3640625 0.7015625 0.3640625 0.6984375
1 0.678125 0.6609375 0.678125 0.6625 0.6859375 0.6625 0.6859375 0.6609375
1 0.5796875 0.6421875 0.5796875 0.6453125 0.584375 0.6453125 0.584375 0.6421875
1 0.56875 0.6359375 0.56875 0.6390625 0.578125 0.6390625 0.5796875 0.6375 0.584375 0.6375 0.5859375 0.6390625 0.5875 0.6390625 0.5875 0.6359375
1 0.6453125 0.63125 0.6453125 0.6390625 0.646875 0.6390625 0.646875 0.6375 0.6484375 0.6359375 0.65 0.6359375 0.65 0.634375 0.6515625 0.6328125 0.65625 0.6328125 0.65625 0.63125
