1 0.5296875 0.75625 0.5296875 0.7578125 0.528125 0.759375 0.5265625 0.759375 0.5265625 0.7625 0.528125 0.7625 0.5296875 0.7640625 0.53125 0.7640625 0.5328125 0.7625 0.534375 0.7625 0.534375 0.759375 0.5328125 0.759375 0.53125 0.7578125 0.53125 0.75625
1 0.5140625 0.75625 0.5140625 0.7578125 0.5171875 0.7578125 0.5171875 0.75625
1 0.5109375 0.746875 0.5109375 0.7484375 0.5140625 0.7484375 0.5140625 0.746875
1 0.609375 0.7375 0.609375 0.7421875 0.6234375 0.7421875 0.6234375 0.740625 0.61875 0.740625 0.6171875 0.7390625 0.6171875 0.7375
1 0.36875 0.7140625 0.36875 0.715625 0.3703125 0.715625 0.371875 0.7171875 0.371875 0.71875 0.3703125 0.7203125 0.36875 0.7203125 0.36875 0.721875 0.3703125 0.721875 0.371875 0.7234375 0.371875 0.725 0.3828125 0.725 0.3828125 0.7234375 0.384375 0.721875 0.3890625 0.721875 0.3890625 0.7203125 0.384375 0.7203125 0.3828125 0.71875 0.3828125 0.7171875 0.38125 0.7171875 0.3796875 0.715625 0.3796875 0.7140625
1 0.6546875 0.7078125 0.6546875 0.709375 0.65625 0.709375 0.6578125 0.7109375 0.6578125 0.7125 0.6625 0.7125 0.6640625 0.7140625 0.6640625 0.715625 0.66875 0.715625 0.66875 0.7109375 0.6703125 0.709375 0.6703125 0.7078125
1 0.621875 0.66875 0.621875 0.671875 0.6234375 0.671875 0.625 0.6734375 0.625 0.6796875 0.6328125 0.6796875 0.6328125 0.678125 0.634375 0.6765625 0.6359375 0.6765625 0.6359375 0.675 0.634375 0.675 0.6328125 0.6734375 0.6328125 0.6703125 0.625 0.6703125 0.6234375 0.66875
1 0.3328125 0.6609375 0.3328125 0.6625 0.33125 0.6640625 0.3296875 0.6640625 0.3296875 0.665625 0.33125 0.665625 0.3328125 0.6671875 0.3328125 0.66875 0.34375 0.66875 0.34375 0.6609375
1 0.453125 0.6578125 0.453125 0.665625 0.4546875 0.6671875 0.4546875 0.66875 0.465625 0.66875 0.465625 0.6640625 0.4640625 0.6640625 0.4625 0.6625 0.4625 0.6578125
1 0.5 0.6515625 0.5 0.65625 0.5046875 0.65625 0.5046875 0.6546875 0.503125 0.6546875 0.5015625 0.653125 0.5015625 0.6515625
1 0.6609375 0.6484375 0.6609375 0.65625 0.665625 0.65625 0.665625 0.6515625 0.6671875 0.65 0.6703125 0.65 0.6703125 0.6484375
1 0.578125 0.6390625 0.578125 0.6421875 0.584375 0.6421875 0.584375 0.6390625
1 0.6453125 0.634375 0.6453125 0.6375 0.646875 0.6375 0.6484375 0.6390625 0.65625 0.6390625 0.65625 0.6359375 0.6484375 0.6359375 0.646875 0.634375
1 0.63125 0.634375 0.63125 0.6359375 0.640625 0.6359375 0.640625 0.634375
1 0.559375 0.61875 0.559375 0.6203125 0.5671875 0.6203125 0.5671875 0.61875
1 0.609375 0.6125 0.609375 0.6171875 0.6234375 0.6171875 0.6234375 0.615625 0.621875 0.615625 0.6203125 0.6140625 0.6203125 0.6125
1 0.6578125 0.609375 0.6578125 0.6109375 0.65625 0.6125 0.6515625 0.6125 0.6515625 0.6171875 0.65 0.61875 0.6453125 0.61875 0.6453125 0.6203125 0.64375 0.621875 0.634375 0.621875 0.634375 0.6234375 0.6328125 0.625 0.625 0.625 0.625 0.6265625 0.6265625 0.6265625 0.628125 0.628125 0.628125 0.6296875 0.65 0.6296875 0.65 0.628125 0.6515625 0.6265625 0.653125 0.6265625 0.6546875 0.628125 0.6546875 0.6296875 0.659375 0.6296875 0.659375 0.628125 0.6609375 0.6265625 0.665625 0.6265625 0.665625 0.625 0.6671875 0.6234375 0.66875 0.6234375 0.66875 0.61875 0.6703125 0.6171875 0.6703125 0.615625 0.66875 0.6140625 0.66875 0.609375
1 0.4671875 0.575 0.4671875 0.58125 0.46875 0.58125 0.4703125 0.5828125 0.4703125 0.584375 0.4828125 0.584375 0.4828125 0.5828125 0.48125 0.58125 0.48125 0.5796875 0.4796875 0.5796875 0.478125 0.578125 0.478125 0.575
1 0.4796875 0.565625 0.4796875 0.5671875 0.4890625 0.5671875 0.4890625 0.565625
