1 0.5453125 0.80625 0.5453125 0.8078125 0.5515625 0.8078125 0.5515625 0.80625
1 0.5125 0.7890625 0.5125 0.790625 0.5109375 0.7921875 0.509375 0.7921875 0.509375 0.79375 0.5078125 0.7953125 0.503125 0.7953125 0.5015625 0.796875 0.5 0.796875 0.5 0.8 0.5015625 0.8 0.503125 0.8015625 0.503125 0.8046875 0.5046875 0.8046875 0.50625 0.80625 0.50625 0.8171875 0.5078125 0.8171875 0.509375 0.81875 0.509375 0.8234375 0.5078125 0.825 0.50625 0.825 0.50625 0.828125 0.521875 0.828125 0.521875 0.81875 0.5203125 0.81875 0.51875 0.8171875 0.51875 0.8125 0.5203125 0.8109375 0.525 0.8109375 0.525 0.80625 0.5265625 0.8046875 0.528125 0.8046875 0.528125 0.803125 0.5296875 0.8015625 0.53125 0.8015625 0.53125 0.8 0.5296875 0.8 0.528125 0.8015625 0.5265625 0.8015625 0.525 0.8 0.525 0.7984375 0.5265625 0.796875 0.528125 0.796875 0.5296875 0.7953125 0.53125 0.7953125 0.5265625 0.7953125 0.525 0.79375 0.525 0.7921875 0.5265625 0.790625 0.53125 0.790625 0.53125 0.7890625
1 0.4828125 0.7765625 0.4828125 0.778125 0.48125 0.7796875 0.4796875 0.7796875 0.4796875 0.784375 0.54375 0.784375 0.5453125 0.7859375 0.5453125 0.7875 0.5515625 0.7875 0.5515625 0.7796875 0.55 0.778125 0.55 0.7765625 0.546875 0.7765625 0.546875 0.778125 0.5453125 0.7796875 0.5421875 0.7796875 0.540625 0.778125 0.540625 0.7765625 0.5390625 0.7765625 0.5390625 0.778125 0.5375 0.7796875 0.496875 0.7796875 0.4953125 0.778125 0.4953125 0.7765625
1 0.4046875 0.759375 0.4046875 0.7625 0.415625 0.7625 0.4171875 0.7640625 0.4171875 0.7671875 0.415625 0.76875 0.4109375 0.76875 0.409375 0.7671875 0.4078125 0.7671875 0.4078125 0.7703125 0.409375 0.7703125 0.4109375 0.771875 0.4109375 0.778125 0.409375 0.7796875 0.4078125 0.7796875 0.4078125 0.784375 0.409375 0.784375 0.4109375 0.7859375 0.4109375 0.7875 0.4203125 0.7875 0.4203125 0.7859375 0.41875 0.784375 0.41875 0.7828125 0.4203125 0.78125 0.4203125 0.7796875 0.421875 0.778125 0.4265625 0.778125 0.4265625 0.7734375 0.428125 0.771875 0.4453125 0.771875 0.4453125 0.7703125 0.446875 0.76875 0.4515625 0.76875 0.4515625 0.765625 0.44375 0.765625 0.4421875 0.7640625 0.4421875 0.7625 0.434375 0.7625 0.4328125 0.7609375 0.4328125 0.759375
1 0.615625 0.7234375 0.615625 0.7296875 0.6140625 0.73125 0.6125 0.73125 0.6125 0.734375 0.6140625 0.734375 0.615625 0.7328125 0.6203125 0.7328125 0.621875 0.734375 0.6234375 0.734375 0.6234375 0.73125 0.621875 0.73125 0.6203125 0.7296875 0.6203125 0.7234375
1 0.2890625 0.7203125 0.2890625 0.725 0.2875 0.7265625 0.2859375 0.7265625 0.2859375 0.728125 0.2875 0.728125 0.2890625 0.7296875 0.2890625 0.73125 0.290625 0.73125 0.2921875 0.7328125 0.2953125 0.7328125 0.296875 0.73125 0.2984375 0.73125 0.2984375 0.7296875 0.296875 0.7296875 0.2953125 0.728125 0.2953125 0.7265625 0.296875 0.725 0.3015625 0.725 0.3015625 0.7203125
1 0.640625 0.7078125 0.640625 0.7125 0.6421875 0.7140625 0.6421875 0.715625 0.640625 0.7171875 0.640625 0.71875 0.6390625 0.7203125 0.6375 0.7203125 0.6375 0.721875 0.6359375 0.7234375 0.634375 0.7234375 0.634375 0.734375 0.6359375 0.734375 0.6375 0.7359375 0.640625 0.7359375 0.6421875 0.7375 0.6421875 0.7390625 0.640625 0.740625 0.634375 0.740625 0.634375 0.7421875 0.646875 0.7421875 0.646875 0.740625 0.6453125 0.740625 0.64375 0.7390625 0.64375 0.7375 0.6453125 0.7359375 0.646875 0.7359375 0.646875 0.734375 0.6484375 0.7328125 0.65 0.7328125 0.65 0.7234375 0.6515625 0.721875 0.653125 0.721875 0.653125 0.7203125 0.6515625 0.7203125 0.65 0.71875 0.65 0.7171875 0.6515625 0.715625 0.653125 0.715625 0.653125 0.7109375 0.6515625 0.7109375 0.65 0.709375 0.65 0.7078125
1 0.3359375 0.684375 0.3359375 0.6859375 0.3375 0.6859375 0.3390625 0.6875 0.3390625 0.6890625 0.3375 0.690625 0.3328125 0.690625 0.3328125 0.6921875 0.33125 0.69375 0.3296875 0.69375 0.3296875 0.6984375 0.334375 0.6984375 0.3359375 0.7 0.3359375 0.703125 0.334375 0.7046875 0.3296875 0.7046875 0.3296875 0.70625 0.328125 0.7078125 0.328125 0.7125 0.340625 0.7125 0.340625 0.7109375 0.3421875 0.709375 0.34375 0.709375 0.34375 0.7078125 0.3453125 0.70625 0.346875 0.70625 0.346875 0.7 0.3421875 0.7 0.340625 0.6984375 0.340625 0.696875 0.3421875 0.6953125 0.34375 0.6953125 0.34375 0.690625 0.3421875 0.690625 0.340625 0.6890625 0.340625 0.684375
1 0.3390625 0.675 0.3390625 0.678125 0.340625 0.678125 0.3421875 0.6765625 0.35 0.6765625 0.35 0.675
1 0.3390625 0.6671875 0.3390625 0.6703125 0.353125 0.6703125 0.3546875 0.66875 0.35625 0.66875 0.35625 0.6671875
1 0.4734375 0.6640625 0.4734375 0.66875 0.4828125 0.66875 0.4828125 0.6671875 0.484375 0.665625 0.4890625 0.665625 0.4890625 0.6640625
1 0.484375 0.6546875 0.484375 0.65625 0.4875 0.65625 0.4875 0.6546875
1 0.359375 0.6484375 0.359375 0.65 0.3578125 0.6515625 0.3578125 0.653125 0.35625 0.6546875 0.3546875 0.6546875 0.3546875 0.65625 0.353125 0.6578125 0.3453125 0.6578125 0.3453125 0.6625 0.3609375 0.6625 0.3609375 0.6609375 0.3625 0.659375 0.3703125 0.659375 0.3703125 0.6546875 0.371875 0.653125 0.3734375 0.653125 0.3734375 0.6484375
1 0.5453125 0.5296875 0.5453125 0.53125 0.54375 0.5328125 0.5421875 0.5328125 0.5421875 0.534375 0.5515625 0.534375 0.553125 0.5359375 0.553125 0.5375 0.5515625 0.5390625 0.546875 0.5390625 0.546875 0.540625 0.5453125 0.5421875 0.5453125 0.54375 0.54375 0.5453125 0.5421875 0.5453125 0.5421875 0.5484375 0.540625 0.55 0.5390625 0.55 0.5390625 0.5515625 0.5609375 0.5515625 0.5609375 0.546875 0.5625 0.5453125 0.5703125 0.5453125 0.571875 0.54375 0.5734375 0.54375 0.5734375 0.5421875 0.571875 0.5421875 0.5703125 0.540625 0.5703125 0.5328125 0.553125 0.5328125 0.5515625 0.53125 0.5515625 0.5296875
