1 0.565625 0.7828125 0.565625 0.7875 0.5640625 0.7890625 0.5625 0.7890625 0.5625 0.790625 0.5703125 0.790625 0.5703125 0.7890625 0.571875 0.7875 0.5734375 0.7875 0.5734375 0.7828125
1 0.428125 0.746875 0.428125 0.7484375 0.4328125 0.7484375 0.4328125 0.746875
1 0.759375 0.7265625 0.759375 0.728125 0.765625 0.728125 0.765625 0.7265625
1 0.3921875 0.7265625 0.3921875 0.728125 0.396875 0.728125 0.396875 0.7265625
1 0.640625 0.675 0.640625 0.6765625 0.6421875 0.678125 0.6421875 0.6796875 0.646875 0.6796875 0.646875 0.678125 0.6484375 0.6765625 0.65 0.6765625 0.65 0.675
1 0.6375 0.6609375 0.6375 0.66875 0.653125 0.66875 0.653125 0.6671875 0.6515625 0.6671875 0.65 0.665625 0.65 0.6609375
1 0.61875 0.6578125 0.61875 0.6625 0.6234375 0.6625 0.625 0.6640625 0.625 0.665625 0.6265625 0.665625 0.6265625 0.6640625 0.628125 0.6625 0.6296875 0.6625 0.6296875 0.6609375 0.628125 0.6609375 0.6265625 0.659375 0.6265625 0.6578125
1 0.615625 0.628125 0.615625 0.6296875 0.6171875 0.6296875 0.61875 0.63125 0.61875 0.6328125 0.6265625 0.6328125 0.628125 0.634375 0.628125 0.6390625 0.6296875 0.6390625 0.63125 0.640625 0.63125 0.64375 0.6296875 0.6453125 0.6125 0.6453125 0.6109375 0.64375 0.6109375 0.6421875 0.6015625 0.6421875 0.6015625 0.64375 0.6078125 0.64375 0.609375 0.6453125 0.609375 0.646875 0.6171875 0.646875 0.61875 0.6484375 0.61875 0.653125 0.6234375 0.653125 0.6234375 0.6515625 0.625 0.65 0.6265625 0.65 0.628125 0.6515625 0.628125 0.653125 0.6296875 0.653125 0.6296875 0.6515625 0.63125 0.65 0.64375 0.65 0.6453125 0.6515625 0.6453125 0.653125 0.646875 0.653125 0.646875 0.6515625 0.6484375 0.65 0.653125 0.65 0.653125 0.6484375 0.6515625 0.6484375 0.65 0.646875 0.65 0.6453125 0.6421875 0.6453125 0.640625 0.64375 0.640625 0.6390625 0.6390625 0.6375 0.634375 0.6375 0.6328125 0.6359375 0.6328125 0.634375 0.634375 0.6328125 0.64375 0.6328125 0.64375 0.63125 0.628125 0.63125 0.6265625 0.6296875 0.6265625 0.628125
1 0.60625 0.621875 0.60625 0.6234375 0.609375 0.6234375 0.609375 0.621875
1 0.6015625 0.61875 0.6015625 0.6203125 0.603125 0.6203125 0.603125 0.61875
1 0.6125 0.615625 0.6125 0.6171875 0.6140625 0.6171875 0.6140625 0.615625
1 0.5140625 0.6015625 0.5140625 0.603125 0.515625 0.6046875 0.515625 0.60625 0.51875 0.60625 0.5203125 0.6078125 0.5203125 0.6109375 0.525 0.6109375 0.5265625 0.6125 0.528125 0.6125 0.5296875 0.6140625 0.5296875 0.6171875 0.53125 0.6171875 0.5328125 0.61875 0.5328125 0.6203125 0.54375 0.6203125 0.54375 0.615625 0.5359375 0.615625 0.534375 0.6140625 0.534375 0.6125 0.5328125 0.6125 0.53125 0.6109375 0.53125 0.609375 0.5265625 0.609375 0.525 0.6078125 0.5234375 0.6078125 0.521875 0.60625 0.521875 0.6046875 0.51875 0.6046875 0.5171875 0.603125 0.5171875 0.6015625
1 0.509375 0.5984375 0.509375 0.6 0.5109375 0.6 0.5109375 0.5984375
1 0.4671875 0.5625 0.4671875 0.5640625 0.475 0.5640625 0.475 0.5625
