1 0.5565476190476191 0.7767857142857143
1 0.4583333333333333 0.7767857142857143 0.46130952380952384 0.7767857142857143 0.4642857142857143 0.7797619047619048 0.47023809523809523 0.7797619047619048 0.4732142857142857 0.7827380952380952 0.47023809523809523 0.7857142857142857 0.47619047619047616 0.7916666666666666 0.5267857142857143 0.7916666666666666 0.5297619047619048 0.7886904761904762 0.5357142857142857 0.7886904761904762 0.5357142857142857 0.7857142857142857 0.49107142857142855 0.7857142857142857 0.4880952380952381 0.7827380952380952 0.4732142857142857 0.7827380952380952 0.47023809523809523 0.7797619047619048 0.4642857142857143 0.7797619047619048 0.46130952380952384 0.7767857142857143
1 0.5863095238095238 0.7619047619047619 0.5833333333333334 0.7648809523809523 0.5982142857142857 0.7648809523809523 0.6011904761904762 0.7619047619047619
1 0.6220238095238095 0.75 0.625 0.75
1 0.6101190476190477 0.7410714285714286 0.6130952380952381 0.7410714285714286
1 0.31845238095238093 0.7083333333333334 0.33035714285714285 0.7083333333333334
1 0.5803571428571429 0.6904761904761905
1 0.7202380952380952 0.6696428571428571 0.7410714285714286 0.6696428571428571
1 0.75 0.6458333333333334 0.7470238095238095 0.6488095238095238 0.7440476190476191 0.6488095238095238 0.7440476190476191 0.6517857142857143 0.7380952380952381 0.6577380952380952 0.7202380952380952 0.6577380952380952 0.7202380952380952 0.6636904761904762 0.7529761904761905 0.6636904761904762 0.75 0.6636904761904762 0.7470238095238095 0.6607142857142857 0.75 0.6577380952380952 0.7559523809523809 0.6577380952380952 0.7678571428571429 0.6458333333333334
1 0.7053571428571429 0.6398809523809523 0.7083333333333334 0.6398809523809523
1 0.7589285714285714 0.6369047619047619 0.7559523809523809 0.6398809523809523 0.7797619047619048 0.6398809523809523 0.7738095238095238 0.6398809523809523 0.7708333333333334 0.6369047619047619
1 0.7023809523809523 0.6279761904761905 0.6994047619047619 0.6309523809523809 0.6964285714285714 0.6309523809523809 0.6994047619047619 0.6309523809523809 0.7023809523809523 0.6339285714285714 0.7440476190476191 0.6339285714285714 0.7470238095238095 0.6309523809523809 0.7767857142857143 0.6309523809523809 0.7767857142857143 0.6279761904761905 0.7172619047619048 0.6279761904761905 0.7142857142857143 0.6309523809523809 0.7083333333333334 0.6309523809523809 0.7053571428571429 0.6279761904761905
1 0.5386904761904762 0.5297619047619048
1 0.5416666666666666 0.5238095238095238 0.5446428571428571 0.5267857142857143 0.5446428571428571 0.5297619047619048 0.5595238095238095 0.5297619047619048 0.5595238095238095 0.5267857142857143 0.5625 0.5238095238095238 0.5714285714285714 0.5238095238095238
