1 0.5119047619047619 0.8571428571428571 0.5119047619047619 0.8690476190476191 0.5148809523809523 0.8690476190476191 0.5148809523809523 0.8571428571428571
1 0.5892857142857143 0.8214285714285714 0.5892857142857143 0.8244047619047619 0.5863095238095238 0.8273809523809523 0.5863095238095238 0.8303571428571429 0.5982142857142857 0.8303571428571429 0.6011904761904762 0.8273809523809523 0.6011904761904762 0.8214285714285714
1 0.47619047619047616 0.7946428571428571 0.4851190476190476 0.7946428571428571
1 0.47023809523809523 0.7827380952380952 0.47023809523809523 0.7857142857142857 0.4732142857142857 0.7886904761904762 0.4851190476190476 0.7886904761904762 0.4851190476190476 0.7827380952380952
1 0.40476190476190477 0.7738095238095238 0.40773809523809523 0.7738095238095238 0.4107142857142857 0.7767857142857143 0.4166666666666667 0.7767857142857143 0.4166666666666667 0.7738095238095238
1 0.5922619047619048 0.7619047619047619 0.5863095238095238 0.7678571428571429 0.5714285714285714 0.7678571428571429 0.5833333333333334 0.7678571428571429 0.5863095238095238 0.7708333333333334 0.5833333333333334 0.7738095238095238 0.5684523809523809 0.7738095238095238 0.5625 0.7797619047619048 0.5535714285714286 0.7797619047619048 0.5505952380952381 0.7827380952380952 0.5297619047619048 0.7827380952380952 0.5297619047619048 0.7857142857142857 0.5267857142857143 0.7886904761904762 0.5238095238095238 0.7886904761904762 0.5267857142857143 0.7886904761904762 0.5297619047619048 0.7916666666666666 0.5327380952380952 0.7916666666666666 0.5357142857142857 0.7946428571428571 0.5476190476190477 0.7946428571428571 0.5446428571428571 0.7916666666666666 0.5476190476190477 0.7886904761904762 0.5625 0.7886904761904762 0.5625 0.7857142857142857 0.5654761904761905 0.7827380952380952 0.5744047619047619 0.7827380952380952 0.5773809523809523 0.7857142857142857 0.5803571428571429 0.7857142857142857 0.5833333333333334 0.7886904761904762 0.5803571428571429 0.7916666666666666 0.5833333333333334 0.7916666666666666 0.5863095238095238 0.7946428571428571 0.5922619047619048 0.7946428571428571 0.5892857142857143 0.7916666666666666 0.5922619047619048 0.7886904761904762 0.5892857142857143 0.7886904761904762 0.5863095238095238 0.7857142857142857 0.5863095238095238 0.7827380952380952 0.5833333333333334 0.7827380952380952 0.5803571428571429 0.7797619047619048 0.5833333333333334 0.7767857142857143 0.5922619047619048 0.7767857142857143 0.5952380952380952 0.7738095238095238 0.5982142857142857 0.7738095238095238 0.6011904761904762 0.7708333333333334 0.6011904761904762 0.7678571428571429 0.6041666666666666 0.7648809523809523 0.6071428571428571 0.7648809523809523 0.6071428571428571 0.7619047619047619
1 0.6398809523809523 0.7142857142857143 0.6398809523809523 0.7172619047619048
1 0.30654761904761907 0.7023809523809523 0.30357142857142855 0.7053571428571429 0.30357142857142855 0.7083333333333334 0.3125 0.7083333333333334 0.31547619047619047 0.7053571428571429 0.31845238095238093 0.7053571428571429 0.31547619047619047 0.7023809523809523
1 0.5922619047619048 0.6964285714285714 0.5952380952380952 0.6994047619047619 0.5952380952380952 0.7023809523809523 0.5952380952380952 0.6994047619047619 0.5982142857142857 0.6964285714285714 0.6011904761904762 0.6964285714285714
1 0.5833333333333334 0.6964285714285714 0.5833333333333334 0.7023809523809523
1 0.7172619047619048 0.6577380952380952 0.7172619047619048 0.6607142857142857 0.7113095238095238 0.6666666666666666 0.7053571428571429 0.6666666666666666 0.7410714285714286 0.6666666666666666 0.7321428571428571 0.6666666666666666 0.7291666666666666 0.6636904761904762 0.7291666666666666 0.6607142857142857 0.7321428571428571 0.6577380952380952
