1 0.571875 0.7734375 0.571875 0.775 0.5703125 0.7765625 0.56875 0.7765625 0.56875 0.78125 0.5734375 0.78125 0.575 0.7828125 0.575 0.784375 0.578125 0.784375 0.578125 0.7734375
1 0.640625 0.746875 0.640625 0.7484375 0.65625 0.7484375 0.65625 0.746875
1 0.6046875 0.7234375 0.6046875 0.725 0.6109375 0.725 0.6109375 0.7234375
1 0.3984375 0.7234375 0.3984375 0.725 0.396875 0.7265625 0.3953125 0.7265625 0.3953125 0.728125 0.396875 0.728125 0.3984375 0.7296875 0.3984375 0.73125 0.403125 0.73125 0.403125 0.7296875 0.4046875 0.728125 0.409375 0.728125 0.409375 0.7265625 0.4046875 0.7265625 0.403125 0.725 0.403125 0.7234375
1 0.359375 0.7046875 0.359375 0.70625 0.3671875 0.70625 0.36875 0.7078125 0.36875 0.709375 0.3828125 0.709375 0.3828125 0.7078125 0.38125 0.7078125 0.3796875 0.70625 0.3796875 0.7046875
1 0.384375 0.6984375 0.384375 0.7015625 0.390625 0.7015625 0.390625 0.6984375
1 0.6703125 0.684375 0.6703125 0.6859375 0.66875 0.6875 0.66875 0.6890625 0.6671875 0.690625 0.6671875 0.6921875 0.665625 0.69375 0.6640625 0.69375 0.6640625 0.6953125 0.6625 0.696875 0.6609375 0.696875 0.6609375 0.7015625 0.659375 0.703125 0.6546875 0.703125 0.653125 0.7046875 0.6515625 0.7046875 0.6515625 0.70625 0.65 0.7078125 0.6453125 0.7078125 0.6453125 0.709375 0.64375 0.7109375 0.640625 0.7109375 0.640625 0.7125 0.6390625 0.7140625 0.6359375 0.7140625 0.634375 0.7125 0.634375 0.7109375 0.6140625 0.7109375 0.6125 0.709375 0.6125 0.7078125 0.6109375 0.70625 0.6109375 0.7046875 0.609375 0.703125 0.6078125 0.703125 0.60625 0.7015625 0.60625 0.7046875 0.609375 0.7078125 0.609375 0.7125 0.6109375 0.7125 0.6125 0.7140625 0.6125 0.715625 0.6140625 0.715625 0.615625 0.7171875 0.615625 0.71875 0.6203125 0.71875 0.621875 0.7203125 0.621875 0.725 0.6328125 0.725 0.634375 0.7265625 0.634375 0.728125 0.6359375 0.728125 0.6375 0.7296875 0.6390625 0.7296875 0.640625 0.73125 0.640625 0.7328125 0.6390625 0.734375 0.634375 0.734375 0.634375 0.7375 0.6390625 0.7375 0.640625 0.7390625 0.646875 0.7390625 0.646875 0.7375 0.6484375 0.7359375 0.659375 0.7359375 0.659375 0.734375 0.6609375 0.7328125 0.665625 0.7328125 0.665625 0.7265625 0.6671875 0.725 0.66875 0.725 0.66875 0.7234375 0.6640625 0.7234375 0.6625 0.721875 0.6625 0.7171875 0.6640625 0.715625 0.665625 0.715625 0.665625 0.7140625 0.6671875 0.7125 0.6890625 0.7125 0.690625 0.7140625 0.690625 0.715625 0.6953125 0.715625 0.6953125 0.7109375 0.6703125 0.7109375 0.66875 0.709375 0.66875 0.7078125 0.6703125 0.70625 0.6765625 0.70625 0.6765625 0.7046875 0.6703125 0.7046875 0.66875 0.703125 0.66875 0.696875 0.6703125 0.6953125 0.6734375 0.6953125 0.6734375 0.690625 0.671875 0.6890625 0.671875 0.6875 0.6734375 0.6859375 0.6734375 0.684375
1 0.3625 0.68125 0.3625 0.6828125 0.3640625 0.6828125 0.365625 0.684375 0.365625 0.6859375 0.3640625 0.6875 0.3625 0.6875 0.3625 0.6890625 0.3859375 0.6890625 0.3859375 0.6875 0.384375 0.6875 0.3828125 0.6859375 0.3828125 0.684375 0.384375 0.6828125 0.3859375 0.6828125 0.3859375 0.68125
1 0.734375 0.6640625 0.734375 0.665625 0.7328125 0.6671875 0.7328125 0.66875 0.734375 0.6703125 0.7421875 0.6703125 0.7421875 0.6671875 0.74375 0.665625 0.7453125 0.665625 0.7453125 0.6640625
1 0.43125 0.54375 0.43125 0.546875 0.4328125 0.546875 0.4328125 0.54375
