1 0.671875 0.7609375 0.671875 0.7640625 0.6796875 0.7640625 0.6796875 0.7609375
1 0.5171875 0.75 0.5171875 0.7609375 0.521875 0.7609375 0.521875 0.753125 0.5234375 0.7515625 0.525 0.7515625 0.525 0.75
1 0.4484375 0.7109375 0.4484375 0.7125 0.4515625 0.7125 0.4515625 0.7109375
1 0.43125 0.7109375 0.43125 0.7125 0.4421875 0.7125 0.4421875 0.7109375
1 0.36875 0.7109375 0.36875 0.715625 0.3671875 0.7171875 0.365625 0.7171875 0.365625 0.71875 0.3640625 0.7203125 0.359375 0.7203125 0.359375 0.721875 0.3640625 0.721875 0.365625 0.7234375 0.365625 0.725 0.3859375 0.725 0.3859375 0.7171875 0.384375 0.7171875 0.3828125 0.715625 0.3828125 0.7140625 0.38125 0.7140625 0.3796875 0.7125 0.3796875 0.7109375
1 0.6578125 0.7046875 0.6578125 0.70625 0.6625 0.70625 0.6640625 0.7078125 0.6640625 0.709375 0.665625 0.709375 0.665625 0.7078125 0.6671875 0.70625 0.6734375 0.70625 0.6734375 0.7046875
1 0.6515625 0.69375 0.6515625 0.6953125 0.65 0.696875 0.6421875 0.696875 0.6421875 0.6984375 0.64375 0.6984375 0.6453125 0.7 0.65 0.7 0.6515625 0.7015625 0.653125 0.7015625 0.6546875 0.7 0.65625 0.7 0.65625 0.696875 0.6546875 0.696875 0.653125 0.6953125 0.653125 0.69375
1 0.671875 0.678125 0.671875 0.6796875 0.6796875 0.6796875 0.6796875 0.678125
1 0.6609375 0.66875 0.6609375 0.671875 0.6625 0.671875 0.6625 0.66875
1 0.6125 0.6671875 0.6125 0.6703125 0.6171875 0.6703125 0.61875 0.671875 0.61875 0.6796875 0.6234375 0.6796875 0.625 0.68125 0.625 0.6828125 0.6234375 0.684375 0.621875 0.684375 0.621875 0.6859375 0.6234375 0.6859375 0.625 0.6875 0.625 0.6890625 0.6296875 0.6890625 0.63125 0.690625 0.63125 0.6953125 0.6328125 0.6953125 0.634375 0.696875 0.634375 0.6984375 0.6359375 0.6984375 0.6359375 0.690625 0.6375 0.6890625 0.646875 0.6890625 0.646875 0.684375 0.6453125 0.684375 0.64375 0.6828125 0.64375 0.68125 0.6453125 0.6796875 0.65 0.6796875 0.65 0.678125 0.6484375 0.678125 0.646875 0.6765625 0.646875 0.675 0.6453125 0.675 0.64375 0.6765625 0.6421875 0.6765625 0.640625 0.675 0.640625 0.671875 0.6421875 0.6703125 0.64375 0.6703125 0.6453125 0.66875 0.646875 0.66875 0.646875 0.6671875
1 0.3296875 0.6671875 0.3296875 0.66875 0.33125 0.66875 0.3328125 0.6703125 0.34375 0.6703125 0.3453125 0.671875 0.346875 0.671875 0.346875 0.66875 0.3453125 0.66875 0.34375 0.6671875
1 0.38125 0.6640625 0.38125 0.665625 0.3828125 0.665625 0.3828125 0.6640625
1 0.390625 0.6609375 0.390625 0.6625 0.39375 0.6625 0.39375 0.6609375
1 0.3359375 0.6609375 0.3359375 0.6625 0.340625 0.6625 0.340625 0.6609375
1 0.68125 0.6578125 0.68125 0.6625 0.6859375 0.6625 0.6859375 0.6578125
1 0.453125 0.6578125 0.453125 0.6625 0.4546875 0.6640625 0.4546875 0.665625 0.465625 0.665625 0.465625 0.6640625 0.4640625 0.6640625 0.4625 0.6625 0.4625 0.6578125
1 0.6546875 0.615625 0.6546875 0.6171875 0.659375 0.6171875 0.6609375 0.61875 0.6609375 0.6203125 0.659375 0.621875 0.634375 0.621875 0.634375 0.6234375 0.6328125 0.625 0.628125 0.625 0.628125 0.6265625 0.6296875 0.6265625 0.63125 0.628125 0.63125 0.6296875 0.6328125 0.6296875 0.634375 0.63125 0.634375 0.6328125 0.6390625 0.6328125 0.640625 0.634375 0.640625 0.6359375 0.64375 0.6359375 0.6453125 0.6375 0.6453125 0.6390625 0.659375 0.6390625 0.659375 0.634375 0.6609375 0.6328125 0.6765625 0.6328125 0.6765625 0.63125 0.6703125 0.63125 0.66875 0.6296875 0.66875 0.625 0.6703125 0.6234375 0.6765625 0.6234375 0.6765625 0.621875 0.6640625 0.621875 0.6625 0.6203125 0.6625 0.615625
