1 0.515625 0.753125 0.515625 0.7546875 0.5171875 0.75625 0.5171875 0.7609375 0.521875 0.7609375 0.521875 0.75625 0.5203125 0.75625 0.51875 0.7546875 0.51875 0.753125
1 0.38125 0.740625 0.38125 0.7421875 0.3828125 0.7421875 0.384375 0.74375 0.384375 0.7453125 0.3875 0.7453125 0.3875 0.74375 0.3890625 0.7421875 0.390625 0.7421875 0.390625 0.740625 0.3875 0.740625 0.3859375 0.7421875 0.384375 0.7421875 0.3828125 0.740625
1 0.6125 0.7375 0.6125 0.7390625 0.6140625 0.7390625 0.6140625 0.7375
1 0.384375 0.734375 0.384375 0.7359375 0.3859375 0.7359375 0.3859375 0.734375
1 0.6671875 0.7140625 0.6671875 0.715625 0.66875 0.715625 0.66875 0.7140625
1 0.365625 0.7109375 0.365625 0.7125 0.3671875 0.7125 0.36875 0.7140625 0.36875 0.715625 0.3671875 0.7171875 0.365625 0.7171875 0.365625 0.721875 0.3703125 0.721875 0.371875 0.7234375 0.371875 0.725 0.3828125 0.725 0.3828125 0.7234375 0.384375 0.721875 0.3859375 0.721875 0.3859375 0.7203125 0.384375 0.7203125 0.3828125 0.71875 0.3828125 0.7140625 0.36875 0.7140625 0.3671875 0.7125 0.3671875 0.7109375
1 0.6609375 0.7078125 0.6609375 0.709375 0.665625 0.709375 0.665625 0.7078125
1 0.434375 0.7078125 0.434375 0.709375 0.4328125 0.7109375 0.43125 0.7109375 0.43125 0.7125 0.4328125 0.7125 0.434375 0.7140625 0.434375 0.715625 0.4421875 0.715625 0.4421875 0.7078125
1 0.4609375 0.6671875 0.4609375 0.66875 0.4625 0.66875 0.4625 0.6671875
1 0.3359375 0.6609375 0.3359375 0.6625 0.3375 0.6625 0.3390625 0.6640625 0.3390625 0.665625 0.3375 0.6671875 0.3359375 0.6671875 0.3359375 0.66875 0.340625 0.66875 0.340625 0.6640625 0.3390625 0.6640625 0.3375 0.6625 0.3375 0.6609375
1 0.390625 0.6578125 0.390625 0.659375 0.39375 0.659375 0.39375 0.6578125
1 0.615625 0.6546875 0.615625 0.65625 0.6328125 0.65625 0.634375 0.6578125 0.634375 0.659375 0.6328125 0.6609375 0.61875 0.6609375 0.61875 0.6640625 0.6203125 0.6640625 0.621875 0.665625 0.621875 0.66875 0.6203125 0.6703125 0.61875 0.6703125 0.6171875 0.66875 0.615625 0.66875 0.615625 0.671875 0.6203125 0.671875 0.621875 0.6734375 0.621875 0.675 0.6203125 0.6765625 0.61875 0.6765625 0.61875 0.6796875 0.6265625 0.6796875 0.628125 0.68125 0.628125 0.6890625 0.6296875 0.6890625 0.63125 0.690625 0.63125 0.6921875 0.6359375 0.6921875 0.6359375 0.690625 0.6375 0.6890625 0.646875 0.6890625 0.646875 0.6875 0.6421875 0.6875 0.640625 0.6859375 0.640625 0.684375 0.6390625 0.6828125 0.6390625 0.68125 0.640625 0.6796875 0.64375 0.6796875 0.64375 0.675 0.640625 0.675 0.6390625 0.6734375 0.6390625 0.6671875 0.6375 0.6671875 0.6359375 0.665625 0.6359375 0.6640625 0.6375 0.6625 0.640625 0.6625 0.6421875 0.6640625 0.6421875 0.665625 0.65 0.665625 0.65 0.6640625 0.6515625 0.6625 0.653125 0.6625 0.653125 0.6609375 0.6515625 0.6609375 0.65 0.659375 0.65 0.6578125 0.6515625 0.65625 0.6796875 0.65625 0.68125 0.6578125 0.68125 0.659375 0.6796875 0.6609375 0.678125 0.6609375 0.678125 0.6625 0.6890625 0.6625 0.6890625 0.6609375 0.6875 0.6609375 0.6859375 0.659375 0.6859375 0.6578125 0.6875 0.65625 0.6890625 0.65625 0.6890625 0.6546875
1 0.6546875 0.6375 0.6546875 0.6390625 0.659375 0.6390625 0.659375 0.6375
1 0.63125 0.625 0.63125 0.6265625 0.6328125 0.6265625 0.6328125 0.625
1 0.61875 0.61875 0.61875 0.6203125 0.6265625 0.6203125 0.6265625 0.61875
1 0.5921875 0.61875 0.5921875 0.6203125 0.596875 0.6203125 0.596875 0.61875
1 0.571875 0.61875 0.571875 0.6203125 0.5875 0.6203125 0.5875 0.61875
1 0.6578125 0.6125 0.6578125 0.6140625 0.65625 0.615625 0.6484375 0.615625 0.6484375 0.6234375 0.646875 0.625 0.6453125 0.625 0.6453125 0.6265625 0.64375 0.628125 0.6375 0.628125 0.6375 0.6328125 0.659375 0.6328125 0.659375 0.63125 0.6609375 0.6296875 0.665625 0.6296875 0.665625 0.628125 0.6671875 0.6265625 0.66875 0.6265625 0.66875 0.621875 0.6703125 0.6203125 0.6703125 0.61875 0.66875 0.6171875 0.66875 0.6125
