1 0.5203125 0.7765625 0.5203125 0.778125 0.540625 0.778125 0.540625 0.7765625
1 0.4546875 0.7734375 0.4546875 0.775 0.45625 0.775 0.4578125 0.7765625 0.4578125 0.778125 0.4859375 0.778125 0.4859375 0.7734375
1 0.425 0.7703125 0.425 0.775 0.4296875 0.775 0.43125 0.7765625 0.43125 0.778125 0.4359375 0.778125 0.4375 0.7796875 0.4375 0.78125 0.4421875 0.78125 0.4421875 0.7796875 0.44375 0.778125 0.4453125 0.778125 0.4453125 0.7765625 0.44375 0.7765625 0.4421875 0.775 0.4421875 0.7734375 0.43125 0.7734375 0.4296875 0.771875 0.4296875 0.7703125
1 0.740625 0.671875 0.740625 0.675 0.7453125 0.675 0.7453125 0.671875
1 0.7234375 0.671875 0.7234375 0.675 0.73125 0.675 0.73125 0.671875
1 0.746875 0.6671875 0.746875 0.66875 0.7546875 0.66875 0.7546875 0.6671875
1 0.5296875 0.6640625 0.5296875 0.665625 0.53125 0.665625 0.5328125 0.6671875 0.5328125 0.66875 0.54375 0.66875 0.54375 0.6640625
1 0.740625 0.6609375 0.740625 0.6625 0.7578125 0.6625 0.7578125 0.6609375
1 0.5359375 0.6546875 0.5359375 0.65625 0.534375 0.6578125 0.5296875 0.6578125 0.5296875 0.659375 0.54375 0.659375 0.54375 0.6546875
1 0.765625 0.6484375 0.765625 0.65 0.771875 0.65 0.771875 0.6484375
1 0.7671875 0.634375 0.7671875 0.6359375 0.76875 0.6359375 0.76875 0.634375
1 0.7046875 0.634375 0.7046875 0.6359375 0.725 0.6359375 0.725 0.634375
