1 0.5 0.81875 0.5 0.8203125 0.5015625 0.8203125 0.5015625 0.81875
1 0.5140625 0.809375 0.5140625 0.8109375 0.5171875 0.8109375 0.5171875 0.809375
1 0.4640625 0.803125 0.4640625 0.8046875 0.465625 0.8046875 0.465625 0.803125
1 0.5796875 0.790625 0.5796875 0.79375 0.5875 0.79375 0.5875 0.790625
1 0.55625 0.7890625 0.55625 0.790625 0.5578125 0.790625 0.5578125 0.7890625
1 0.5390625 0.7890625 0.5390625 0.790625 0.540625 0.790625 0.5421875 0.7921875 0.5421875 0.7984375 0.54375 0.7984375 0.5453125 0.796875 0.5484375 0.796875 0.5484375 0.79375 0.546875 0.79375 0.5453125 0.7953125 0.54375 0.79375 0.54375 0.7921875 0.5453125 0.790625 0.5453125 0.7890625
1 0.5359375 0.7734375 0.5359375 0.775 0.5375 0.775 0.5390625 0.7765625 0.5390625 0.778125 0.54375 0.778125 0.54375 0.7765625 0.5453125 0.775 0.5453125 0.7734375
1 0.578125 0.7671875 0.578125 0.76875 0.5765625 0.7703125 0.575 0.7703125 0.575 0.775 0.5734375 0.7765625 0.559375 0.7765625 0.559375 0.778125 0.5765625 0.778125 0.578125 0.7796875 0.578125 0.784375 0.5875 0.784375 0.5875 0.7796875 0.5890625 0.778125 0.590625 0.778125 0.590625 0.7703125 0.5890625 0.7703125 0.5875 0.76875 0.5875 0.7671875
1 0.68125 0.740625 0.68125 0.7421875 0.6796875 0.74375 0.678125 0.74375 0.678125 0.7453125 0.6828125 0.7453125 0.684375 0.746875 0.684375 0.7484375 0.6828125 0.75 0.68125 0.75 0.68125 0.7515625 0.6984375 0.7515625 0.6984375 0.746875 0.69375 0.746875 0.6921875 0.7453125 0.6921875 0.74375 0.690625 0.74375 0.6890625 0.7421875 0.6890625 0.740625
1 0.575 0.7234375 0.575 0.725 0.5734375 0.7265625 0.571875 0.7265625 0.571875 0.728125 0.58125 0.728125 0.58125 0.7234375
1 0.640625 0.7078125 0.640625 0.709375 0.6421875 0.7109375 0.6421875 0.7125 0.640625 0.7140625 0.6375 0.7140625 0.6375 0.721875 0.6359375 0.7234375 0.634375 0.7234375 0.634375 0.728125 0.6328125 0.7296875 0.628125 0.7296875 0.628125 0.73125 0.6265625 0.7328125 0.61875 0.7328125 0.6171875 0.734375 0.615625 0.734375 0.6140625 0.7359375 0.6125 0.7359375 0.6125 0.7390625 0.6140625 0.7390625 0.615625 0.7375 0.6171875 0.7375 0.61875 0.7390625 0.6203125 0.7390625 0.621875 0.740625 0.621875 0.7453125 0.6296875 0.7453125 0.63125 0.746875 0.63125 0.7484375 0.6359375 0.7484375 0.6375 0.75 0.6375 0.7515625 0.64375 0.7515625 0.6453125 0.753125 0.6453125 0.7546875 0.64375 0.75625 0.6421875 0.75625 0.640625 0.7578125 0.6375 0.7578125 0.6375 0.7609375 0.640625 0.7609375 0.6421875 0.759375 0.64375 0.759375 0.6453125 0.7609375 0.6453125 0.7640625 0.64375 0.765625 0.6375 0.765625 0.6375 0.7671875 0.64375 0.7671875 0.6453125 0.76875 0.6453125 0.771875 0.65 0.771875 0.6515625 0.7734375 0.6515625 0.78125 0.659375 0.78125 0.659375 0.7796875 0.6609375 0.778125 0.665625 0.778125 0.665625 0.7703125 0.6671875 0.76875 0.66875 0.76875 0.66875 0.765625 0.6640625 0.765625 0.6625 0.7640625 0.6625 0.7625 0.6640625 0.7609375 0.665625 0.7609375 0.665625 0.759375 0.6578125 0.759375 0.65625 0.7578125 0.65625 0.75625 0.6578125 0.7546875 0.6625 0.7546875 0.6625 0.753125 0.6578125 0.753125 0.65625 0.7515625 0.65625 0.75 0.6578125 0.7484375 0.6625 0.7484375 0.6625 0.746875 0.6578125 0.746875 0.65625 0.7453125 0.65625 0.74375 0.6546875 0.74375 0.653125 0.7421875 0.653125 0.740625 0.6546875 0.7390625 0.6625 0.7390625 0.6625 0.7375 0.6546875 0.7375 0.653125 0.7359375 0.653125 0.734375 0.6546875 0.7328125 0.65625 0.7328125 0.6546875 0.7328125 0.653125 0.73125 0.653125 0.728125 0.6546875 0.7265625 0.65625 0.7265625 0.6578125 0.725 0.6625 0.725 0.6625 0.7171875 0.6640625 0.715625 0.665625 0.715625 0.665625 0.7109375 0.6546875 0.7109375 0.653125 0.709375 0.653125 0.7078125 0.6515625 0.7078125 0.6515625 0.715625 0.65 0.7171875 0.6484375 0.7171875 0.646875 0.715625 0.646875 0.7109375 0.6453125 0.7109375 0.64375 0.709375 0.64375 0.7078125
1 0.3328125 0.68125 0.3328125 0.6890625 0.33125 0.690625 0.3296875 0.690625 0.3296875 0.6921875 0.33125 0.6921875 0.3328125 0.69375 0.3328125 0.6984375 0.346875 0.6984375 0.346875 0.696875 0.3421875 0.696875 0.340625 0.6953125 0.340625 0.6875 0.3390625 0.6875 0.3375 0.6859375 0.3375 0.684375 0.3390625 0.6828125 0.340625 0.6828125 0.340625 0.68125
1 0.3453125 0.6671875 0.3453125 0.66875 0.346875 0.66875 0.346875 0.6671875
1 0.753125 0.6421875 0.753125 0.65 0.7546875 0.65 0.75625 0.6515625 0.75625 0.653125 0.76875 0.653125 0.76875 0.6484375 0.7671875 0.6484375 0.765625 0.646875 0.765625 0.6421875
