1 0.559375 0.7890625 0.559375 0.790625 0.5609375 0.790625 0.5609375 0.7890625
1 0.484375 0.7890625 0.484375 0.790625 0.4875 0.790625 0.4875 0.7890625
1 0.5828125 0.7765625 0.5828125 0.778125 0.584375 0.778125 0.584375 0.7765625
1 0.4671875 0.7734375 0.4671875 0.775 0.471875 0.775 0.471875 0.7734375
1 0.4546875 0.7734375 0.4546875 0.775 0.4625 0.775 0.4625 0.7734375
1 0.4796875 0.7703125 0.4796875 0.778125 0.48125 0.778125 0.4828125 0.7796875 0.4828125 0.78125 0.4921875 0.78125 0.4921875 0.7796875 0.49375 0.778125 0.4953125 0.778125 0.496875 0.7796875 0.496875 0.78125 0.5078125 0.78125 0.509375 0.7828125 0.509375 0.784375 0.5125 0.784375 0.5125 0.7828125 0.5140625 0.78125 0.515625 0.78125 0.5171875 0.7828125 0.5171875 0.784375 0.515625 0.7859375 0.515625 0.7875 0.5140625 0.7890625 0.509375 0.7890625 0.509375 0.790625 0.5078125 0.7921875 0.50625 0.7921875 0.50625 0.8015625 0.5046875 0.803125 0.503125 0.803125 0.503125 0.8046875 0.5046875 0.8046875 0.50625 0.80625 0.50625 0.8140625 0.5046875 0.815625 0.503125 0.815625 0.503125 0.8203125 0.5078125 0.8203125 0.509375 0.821875 0.509375 0.8265625 0.515625 0.8265625 0.515625 0.825 0.5171875 0.8234375 0.51875 0.8234375 0.51875 0.821875 0.5203125 0.8203125 0.521875 0.8203125 0.521875 0.81875 0.5203125 0.81875 0.51875 0.8171875 0.51875 0.8125 0.5203125 0.8109375 0.528125 0.8109375 0.528125 0.809375 0.5234375 0.809375 0.521875 0.8078125 0.521875 0.80625 0.5234375 0.8046875 0.528125 0.8046875 0.528125 0.803125 0.5265625 0.803125 0.525 0.8015625 0.525 0.7984375 0.5265625 0.796875 0.528125 0.796875 0.528125 0.7953125 0.5296875 0.79375 0.534375 0.79375 0.5359375 0.7953125 0.5359375 0.796875 0.540625 0.796875 0.5421875 0.7984375 0.54375 0.7984375 0.5453125 0.8 0.5453125 0.8015625 0.54375 0.803125 0.5359375 0.803125 0.5359375 0.8046875 0.54375 0.8046875 0.5453125 0.80625 0.5453125 0.8078125 0.5515625 0.8078125 0.5515625 0.8 0.55 0.8 0.5484375 0.7984375 0.5484375 0.7921875 0.55 0.790625 0.5546875 0.790625 0.5546875 0.7890625 0.553125 0.7890625 0.5515625 0.7875 0.5515625 0.7859375 0.553125 0.784375 0.5578125 0.784375 0.5578125 0.7828125 0.559375 0.78125 0.5640625 0.78125 0.5640625 0.7796875 0.565625 0.778125 0.5703125 0.778125 0.5703125 0.7765625 0.56875 0.7765625 0.5671875 0.775 0.5671875 0.7734375 0.5625 0.7734375 0.5625 0.775 0.5609375 0.7765625 0.503125 0.7765625 0.5015625 0.775 0.5015625 0.7734375 0.4875 0.7734375 0.4859375 0.771875 0.4859375 0.7703125
1 0.4609375 0.7671875 0.4609375 0.76875 0.475 0.76875 0.475 0.7671875
1 0.434375 0.7640625 0.4328125 0.765625 0.4140625 0.765625 0.4125 0.7671875 0.4109375 0.7671875 0.4109375 0.775 0.409375 0.7765625 0.4078125 0.7765625 0.4078125 0.78125 0.4125 0.78125 0.4140625 0.7828125 0.4140625 0.784375 0.4203125 0.784375 0.4203125 0.7734375 0.421875 0.771875 0.4234375 0.771875 0.4234375 0.7703125 0.425 0.76875 0.4328125 0.76875 0.434375 0.7671875 0.4390625 0.7671875 0.4390625 0.7640625
1 0.640625 0.7234375 0.640625 0.725 0.6390625 0.7265625 0.63125 0.7265625 0.63125 0.728125 0.6328125 0.728125 0.634375 0.7296875 0.634375 0.7359375 0.6390625 0.7359375 0.640625 0.7375 0.640625 0.7390625 0.646875 0.7390625 0.646875 0.734375 0.6484375 0.7328125 0.65 0.7328125 0.6515625 0.734375 0.659375 0.734375 0.659375 0.73125 0.6515625 0.73125 0.65 0.7296875 0.65 0.7265625 0.6484375 0.7265625 0.646875 0.725 0.646875 0.7234375
1 0.621875 0.7203125 0.621875 0.721875 0.6203125 0.7234375 0.6125 0.7234375 0.6125 0.725 0.6171875 0.725 0.61875 0.7265625 0.61875 0.73125 0.6171875 0.7328125 0.615625 0.7328125 0.6140625 0.734375 0.6125 0.734375 0.6125 0.7375 0.6140625 0.7375 0.615625 0.7359375 0.6234375 0.7359375 0.625 0.7375 0.6265625 0.7375 0.6265625 0.734375 0.625 0.734375 0.6234375 0.7328125 0.6234375 0.7203125
1 0.6421875 0.7046875 0.6421875 0.715625 0.653125 0.715625 0.653125 0.7140625 0.6515625 0.7140625 0.65 0.7125 0.65 0.7046875
1 0.3328125 0.7046875 0.3328125 0.70625 0.334375 0.70625 0.3359375 0.7078125 0.34375 0.7078125 0.3453125 0.70625 0.346875 0.70625 0.346875 0.7046875
1 0.3390625 0.684375 0.3390625 0.6859375 0.3375 0.6875 0.3359375 0.6875 0.3359375 0.6890625 0.334375 0.690625 0.3328125 0.690625 0.3328125 0.6921875 0.33125 0.69375 0.3296875 0.69375 0.3296875 0.6984375 0.334375 0.6984375 0.3359375 0.7 0.34375 0.7 0.34375 0.6984375 0.3421875 0.6984375 0.340625 0.696875 0.340625 0.690625 0.3421875 0.6890625 0.346875 0.6890625 0.346875 0.684375
1 0.4796875 0.6640625 0.4796875 0.665625 0.4859375 0.665625 0.4859375 0.6640625
1 0.3484375 0.6609375 0.3484375 0.6625 0.346875 0.6640625 0.3453125 0.6640625 0.3453125 0.665625 0.346875 0.665625 0.3484375 0.6640625 0.35 0.6640625 0.3515625 0.665625 0.3515625 0.66875 0.35 0.6703125 0.3453125 0.6703125 0.3453125 0.671875 0.35 0.671875 0.3515625 0.6703125 0.353125 0.6703125 0.3546875 0.66875 0.35625 0.66875 0.35625 0.6671875 0.3578125 0.665625 0.3578125 0.6640625 0.359375 0.6625 0.3703125 0.6625 0.3703125 0.6609375
