1 0.4642857142857143 0.8690476190476191 0.46726190476190477 0.8690476190476191
1 0.45535714285714285 0.8125
1 0.36904761904761907 0.7857142857142857 0.37202380952380953 0.7886904761904762 0.37202380952380953 0.7916666666666666 0.375 0.7946428571428571 0.375 0.7976190476190477 0.38392857142857145 0.7976190476190477 0.38095238095238093 0.7946428571428571 0.38095238095238093 0.7886904761904762 0.37797619047619047 0.7886904761904762 0.375 0.7916666666666666 0.37202380952380953 0.7886904761904762 0.37202380952380953 0.7857142857142857
1 0.4494047619047619 0.7738095238095238 0.4523809523809524 0.7738095238095238 0.45535714285714285 0.7767857142857143 0.4523809523809524 0.7797619047619048 0.46726190476190477 0.7797619047619048 0.47023809523809523 0.7767857142857143 0.46726190476190477 0.7738095238095238
1 0.5386904761904762 0.7708333333333334 0.5416666666666666 0.7708333333333334
1 0.4255952380952381 0.7648809523809523
1 0.5982142857142857 0.7142857142857143 0.5952380952380952 0.7172619047619048 0.5952380952380952 0.7202380952380952 0.5982142857142857 0.7202380952380952 0.6011904761904762 0.7232142857142857 0.5952380952380952 0.7291666666666666 0.5952380952380952 0.7321428571428571 0.6041666666666666 0.7321428571428571 0.6071428571428571 0.7291666666666666 0.6071428571428571 0.7202380952380952 0.6041666666666666 0.7172619047619048 0.6041666666666666 0.7142857142857143
1 0.6875 0.7113095238095238 0.6934523809523809 0.7113095238095238
1 0.3601190476190476 0.7083333333333334
1 0.3541666666666667 0.6845238095238095 0.3541666666666667 0.6875 0.35714285714285715 0.6875 0.35714285714285715 0.6845238095238095
1 0.5476190476190477 0.6636904761904762
1 0.4851190476190476 0.6517857142857143 0.48214285714285715 0.6547619047619048 0.47619047619047616 0.6547619047619048 0.48214285714285715 0.6547619047619048 0.4851190476190476 0.6577380952380952 0.48214285714285715 0.6607142857142857 0.4851190476190476 0.6577380952380952 0.4880952380952381 0.6577380952380952 0.4880952380952381 0.6517857142857143
1 0.5952380952380952 0.5208333333333334 0.5982142857142857 0.5238095238095238 0.5982142857142857 0.5267857142857143 0.5952380952380952 0.5297619047619048 0.5922619047619048 0.5297619047619048 0.6041666666666666 0.5297619047619048 0.6071428571428571 0.5267857142857143 0.6011904761904762 0.5208333333333334
1 0.6071428571428571 0.49404761904761907 0.6041666666666666 0.49702380952380953 0.6041666666666666 0.5 0.6011904761904762 0.5029761904761905 0.6041666666666666 0.5059523809523809 0.6071428571428571 0.5029761904761905 0.6130952380952381 0.5029761904761905 0.6101190476190477 0.5029761904761905 0.6071428571428571 0.5 0.6101190476190477 0.49702380952380953 0.6101190476190477 0.49404761904761907
