1 0.5119047619047619 0.7886904761904762 0.5267857142857143 0.7886904761904762
1 0.48214285714285715 0.7767857142857143 0.4791666666666667 0.7797619047619048 0.48214285714285715 0.7827380952380952 0.49107142857142855 0.7827380952380952 0.49404761904761907 0.7797619047619048 0.5029761904761905 0.7797619047619048 0.5059523809523809 0.7827380952380952 0.5089285714285714 0.7797619047619048 0.5119047619047619 0.7827380952380952 0.5297619047619048 0.7827380952380952 0.5357142857142857 0.7886904761904762 0.5357142857142857 0.7916666666666666 0.5327380952380952 0.7946428571428571 0.5059523809523809 0.7946428571428571 0.5029761904761905 0.7976190476190477 0.5 0.7976190476190477 0.5 0.8005952380952381 0.5029761904761905 0.8005952380952381 0.5089285714285714 0.8065476190476191 0.5089285714285714 0.8154761904761905 0.5119047619047619 0.8184523809523809 0.5119047619047619 0.8214285714285714 0.5089285714285714 0.8244047619047619 0.5089285714285714 0.8273809523809523 0.5178571428571429 0.8273809523809523 0.5178571428571429 0.8125 0.5238095238095238 0.8065476190476191 0.5297619047619048 0.8065476190476191 0.5327380952380952 0.8035714285714286 0.5386904761904762 0.8035714285714286 0.5446428571428571 0.8095238095238095 0.5446428571428571 0.8125 0.5565476190476191 0.8125 0.5595238095238095 0.8095238095238095 0.5565476190476191 0.8095238095238095 0.5535714285714286 0.8065476190476191 0.5535714285714286 0.8035714285714286 0.5505952380952381 0.8005952380952381 0.5535714285714286 0.7976190476190477 0.5565476190476191 0.7976190476190477 0.5565476190476191 0.7946428571428571 0.5535714285714286 0.7946428571428571 0.5505952380952381 0.7916666666666666 0.5505952380952381 0.7886904761904762 0.5535714285714286 0.7857142857142857 0.5535714285714286 0.7827380952380952 0.5505952380952381 0.7797619047619048 0.5535714285714286 0.7767857142857143
1 0.41369047619047616 0.7767857142857143 0.40773809523809523 0.7827380952380952 0.4107142857142857 0.7857142857142857 0.4226190476190476 0.7857142857142857 0.41964285714285715 0.7827380952380952 0.41964285714285715 0.7797619047619048 0.4226190476190476 0.7767857142857143
1 0.5744047619047619 0.7738095238095238 0.5833333333333334 0.7738095238095238
1 0.5654761904761905 0.7678571428571429 0.5833333333333334 0.7678571428571429
1 0.41369047619047616 0.7678571428571429 0.4226190476190476 0.7678571428571429
1 0.40773809523809523 0.7589285714285714 0.40773809523809523 0.7619047619047619 0.4255952380952381 0.7619047619047619 0.42857142857142855 0.7648809523809523 0.43154761904761907 0.7648809523809523 0.43452380952380953 0.7678571428571429 0.44642857142857145 0.7678571428571429 0.4494047619047619 0.7648809523809523 0.44345238095238093 0.7648809523809523 0.44047619047619047 0.7619047619047619 0.43452380952380953 0.7619047619047619 0.43154761904761907 0.7589285714285714
1 0.6220238095238095 0.7202380952380952 0.625 0.7232142857142857 0.6220238095238095 0.7261904761904762 0.6220238095238095 0.7321428571428571 0.6190476190476191 0.7351190476190477 0.6309523809523809 0.7351190476190477 0.6339285714285714 0.7380952380952381 0.6309523809523809 0.7410714285714286 0.6220238095238095 0.7410714285714286 0.6190476190476191 0.7440476190476191 0.6160714285714286 0.7440476190476191 0.625 0.7440476190476191 0.6279761904761905 0.7470238095238095 0.6309523809523809 0.7470238095238095 0.6309523809523809 0.7440476190476191 0.6339285714285714 0.7410714285714286 0.6458333333333334 0.7410714285714286 0.6428571428571429 0.7380952380952381 0.6488095238095238 0.7321428571428571 0.6458333333333334 0.7291666666666666 0.6458333333333334 0.7261904761904762 0.6488095238095238 0.7232142857142857 0.6547619047619048 0.7232142857142857 0.6517857142857143 0.7232142857142857 0.6488095238095238 0.7202380952380952
1 0.6428571428571429 0.7142857142857143 0.6517857142857143 0.7142857142857143
1 0.47619047619047616 0.6636904761904762 0.4851190476190476 0.6636904761904762
1 0.7619047619047619 0.6577380952380952 0.7619047619047619 0.6607142857142857 0.7708333333333334 0.6607142857142857 0.7708333333333334 0.6577380952380952
1 0.35119047619047616 0.6577380952380952 0.3482142857142857 0.6607142857142857 0.3482142857142857 0.6636904761904762 0.34523809523809523 0.6666666666666666 0.3392857142857143 0.6666666666666666 0.3392857142857143 0.6726190476190477 0.33630952380952384 0.6755952380952381 0.34226190476190477 0.6755952380952381 0.34523809523809523 0.6785714285714286 0.34226190476190477 0.6815476190476191 0.33630952380952384 0.6815476190476191 0.33630952380952384 0.6845238095238095 0.3244047619047619 0.6964285714285714 0.33035714285714285 0.6964285714285714 0.3333333333333333 0.6994047619047619 0.3333333333333333 0.7023809523809523 0.3392857142857143 0.7023809523809523 0.34226190476190477 0.7053571428571429 0.3392857142857143 0.7083333333333334 0.33630952380952384 0.7083333333333334 0.34523809523809523 0.7083333333333334 0.3482142857142857 0.7053571428571429 0.34523809523809523 0.7023809523809523 0.3482142857142857 0.6994047619047619 0.35119047619047616 0.6994047619047619 0.34523809523809523 0.6994047619047619 0.34226190476190477 0.6964285714285714 0.34226190476190477 0.6934523809523809 0.34523809523809523 0.6904761904761905 0.34226190476190477 0.6875 0.34226190476190477 0.6845238095238095 0.3482142857142857 0.6785714285714286 0.3541666666666667 0.6785714285714286 0.35119047619047616 0.6755952380952381 0.35119047619047616 0.6696428571428571 0.3541666666666667 0.6666666666666666 0.3601190476190476 0.6666666666666666 0.35714285714285715 0.6636904761904762 0.3601190476190476 0.6607142857142857 0.37202380952380953 0.6607142857142857 0.375 0.6577380952380952
1 0.3630952380952381 0.6517857142857143 0.36904761904761907 0.6517857142857143
1 0.7648809523809523 0.6428571428571429 0.7738095238095238 0.6428571428571429
1 0.5476190476190477 0.5476190476190477 0.5476190476190477 0.5505952380952381 0.5505952380952381 0.5505952380952381 0.5535714285714286 0.5476190476190477 0.5565476190476191 0.5476190476190477
1 0.5416666666666666 0.5386904761904762 0.5476190476190477 0.5386904761904762 0.5505952380952381 0.5416666666666666 0.5535714285714286 0.5416666666666666 0.5565476190476191 0.5386904761904762 0.5654761904761905 0.5386904761904762
