1 0.41369047619047616 0.8154761904761905 0.41369047619047616 0.8184523809523809 0.41964285714285715 0.8184523809523809 0.4166666666666667 0.8154761904761905
1 0.39285714285714285 0.8154761904761905
1 0.4791666666666667 0.7857142857142857 0.4791666666666667 0.7886904761904762 0.4851190476190476 0.7886904761904762 0.4880952380952381 0.7857142857142857 0.49107142857142855 0.7886904761904762 0.5208333333333334 0.7886904761904762 0.5178571428571429 0.7886904761904762 0.5148809523809523 0.7857142857142857
1 0.5327380952380952 0.7767857142857143 0.5297619047619048 0.7797619047619048 0.5178571428571429 0.7797619047619048 0.5357142857142857 0.7797619047619048 0.5357142857142857 0.7767857142857143
1 0.4523809523809524 0.7708333333333334 0.45535714285714285 0.7708333333333334 0.4583333333333333 0.7738095238095238 0.4583333333333333 0.7767857142857143 0.4642857142857143 0.7767857142857143 0.46726190476190477 0.7797619047619048 0.5089285714285714 0.7797619047619048 0.49107142857142855 0.7797619047619048 0.4880952380952381 0.7767857142857143 0.48214285714285715 0.7767857142857143 0.4791666666666667 0.7797619047619048 0.47619047619047616 0.7797619047619048 0.4732142857142857 0.7767857142857143 0.47023809523809523 0.7767857142857143 0.46726190476190477 0.7738095238095238 0.4583333333333333 0.7738095238095238 0.45535714285714285 0.7708333333333334
1 0.33035714285714285 0.7083333333333334 0.3333333333333333 0.7083333333333334
1 0.30654761904761907 0.7083333333333334 0.31845238095238093 0.7083333333333334
1 0.7440476190476191 0.6696428571428571 0.75 0.6696428571428571
1 0.75 0.6636904761904762 0.7559523809523809 0.6636904761904762
1 0.5386904761904762 0.6577380952380952 0.5357142857142857 0.6607142857142857 0.5386904761904762 0.6636904761904762 0.5386904761904762 0.6666666666666666 0.5416666666666666 0.6666666666666666 0.5386904761904762 0.6636904761904762
1 0.7619047619047619 0.6458333333333334 0.7619047619047619 0.6517857142857143 0.7559523809523809 0.6577380952380952 0.7589285714285714 0.6577380952380952 0.7589285714285714 0.6547619047619048 0.7648809523809523 0.6488095238095238 0.7648809523809523 0.6458333333333334
1 0.7678571428571429 0.6398809523809523 0.7738095238095238 0.6398809523809523
1 0.7053571428571429 0.6398809523809523 0.7172619047619048 0.6398809523809523
1 0.7232142857142857 0.6309523809523809 0.7202380952380952 0.6339285714285714
1 0.7708333333333334 0.6279761904761905 0.7738095238095238 0.6309523809523809 0.7797619047619048 0.6309523809523809 0.7767857142857143 0.6279761904761905
1 0.7351190476190477 0.6279761904761905
1 0.5595238095238095 0.5297619047619048
1 0.5654761904761905 0.5238095238095238 0.5744047619047619 0.5238095238095238
1 0.5446428571428571 0.5238095238095238 0.5505952380952381 0.5297619047619048 0.5505952380952381 0.5238095238095238
