1 0.365625 0.7921875 0.365625 0.79375 0.3703125 0.79375 0.371875 0.7953125 0.3796875 0.7953125 0.38125 0.79375 0.3859375 0.79375 0.3859375 0.7921875
1 0.4375 0.7703125 0.4375 0.771875 0.4453125 0.771875 0.446875 0.7734375 0.446875 0.778125 0.45625 0.778125 0.4578125 0.7796875 0.4578125 0.78125 0.46875 0.78125 0.46875 0.7796875 0.4703125 0.778125 0.475 0.778125 0.475 0.7765625 0.4703125 0.7765625 0.46875 0.775 0.46875 0.7734375 0.453125 0.7734375 0.4515625 0.771875 0.4515625 0.7703125
1 0.4140625 0.7640625 0.4140625 0.7671875 0.415625 0.7671875 0.4171875 0.76875 0.4265625 0.76875 0.4265625 0.765625 0.4171875 0.765625 0.415625 0.7640625
1 0.6453125 0.7234375 0.6453125 0.725 0.64375 0.7265625 0.6421875 0.7265625 0.6421875 0.728125 0.64375 0.728125 0.6453125 0.7296875 0.6453125 0.73125 0.646875 0.73125 0.646875 0.7296875 0.6484375 0.728125 0.65 0.728125 0.65 0.7234375
1 0.5953125 0.7140625 0.5953125 0.721875 0.6 0.721875 0.6015625 0.7234375 0.6015625 0.728125 0.6 0.7296875 0.5984375 0.7296875 0.5984375 0.7328125 0.6078125 0.7328125 0.609375 0.73125 0.6109375 0.73125 0.6109375 0.7171875 0.6078125 0.7171875 0.60625 0.715625 0.60625 0.7140625
1 0.690625 0.7078125 0.690625 0.709375 0.6890625 0.7109375 0.6875 0.7109375 0.6875 0.715625 0.6953125 0.715625 0.6953125 0.7078125
1 0.5421875 0.6609375 0.5421875 0.665625 0.5453125 0.665625 0.5453125 0.6640625 0.546875 0.6625 0.5484375 0.6625 0.5484375 0.6609375
1 0.4796875 0.6515625 0.4796875 0.65625 0.478125 0.6578125 0.4765625 0.6578125 0.4765625 0.659375 0.478125 0.659375 0.4796875 0.6609375 0.4796875 0.6625 0.4859375 0.6625 0.4859375 0.6609375 0.4875 0.659375 0.4953125 0.659375 0.4953125 0.6578125 0.490625 0.6578125 0.4890625 0.65625 0.4890625 0.6546875 0.490625 0.653125 0.4953125 0.653125 0.4953125 0.6515625
1 0.56875 0.6015625 0.56875 0.603125 0.5671875 0.6046875 0.565625 0.6046875 0.565625 0.60625 0.5671875 0.60625 0.56875 0.6078125 0.578125 0.6078125 0.5796875 0.609375 0.5875 0.609375 0.5875 0.60625 0.5796875 0.60625 0.578125 0.6046875 0.578125 0.6015625
1 0.6015625 0.5203125 0.6 0.521875 0.5984375 0.521875 0.5984375 0.525 0.596875 0.5265625 0.5890625 0.5265625 0.5890625 0.534375 0.596875 0.534375 0.5984375 0.5359375 0.5984375 0.5375 0.603125 0.5375 0.603125 0.5359375 0.6046875 0.534375 0.6078125 0.534375 0.6078125 0.5265625 0.60625 0.525 0.60625 0.5203125
1 0.6046875 0.484375 0.6046875 0.4890625 0.603125 0.490625 0.5984375 0.490625 0.5984375 0.4921875 0.6 0.4921875 0.6015625 0.49375 0.6015625 0.4984375 0.6 0.5 0.5984375 0.5 0.5984375 0.5015625 0.6 0.5015625 0.6015625 0.503125 0.6015625 0.5046875 0.603125 0.5046875 0.6046875 0.50625 0.6046875 0.5078125 0.603125 0.509375 0.6015625 0.509375 0.6015625 0.5125 0.6 0.5140625 0.5984375 0.5140625 0.5984375 0.515625 0.6078125 0.515625 0.609375 0.5140625 0.6109375 0.5140625 0.6109375 0.509375 0.6125 0.5078125 0.6140625 0.5078125 0.6140625 0.50625 0.615625 0.5046875 0.6171875 0.5046875 0.6171875 0.503125 0.615625 0.503125 0.6140625 0.5015625 0.6140625 0.490625 0.615625 0.4890625 0.6234375 0.4890625 0.6234375 0.4875 0.621875 0.4875 0.6203125 0.4859375 0.615625 0.4859375 0.6140625 0.484375
