1 0.5059523809523809 0.8601190476190477 0.5119047619047619 0.8601190476190477
1 0.5952380952380952 0.8244047619047619 0.5922619047619048 0.8273809523809523 0.5863095238095238 0.8273809523809523 0.5952380952380952 0.8273809523809523
1 0.5267857142857143 0.7827380952380952 0.5565476190476191 0.7827380952380952
1 0.46726190476190477 0.7827380952380952 0.47023809523809523 0.7827380952380952 0.4732142857142857 0.7857142857142857 0.47023809523809523 0.7886904761904762 0.4732142857142857 0.7886904761904762 0.47619047619047616 0.7916666666666666 0.4880952380952381 0.7916666666666666 0.49107142857142855 0.7886904761904762 0.49404761904761907 0.7886904761904762 0.49107142857142855 0.7886904761904762 0.4880952380952381 0.7857142857142857 0.49107142857142855 0.7827380952380952 0.49404761904761907 0.7827380952380952
1 0.4583333333333333 0.7738095238095238
1 0.5863095238095238 0.7589285714285714 0.5833333333333334 0.7619047619047619 0.5833333333333334 0.7678571428571429 0.5863095238095238 0.7678571428571429 0.5892857142857143 0.7708333333333334 0.5952380952380952 0.7708333333333334 0.5952380952380952 0.7678571428571429 0.5982142857142857 0.7648809523809523 0.5982142857142857 0.7619047619047619 0.6011904761904762 0.7589285714285714 0.6041666666666666 0.7589285714285714
1 0.5922619047619048 0.6964285714285714 0.5892857142857143 0.6994047619047619 0.5863095238095238 0.6994047619047619 0.5833333333333334 0.7023809523809523 0.5803571428571429 0.7023809523809523 0.5952380952380952 0.7023809523809523 0.5982142857142857 0.6994047619047619 0.6011904761904762 0.6994047619047619 0.6011904761904762 0.6964285714285714
1 0.5863095238095238 0.6845238095238095 0.5863095238095238 0.6875 0.5803571428571429 0.6934523809523809 0.5803571428571429 0.6964285714285714 0.5803571428571429 0.6934523809523809 0.5863095238095238 0.6875
1 0.7172619047619048 0.6577380952380952 0.7202380952380952 0.6607142857142857 0.7410714285714286 0.6607142857142857 0.7440476190476191 0.6577380952380952 0.7529761904761905 0.6577380952380952 0.7321428571428571 0.6577380952380952 0.7291666666666666 0.6607142857142857 0.7232142857142857 0.6607142857142857 0.7202380952380952 0.6577380952380952
1 0.7589285714285714 0.6279761904761905 0.7708333333333334 0.6279761904761905
1 0.6994047619047619 0.6279761904761905 0.6994047619047619 0.6309523809523809 0.7470238095238095 0.6309523809523809 0.75 0.6279761904761905 0.7529761904761905 0.6279761904761905 0.7440476190476191 0.6279761904761905 0.7410714285714286 0.6309523809523809 0.7380952380952381 0.6309523809523809 0.7351190476190477 0.6279761904761905
