1 0.5125 0.79375 0.5125 0.796875 0.51875 0.796875 0.51875 0.79375
1 0.5359375 0.7703125 0.5359375 0.771875 0.54375 0.771875 0.54375 0.7703125
1 0.45 0.7703125 0.45 0.771875 0.4484375 0.7734375 0.446875 0.7734375 0.446875 0.775 0.4515625 0.775 0.453125 0.7765625 0.453125 0.778125 0.4546875 0.7796875 0.4546875 0.78125 0.471875 0.78125 0.471875 0.7765625 0.4703125 0.7765625 0.46875 0.775 0.46875 0.7734375 0.4640625 0.7734375 0.4625 0.771875 0.4625 0.7703125
1 0.4078125 0.75625 0.4078125 0.7578125 0.40625 0.759375 0.4046875 0.759375 0.4046875 0.7609375 0.409375 0.7609375 0.4109375 0.759375 0.415625 0.759375 0.4171875 0.7609375 0.4171875 0.7640625 0.415625 0.765625 0.4109375 0.765625 0.4109375 0.76875 0.4265625 0.76875 0.428125 0.7671875 0.4328125 0.7671875 0.4328125 0.7640625 0.428125 0.7640625 0.4265625 0.765625 0.421875 0.765625 0.4203125 0.7640625 0.4203125 0.7625 0.421875 0.7609375 0.4265625 0.7609375 0.4265625 0.759375 0.4203125 0.759375 0.41875 0.7578125 0.41875 0.75625
1 0.6484375 0.7265625 0.6484375 0.728125 0.646875 0.7296875 0.6453125 0.7296875 0.6453125 0.73125 0.646875 0.73125 0.646875 0.7296875 0.6484375 0.728125 0.65 0.728125 0.65 0.7265625
1 0.625 0.7234375 0.625 0.725 0.6296875 0.725 0.6296875 0.7234375
1 0.6015625 0.7234375 0.6015625 0.73125 0.603125 0.73125 0.6046875 0.7328125 0.60625 0.7328125 0.6078125 0.73125 0.6078125 0.7296875 0.609375 0.728125 0.6109375 0.728125 0.6109375 0.7234375
1 0.6875 0.7109375 0.6875 0.7125 0.6859375 0.7140625 0.684375 0.7140625 0.684375 0.71875 0.6984375 0.71875 0.6984375 0.7171875 0.7 0.715625 0.7015625 0.715625 0.7015625 0.7140625 0.703125 0.7125 0.703125 0.7109375
1 0.4765625 0.6640625 0.4765625 0.66875 0.4828125 0.66875 0.4828125 0.6671875 0.484375 0.665625 0.4921875 0.665625 0.4921875 0.6640625
1 0.4796875 0.6484375 0.4796875 0.653125 0.478125 0.6546875 0.4765625 0.6546875 0.4765625 0.65625 0.478125 0.65625 0.4796875 0.6578125 0.4796875 0.659375 0.4921875 0.659375 0.4921875 0.6546875 0.49375 0.653125 0.4953125 0.653125 0.4953125 0.6515625 0.49375 0.6515625 0.4921875 0.65 0.4921875 0.6484375
