1 0.428125 0.8328125 0.428125 0.834375 0.4265625 0.8359375 0.425 0.8359375 0.425 0.8375 0.4421875 0.8375 0.4421875 0.8359375 0.440625 0.8359375 0.4390625 0.834375 0.4390625 0.8328125
1 0.571875 0.7765625 0.571875 0.778125 0.578125 0.778125 0.578125 0.7765625
1 0.615625 0.7640625 0.615625 0.7671875 0.6203125 0.7671875 0.6203125 0.7640625
1 0.6375 0.7171875 0.6375 0.71875 0.6359375 0.7203125 0.634375 0.7203125 0.634375 0.721875 0.6328125 0.7234375 0.63125 0.7234375 0.63125 0.728125 0.6296875 0.7296875 0.621875 0.7296875 0.621875 0.7359375 0.6234375 0.7359375 0.625 0.7375 0.625 0.7390625 0.6265625 0.7390625 0.628125 0.740625 0.628125 0.7421875 0.634375 0.7421875 0.6359375 0.74375 0.6359375 0.7453125 0.634375 0.746875 0.63125 0.746875 0.63125 0.7484375 0.6390625 0.7484375 0.6390625 0.74375 0.640625 0.7421875 0.640625 0.740625 0.6421875 0.7390625 0.64375 0.7390625 0.6453125 0.740625 0.6453125 0.7421875 0.646875 0.7421875 0.646875 0.740625 0.6484375 0.7390625 0.653125 0.7390625 0.653125 0.7375 0.6546875 0.7359375 0.65625 0.7359375 0.65625 0.734375 0.6578125 0.7328125 0.665625 0.7328125 0.6671875 0.73125 0.6703125 0.73125 0.6703125 0.7296875 0.6609375 0.7296875 0.659375 0.728125 0.659375 0.7265625 0.6609375 0.725 0.6703125 0.725 0.6703125 0.7234375 0.6671875 0.7234375 0.665625 0.721875 0.665625 0.7203125 0.6546875 0.7203125 0.653125 0.71875 0.653125 0.7171875
1 0.6125 0.68125 0.6125 0.6828125 0.6109375 0.684375 0.6109375 0.6859375 0.6140625 0.6859375 0.6140625 0.68125
1 0.678125 0.6765625 0.678125 0.6796875 0.6765625 0.68125 0.675 0.68125 0.675 0.6828125 0.6734375 0.684375 0.671875 0.684375 0.671875 0.6859375 0.6703125 0.6875 0.6640625 0.6875 0.6640625 0.6890625 0.6625 0.690625 0.6609375 0.690625 0.6609375 0.6921875 0.659375 0.69375 0.6578125 0.69375 0.6578125 0.6953125 0.65625 0.696875 0.621875 0.696875 0.6203125 0.6984375 0.61875 0.6984375 0.61875 0.7015625 0.6203125 0.7015625 0.621875 0.703125 0.621875 0.70625 0.6296875 0.70625 0.63125 0.7078125 0.63125 0.709375 0.64375 0.709375 0.6453125 0.7109375 0.6453125 0.7125 0.646875 0.7125 0.646875 0.7109375 0.6484375 0.709375 0.653125 0.709375 0.653125 0.7046875 0.6546875 0.703125 0.66875 0.703125 0.6703125 0.7015625 0.6765625 0.7015625 0.6765625 0.7 0.678125 0.6984375 0.6796875 0.6984375 0.6796875 0.69375 0.68125 0.6921875 0.6828125 0.6921875 0.6828125 0.690625 0.684375 0.6890625 0.6859375 0.6890625 0.6859375 0.68125 0.6875 0.6796875 0.6921875 0.6796875 0.6921875 0.678125 0.6875 0.678125 0.6859375 0.6765625
1 0.675 0.66875 0.675 0.671875 0.6765625 0.671875 0.678125 0.6703125 0.6859375 0.6703125 0.6875 0.671875 0.6890625 0.671875 0.6890625 0.66875
1 0.690625 0.6640625 0.690625 0.665625 0.6921875 0.665625 0.6921875 0.6640625
1 0.6015625 0.6640625 0.6015625 0.665625 0.603125 0.665625 0.603125 0.6640625
1 0.5125 0.615625 0.5125 0.6203125 0.51875 0.6203125 0.51875 0.61875 0.5171875 0.61875 0.515625 0.6171875 0.515625 0.615625
1 0.43125 0.5421875 0.43125 0.54375 0.4296875 0.5453125 0.428125 0.5453125 0.4265625 0.546875 0.425 0.546875 0.425 0.5484375 0.4265625 0.5484375 0.428125 0.55 0.428125 0.5515625 0.4265625 0.553125 0.4171875 0.553125 0.4171875 0.5546875 0.4453125 0.5546875 0.4453125 0.55 0.446875 0.5484375 0.4484375 0.5484375 0.4484375 0.5453125 0.446875 0.5453125 0.4453125 0.54375 0.4453125 0.5421875
