1 0.5984375 0.8265625 0.5984375 0.8296875 0.6 0.8296875 0.6 0.8265625
1 0.4734375 0.7828125 0.4734375 0.784375 0.475 0.784375 0.4765625 0.7859375 0.4765625 0.7875 0.475 0.7890625 0.4734375 0.7890625 0.4734375 0.790625 0.478125 0.790625 0.4796875 0.7921875 0.4796875 0.79375 0.4828125 0.79375 0.484375 0.7953125 0.4859375 0.7953125 0.4875 0.796875 0.4875 0.7953125 0.4859375 0.79375 0.4859375 0.7921875 0.4875 0.790625 0.4890625 0.790625 0.4890625 0.7890625 0.4875 0.7890625 0.4859375 0.7875 0.4859375 0.7859375 0.4875 0.784375 0.4890625 0.784375 0.4890625 0.7828125
1 0.4609375 0.7796875 0.4609375 0.78125 0.46875 0.78125 0.46875 0.7796875
1 0.4734375 0.7765625 0.4734375 0.778125 0.475 0.778125 0.475 0.7765625
1 0.5953125 0.75625 0.5953125 0.7609375 0.59375 0.7625 0.5921875 0.7625 0.5921875 0.7640625 0.590625 0.765625 0.5859375 0.765625 0.584375 0.7640625 0.5828125 0.7640625 0.5828125 0.7671875 0.584375 0.7671875 0.5859375 0.76875 0.6 0.76875 0.6 0.7671875 0.6015625 0.765625 0.603125 0.765625 0.6046875 0.7671875 0.6171875 0.7671875 0.6171875 0.7640625 0.6046875 0.7640625 0.603125 0.7625 0.6015625 0.7625 0.6 0.7609375 0.6 0.759375 0.6015625 0.7578125 0.60625 0.7578125 0.60625 0.75625
1 0.5796875 0.7015625 0.5796875 0.7046875 0.6 0.7046875 0.6 0.703125 0.5953125 0.703125 0.59375 0.7015625
1 0.5921875 0.6875 0.5921875 0.6890625 0.59375 0.6890625 0.5953125 0.690625 0.5953125 0.696875 0.6 0.696875 0.6015625 0.6984375 0.603125 0.6984375 0.603125 0.690625 0.5953125 0.690625 0.59375 0.6890625 0.59375 0.6875
1 0.5828125 0.6875 0.5828125 0.6921875 0.584375 0.6921875 0.584375 0.690625 0.5859375 0.6890625 0.5875 0.6890625 0.5875 0.6875
1 0.7203125 0.6609375 0.7203125 0.6625 0.7328125 0.6625 0.7328125 0.6609375
1 0.690625 0.625 0.690625 0.6265625 0.6890625 0.628125 0.6875 0.628125 0.6875 0.6296875 0.6953125 0.6296875 0.696875 0.63125 0.696875 0.6328125 0.7484375 0.6328125 0.7484375 0.63125 0.7375 0.63125 0.7359375 0.6296875 0.7359375 0.628125 0.7375 0.6265625 0.7484375 0.6265625 0.7484375 0.625
