1 0.41369047619047616 0.8154761904761905 0.4166666666666667 0.8184523809523809 0.4255952380952381 0.8184523809523809 0.4226190476190476 0.8154761904761905
1 0.4791666666666667 0.7857142857142857 0.4880952380952381 0.7857142857142857
1 0.4375 0.7797619047619048 0.44642857142857145 0.7797619047619048
1 0.5297619047619048 0.7767857142857143 0.5357142857142857 0.7767857142857143
1 0.4523809523809524 0.7708333333333334 0.45535714285714285 0.7738095238095238 0.46130952380952384 0.7738095238095238 0.4642857142857143 0.7767857142857143 0.46726190476190477 0.7767857142857143 0.47023809523809523 0.7797619047619048 0.4880952380952381 0.7797619047619048 0.4880952380952381 0.7767857142857143 0.48214285714285715 0.7767857142857143 0.4791666666666667 0.7797619047619048 0.47619047619047616 0.7767857142857143 0.47023809523809523 0.7767857142857143 0.4642857142857143 0.7708333333333334
1 0.4226190476190476 0.7708333333333334 0.4375 0.7708333333333334
1 0.5386904761904762 0.6696428571428571
1 0.5416666666666666 0.6636904761904762
1 0.5327380952380952 0.6636904761904762
1 0.5297619047619048 0.6547619047619048 0.5327380952380952 0.6547619047619048
1 0.7678571428571429 0.6398809523809523 0.7648809523809523 0.6428571428571429 0.7589285714285714 0.6428571428571429 0.7559523809523809 0.6458333333333334 0.7559523809523809 0.6488095238095238 0.7529761904761905 0.6517857142857143 0.7559523809523809 0.6547619047619048 0.7529761904761905 0.6577380952380952 0.75 0.6577380952380952 0.7529761904761905 0.6607142857142857 0.75 0.6636904761904762 0.7380952380952381 0.6636904761904762 0.7351190476190477 0.6666666666666666 0.7529761904761905 0.6666666666666666 0.7529761904761905 0.6607142857142857 0.7589285714285714 0.6547619047619048 0.7648809523809523 0.6547619047619048 0.7619047619047619 0.6517857142857143 0.7648809523809523 0.6488095238095238 0.7678571428571429 0.6488095238095238 0.7708333333333334 0.6458333333333334 0.7738095238095238 0.6458333333333334 0.7708333333333334 0.6458333333333334 0.7678571428571429 0.6428571428571429 0.7708333333333334 0.6398809523809523
1 0.6964285714285714 0.6398809523809523 0.7172619047619048 0.6398809523809523
1 0.7410714285714286 0.6309523809523809
