1 0.5953125 0.8296875 0.5953125 0.834375 0.596875 0.834375 0.596875 0.8328125 0.5984375 0.83125 0.6 0.83125 0.6 0.8296875
1 0.6046875 0.8265625 0.6046875 0.8296875 0.60625 0.8296875 0.60625 0.8265625
1 0.559375 0.7796875 0.559375 0.78125 0.5609375 0.78125 0.5625 0.7828125 0.5625 0.790625 0.5734375 0.790625 0.5734375 0.7890625 0.575 0.7875 0.5765625 0.7875 0.5765625 0.7828125 0.575 0.7828125 0.5734375 0.78125 0.5734375 0.7796875
1 0.4578125 0.753125 0.4578125 0.7546875 0.459375 0.7546875 0.459375 0.753125
1 0.4546875 0.74375 0.4546875 0.7453125 0.459375 0.7453125 0.459375 0.74375
1 0.68125 0.7078125 0.68125 0.7125 0.6921875 0.7125 0.6921875 0.7109375 0.69375 0.709375 0.6953125 0.709375 0.6953125 0.7078125
1 0.628125 0.6875 0.628125 0.6890625 0.6296875 0.6890625 0.6296875 0.6875
1 0.621875 0.6546875 0.621875 0.65625 0.6203125 0.6578125 0.615625 0.6578125 0.615625 0.6625 0.6296875 0.6625 0.6296875 0.6609375 0.63125 0.659375 0.6359375 0.659375 0.6375 0.6609375 0.6375 0.6625 0.6359375 0.6640625 0.634375 0.6640625 0.634375 0.665625 0.6359375 0.665625 0.6375 0.6671875 0.6390625 0.6671875 0.640625 0.66875 0.640625 0.671875 0.6390625 0.6734375 0.6375 0.6734375 0.6359375 0.675 0.634375 0.675 0.634375 0.6765625 0.640625 0.6765625 0.6421875 0.678125 0.6421875 0.6796875 0.640625 0.68125 0.640625 0.6828125 0.6421875 0.684375 0.6421875 0.6890625 0.64375 0.6890625 0.6453125 0.690625 0.6453125 0.6953125 0.64375 0.696875 0.6421875 0.696875 0.6421875 0.6984375 0.65 0.6984375 0.65 0.696875 0.6515625 0.6953125 0.653125 0.6953125 0.653125 0.68125 0.6515625 0.68125 0.65 0.6796875 0.65 0.678125 0.6515625 0.6765625 0.653125 0.6765625 0.6546875 0.675 0.659375 0.675 0.659375 0.6734375 0.6578125 0.6734375 0.65625 0.671875 0.6546875 0.671875 0.653125 0.6734375 0.6515625 0.6734375 0.65 0.671875 0.65 0.66875 0.6515625 0.6671875 0.65625 0.6671875 0.6578125 0.66875 0.659375 0.66875 0.659375 0.665625 0.6578125 0.665625 0.65625 0.6640625 0.6515625 0.6640625 0.65 0.6625 0.65 0.6578125 0.634375 0.6578125 0.6328125 0.65625 0.6328125 0.6546875
1 0.5265625 0.61875 0.5265625 0.6203125 0.54375 0.6203125 0.54375 0.61875
1 0.5234375 0.6125 0.5234375 0.6140625 0.534375 0.6140625 0.534375 0.6125
1 0.50625 0.5984375 0.50625 0.6 0.5109375 0.6 0.5125 0.6015625 0.5125 0.603125 0.515625 0.603125 0.515625 0.5984375
1 0.453125 0.55625 0.453125 0.5578125 0.459375 0.5578125 0.4609375 0.559375 0.4609375 0.5609375 0.459375 0.5625 0.4546875 0.5625 0.4546875 0.5640625 0.459375 0.5640625 0.4609375 0.565625 0.4609375 0.5671875 0.459375 0.56875 0.4578125 0.56875 0.4578125 0.5734375 0.471875 0.5734375 0.471875 0.571875 0.4734375 0.5703125 0.48125 0.5703125 0.48125 0.56875 0.4796875 0.56875 0.478125 0.5671875 0.478125 0.565625 0.4765625 0.565625 0.475 0.5640625 0.475 0.559375 0.4671875 0.559375 0.465625 0.5578125 0.465625 0.55625
1 0.44375 0.55 0.44375 0.5515625 0.4484375 0.5515625 0.4484375 0.55
