1 0.5765625 0.9046875 0.5765625 0.90625 0.5796875 0.90625 0.5796875 0.9046875
1 0.434375 0.7765625 0.434375 0.778125 0.4421875 0.778125 0.44375 0.7796875 0.44375 0.78125 0.453125 0.78125 0.453125 0.7796875 0.4546875 0.778125 0.459375 0.778125 0.459375 0.7765625
1 0.425 0.7671875 0.425 0.76875 0.4265625 0.76875 0.428125 0.7703125 0.428125 0.771875 0.4359375 0.771875 0.4359375 0.7703125 0.43125 0.7703125 0.4296875 0.76875 0.4296875 0.7671875
1 0.4765625 0.7609375 0.4765625 0.7640625 0.48125 0.7640625 0.48125 0.7609375
1 0.3515625 0.734375 0.3515625 0.7375 0.3765625 0.7375 0.3765625 0.734375
1 0.3421875 0.734375 0.3421875 0.7375 0.346875 0.7375 0.346875 0.734375
1 0.3296875 0.734375 0.3296875 0.7375 0.334375 0.7375 0.334375 0.734375
1 0.325 0.7078125 0.325 0.709375 0.35 0.709375 0.35 0.7078125
1 0.5984375 0.515625 0.596875 0.5171875 0.5890625 0.5171875 0.5890625 0.5203125 0.59375 0.5203125 0.5953125 0.51875 0.6109375 0.51875 0.6109375 0.5171875 0.6046875 0.5171875 0.603125 0.515625
1 0.628125 0.509375 0.628125 0.5109375 0.6296875 0.5109375 0.6296875 0.509375
1 0.6046875 0.490625 0.6046875 0.4921875 0.603125 0.49375 0.5984375 0.49375 0.5984375 0.4953125 0.596875 0.496875 0.5859375 0.496875 0.5859375 0.4984375 0.5875 0.4984375 0.5890625 0.5 0.5890625 0.5015625 0.59375 0.5015625 0.5953125 0.503125 0.5953125 0.5046875 0.59375 0.50625 0.5921875 0.50625 0.5921875 0.5078125 0.590625 0.509375 0.5828125 0.509375 0.58125 0.5109375 0.578125 0.5109375 0.578125 0.5140625 0.58125 0.5140625 0.5828125 0.515625 0.584375 0.515625 0.584375 0.5140625 0.5859375 0.5125 0.59375 0.5125 0.5953125 0.5109375 0.6 0.5109375 0.6015625 0.509375 0.603125 0.509375 0.6046875 0.5109375 0.6171875 0.5109375 0.6171875 0.50625 0.615625 0.50625 0.6140625 0.5046875 0.6140625 0.5 0.615625 0.4984375 0.6171875 0.4984375 0.6171875 0.490625
