1 0.509375 0.8546875 0.509375 0.85625 0.5078125 0.8578125 0.50625 0.8578125 0.50625 0.8671875 0.5125 0.8671875 0.5140625 0.86875 0.5140625 0.8703125 0.5171875 0.8703125 0.5171875 0.86875 0.515625 0.8671875 0.515625 0.865625 0.5171875 0.8640625 0.521875 0.8640625 0.521875 0.8625 0.5171875 0.8625 0.515625 0.8609375 0.515625 0.8578125 0.5171875 0.85625 0.51875 0.85625 0.51875 0.8546875
1 0.5984375 0.81875 0.5984375 0.8203125 0.596875 0.821875 0.5921875 0.821875 0.5921875 0.8234375 0.590625 0.825 0.5828125 0.825 0.58125 0.8265625 0.5796875 0.8265625 0.5796875 0.8296875 0.58125 0.8296875 0.5828125 0.828125 0.603125 0.828125 0.6046875 0.8265625 0.60625 0.8265625 0.60625 0.825 0.6046875 0.825 0.603125 0.8234375 0.603125 0.821875 0.6046875 0.8203125 0.6078125 0.8203125 0.6078125 0.81875
1 0.4671875 0.7796875 0.4671875 0.784375 0.471875 0.784375 0.4734375 0.7859375 0.4734375 0.7875 0.471875 0.7890625 0.4703125 0.7890625 0.4703125 0.790625 0.475 0.790625 0.4765625 0.7921875 0.4765625 0.79375 0.4859375 0.79375 0.4859375 0.7921875 0.4875 0.790625 0.4890625 0.790625 0.4890625 0.7890625 0.4875 0.7890625 0.4859375 0.7875 0.4859375 0.7859375 0.4875 0.784375 0.4953125 0.784375 0.4953125 0.7828125 0.484375 0.7828125 0.4828125 0.78125 0.4828125 0.7796875
1 0.4109375 0.7734375 0.4109375 0.775 0.41875 0.775 0.41875 0.7734375
1 0.4046875 0.7671875 0.4046875 0.76875 0.415625 0.76875 0.415625 0.7671875
1 0.5890625 0.759375 0.5875 0.7609375 0.5828125 0.7609375 0.5828125 0.7640625 0.5875 0.7640625 0.5890625 0.765625 0.5890625 0.7671875 0.5875 0.76875 0.5828125 0.76875 0.58125 0.7703125 0.575 0.7703125 0.575 0.771875 0.5875 0.771875 0.5890625 0.7734375 0.5890625 0.775 0.5875 0.7765625 0.553125 0.7765625 0.553125 0.778125 0.5515625 0.7796875 0.546875 0.7796875 0.546875 0.78125 0.5453125 0.7828125 0.5234375 0.7828125 0.5234375 0.784375 0.525 0.784375 0.5265625 0.7859375 0.5265625 0.7875 0.53125 0.7875 0.5328125 0.7890625 0.5328125 0.790625 0.53125 0.7921875 0.5296875 0.7921875 0.5296875 0.79375 0.5453125 0.79375 0.5453125 0.7921875 0.546875 0.790625 0.5515625 0.790625 0.5515625 0.7890625 0.553125 0.7875 0.5640625 0.7875 0.5640625 0.7859375 0.5625 0.7859375 0.5609375 0.784375 0.5609375 0.7828125 0.5625 0.78125 0.5765625 0.78125 0.5765625 0.7796875 0.578125 0.778125 0.5875 0.778125 0.5875 0.7765625 0.5890625 0.775 0.59375 0.775 0.59375 0.7734375 0.5953125 0.771875 0.603125 0.771875 0.603125 0.7703125 0.6015625 0.7703125 0.6 0.76875 0.6 0.7671875 0.6015625 0.765625 0.603125 0.765625 0.603125 0.7640625 0.6046875 0.7625 0.60625 0.7625 0.60625 0.759375
1 0.5828125 0.69375 0.5828125 0.7 0.58125 0.7015625 0.5796875 0.7015625 0.5796875 0.7046875 0.58125 0.7046875 0.5828125 0.703125 0.5875 0.703125 0.5890625 0.7015625 0.590625 0.7015625 0.5921875 0.7 0.59375 0.7 0.5953125 0.7015625 0.5953125 0.703125 0.6 0.703125 0.6 0.7015625 0.6015625 0.7 0.603125 0.7 0.603125 0.696875 0.5921875 0.696875 0.590625 0.6984375 0.5890625 0.6984375 0.5875 0.7 0.5859375 0.7 0.584375 0.6984375 0.584375 0.69375
1 0.6015625 0.690625 0.6015625 0.6921875 0.60625 0.6921875 0.60625 0.690625
1 0.5890625 0.68125 0.5890625 0.6828125 0.5875 0.684375 0.5859375 0.684375 0.5859375 0.6890625 0.59375 0.6890625 0.59375 0.6875 0.5921875 0.6875 0.590625 0.6859375 0.590625 0.68125
1 0.7171875 0.6578125 0.7171875 0.659375 0.71875 0.659375 0.7203125 0.6609375 0.7203125 0.6625 0.7359375 0.6625 0.7359375 0.6609375 0.7375 0.659375 0.7421875 0.659375 0.7421875 0.6578125 0.734375 0.6578125 0.734375 0.659375 0.7328125 0.6609375 0.7203125 0.6609375 0.71875 0.659375 0.71875 0.6578125
1 0.7375 0.63125 0.7375 0.6328125 0.7390625 0.6328125 0.7390625 0.63125
1 0.7 0.628125 0.7 0.6328125 0.7328125 0.6328125 0.7328125 0.63125 0.73125 0.6296875 0.73125 0.628125
1 0.690625 0.628125 0.690625 0.6296875 0.6953125 0.6296875 0.6953125 0.628125
