1 0.4765625 0.7609375 0.4765625 0.7640625 0.478125 0.7640625 0.4796875 0.765625 0.4796875 0.76875 0.4890625 0.76875 0.4890625 0.7625 0.4796875 0.7625 0.478125 0.7609375
1 0.6515625 0.75625 0.6515625 0.7578125 0.65 0.759375 0.6484375 0.759375 0.6484375 0.76875 0.65 0.76875 0.6515625 0.7703125 0.6515625 0.771875 0.66875 0.771875 0.66875 0.7703125 0.6671875 0.7703125 0.665625 0.76875 0.665625 0.7625 0.6640625 0.7625 0.6625 0.7609375 0.6625 0.759375 0.6546875 0.759375 0.653125 0.7578125 0.653125 0.75625
1 0.625 0.75 0.625 0.7515625 0.6265625 0.7515625 0.628125 0.753125 0.628125 0.7546875 0.6390625 0.7546875 0.6390625 0.753125 0.634375 0.753125 0.6328125 0.7515625 0.6328125 0.75
1 0.4765625 0.7328125 0.4765625 0.7359375 0.478125 0.7359375 0.4796875 0.7375 0.4796875 0.7390625 0.48125 0.7390625 0.4828125 0.740625 0.4828125 0.7453125 0.48125 0.746875 0.4796875 0.746875 0.4796875 0.7484375 0.4921875 0.7484375 0.4921875 0.74375 0.490625 0.74375 0.4890625 0.7421875 0.4890625 0.740625 0.490625 0.7390625 0.4984375 0.7390625 0.4984375 0.7375 0.496875 0.7375 0.4953125 0.7359375 0.4953125 0.7328125
1 0.434375 0.7203125 0.434375 0.721875 0.4359375 0.721875 0.4375 0.7234375 0.4375 0.728125 0.4515625 0.728125 0.4515625 0.7265625 0.45 0.7265625 0.4484375 0.725 0.4484375 0.7203125
1 0.6671875 0.7171875 0.6671875 0.71875 0.6703125 0.71875 0.6703125 0.7171875
1 0.4375 0.7046875 0.4375 0.70625 0.4421875 0.70625 0.44375 0.7078125 0.44375 0.709375 0.4421875 0.7109375 0.4375 0.7109375 0.4375 0.7125 0.4421875 0.7125 0.44375 0.7140625 0.44375 0.715625 0.453125 0.715625 0.453125 0.7140625 0.4515625 0.7125 0.4515625 0.7046875
1 0.675 0.6578125 0.675 0.6625 0.6765625 0.6625 0.678125 0.6640625 0.6796875 0.6640625 0.68125 0.665625 0.68125 0.66875 0.6796875 0.6703125 0.678125 0.6703125 0.678125 0.671875 0.6796875 0.671875 0.68125 0.6703125 0.6890625 0.6703125 0.690625 0.66875 0.6984375 0.66875 0.6984375 0.6671875 0.69375 0.6671875 0.6921875 0.665625 0.6921875 0.6640625 0.690625 0.6640625 0.6890625 0.6625 0.6890625 0.6609375 0.6875 0.6609375 0.6859375 0.659375 0.6859375 0.6578125
1 0.6453125 0.634375 0.6453125 0.6359375 0.65 0.6359375 0.65 0.634375
1 0.5859375 0.5890625 0.5859375 0.590625 0.584375 0.5921875 0.5828125 0.5921875 0.5828125 0.59375 0.584375 0.59375 0.5859375 0.5953125 0.5859375 0.596875 0.584375 0.5984375 0.5796875 0.5984375 0.5796875 0.603125 0.59375 0.603125 0.59375 0.6015625 0.5953125 0.6 0.6 0.6 0.6 0.5984375 0.5953125 0.5984375 0.59375 0.596875 0.59375 0.5953125 0.5953125 0.59375 0.6 0.59375 0.6 0.5890625
