1 0.4109375 0.815625 0.4109375 0.8171875 0.4125 0.8171875 0.4140625 0.81875 0.4140625 0.8203125 0.4203125 0.8203125 0.4203125 0.81875 0.41875 0.8171875 0.41875 0.815625
1 0.3921875 0.815625 0.3921875 0.8171875 0.396875 0.8171875 0.396875 0.815625
1 0.5296875 0.7796875 0.5296875 0.78125 0.5375 0.78125 0.5375 0.7796875
1 0.4546875 0.7734375 0.4546875 0.775 0.45625 0.775 0.4578125 0.7765625 0.4578125 0.778125 0.465625 0.778125 0.4671875 0.7796875 0.4671875 0.78125 0.475 0.78125 0.4765625 0.7828125 0.4765625 0.7875 0.478125 0.7875 0.4796875 0.7890625 0.4796875 0.790625 0.521875 0.790625 0.521875 0.7890625 0.5203125 0.7890625 0.51875 0.7875 0.51875 0.7859375 0.484375 0.7859375 0.4828125 0.784375 0.4828125 0.7828125 0.484375 0.78125 0.4984375 0.78125 0.4984375 0.7796875 0.4703125 0.7796875 0.46875 0.778125 0.46875 0.7765625 0.4640625 0.7765625 0.4625 0.775 0.4625 0.7734375
1 0.5828125 0.7609375 0.5828125 0.7640625 0.584375 0.7640625 0.584375 0.7609375
1 0.3296875 0.7078125 0.3296875 0.709375 0.334375 0.709375 0.334375 0.7078125
1 0.30625 0.7078125 0.30625 0.709375 0.3203125 0.709375 0.3203125 0.7078125
1 0.7328125 0.66875 0.73125 0.6703125 0.7265625 0.6703125 0.7265625 0.671875 0.7484375 0.671875 0.7484375 0.6703125 0.7375 0.6703125 0.7359375 0.66875
1 0.7375 0.6640625 0.7375 0.665625 0.7578125 0.665625 0.7578125 0.6640625
1 0.7234375 0.6640625 0.7234375 0.665625 0.73125 0.665625 0.73125 0.6640625
1 0.7234375 0.6578125 0.7234375 0.659375 0.73125 0.659375 0.73125 0.6578125
1 0.7625 0.6453125 0.7625 0.646875 0.7609375 0.6484375 0.759375 0.6484375 0.759375 0.65 0.7578125 0.6515625 0.753125 0.6515625 0.753125 0.653125 0.7546875 0.653125 0.75625 0.6546875 0.75625 0.65625 0.7546875 0.6578125 0.753125 0.6578125 0.753125 0.659375 0.7609375 0.659375 0.7609375 0.6546875 0.7625 0.653125 0.7640625 0.653125 0.7640625 0.6515625 0.765625 0.65 0.76875 0.65 0.76875 0.6484375 0.7671875 0.6484375 0.7640625 0.6453125
1 0.69375 0.6390625 0.69375 0.6421875 0.715625 0.6421875 0.715625 0.640625 0.7078125 0.640625 0.70625 0.6390625
1 0.7671875 0.6375 0.765625 0.6390625 0.765625 0.640625 0.775 0.640625 0.775 0.6375
1 0.7671875 0.628125 0.7671875 0.6328125 0.78125 0.6328125 0.78125 0.63125 0.7796875 0.63125 0.778125 0.6296875 0.778125 0.628125
1 0.75625 0.628125 0.75625 0.6296875 0.7609375 0.6296875 0.7609375 0.628125
1 0.7234375 0.628125 0.7234375 0.6296875 0.721875 0.63125 0.7 0.63125 0.7 0.6328125 0.70625 0.6328125 0.7078125 0.634375 0.715625 0.634375 0.7171875 0.6359375 0.728125 0.6359375 0.728125 0.634375 0.7296875 0.6328125 0.7421875 0.6328125 0.7421875 0.63125 0.74375 0.6296875 0.7484375 0.6296875 0.7484375 0.628125
1 0.5453125 0.5234375 0.5453125 0.528125 0.5484375 0.528125 0.55 0.5296875 0.55 0.53125 0.5609375 0.53125 0.5609375 0.5265625 0.5625 0.525 0.5765625 0.525 0.5765625 0.5234375
