1 0.55 0.7703125 0.55 0.771875 0.5484375 0.7734375 0.546875 0.7734375 0.546875 0.778125 0.5640625 0.778125 0.5640625 0.7703125
1 0.6515625 0.759375 0.6515625 0.7625 0.665625 0.7625 0.665625 0.759375
1 0.5203125 0.75625 0.5203125 0.7578125 0.521875 0.7578125 0.5234375 0.759375 0.5234375 0.7609375 0.521875 0.7625 0.5203125 0.7625 0.5203125 0.765625 0.51875 0.7671875 0.5171875 0.7671875 0.5171875 0.76875 0.534375 0.76875 0.534375 0.7671875 0.5359375 0.765625 0.5375 0.765625 0.5375 0.75625
1 0.384375 0.74375 0.384375 0.7453125 0.390625 0.7453125 0.390625 0.74375
1 0.378125 0.7171875 0.378125 0.71875 0.3765625 0.7203125 0.371875 0.7203125 0.371875 0.721875 0.3828125 0.721875 0.3828125 0.7203125 0.384375 0.71875 0.390625 0.71875 0.390625 0.7171875
1 0.6609375 0.7109375 0.6609375 0.71875 0.6625 0.71875 0.6640625 0.7203125 0.6640625 0.721875 0.665625 0.721875 0.6671875 0.7234375 0.6671875 0.725 0.6796875 0.725 0.6796875 0.7203125 0.678125 0.7203125 0.6765625 0.71875 0.6765625 0.7171875 0.675 0.7171875 0.6734375 0.715625 0.6734375 0.7109375
1 0.56875 0.634375 0.56875 0.640625 0.5734375 0.640625 0.575 0.6421875 0.575 0.64375 0.58125 0.64375 0.58125 0.634375
1 0.6421875 0.63125 0.6421875 0.6359375 0.64375 0.6359375 0.6453125 0.6375 0.6453125 0.6390625 0.653125 0.6390625 0.653125 0.634375 0.6546875 0.6328125 0.65625 0.6328125 0.65625 0.63125
1 0.6484375 0.621875 0.6484375 0.6234375 0.65625 0.6234375 0.65625 0.621875
1 0.4640625 0.5796875 0.4640625 0.58125 0.465625 0.58125 0.4671875 0.5828125 0.4671875 0.584375 0.478125 0.584375 0.478125 0.5828125 0.4765625 0.5828125 0.475 0.58125 0.4671875 0.58125 0.465625 0.5796875
1 0.4671875 0.5734375 0.4671875 0.5765625 0.475 0.5765625 0.475 0.5734375
