1 0.675 0.878125 0.675 0.8859375 0.6796875 0.8859375 0.6796875 0.884375 0.68125 0.8828125 0.6828125 0.8828125 0.6828125 0.88125 0.678125 0.88125 0.6765625 0.8796875 0.6765625 0.878125
1 0.43125 0.8328125 0.43125 0.834375 0.4359375 0.834375 0.4359375 0.8328125
1 0.63125 0.8265625 0.63125 0.8296875 0.65 0.8296875 0.65 0.8265625
1 0.578125 0.7734375 0.578125 0.775 0.5765625 0.7765625 0.571875 0.7765625 0.571875 0.78125 0.5734375 0.78125 0.575 0.7828125 0.575 0.784375 0.58125 0.784375 0.58125 0.7828125 0.5796875 0.7828125 0.578125 0.78125 0.578125 0.7796875 0.5796875 0.778125 0.58125 0.778125 0.58125 0.7734375
1 0.6421875 0.7609375 0.6421875 0.7640625 0.64375 0.7640625 0.64375 0.7609375
1 0.3984375 0.7203125 0.3984375 0.728125 0.403125 0.728125 0.403125 0.7265625 0.4046875 0.725 0.40625 0.725 0.40625 0.7203125
1 0.38125 0.7203125 0.38125 0.725 0.3859375 0.725 0.3859375 0.7203125
1 0.66875 0.6875 0.66875 0.6890625 0.6671875 0.690625 0.6671875 0.6921875 0.665625 0.69375 0.6640625 0.69375 0.6640625 0.6953125 0.6625 0.696875 0.6609375 0.696875 0.6609375 0.6984375 0.6625 0.6984375 0.6640625 0.7 0.6640625 0.7015625 0.6625 0.703125 0.6578125 0.703125 0.65625 0.7046875 0.6546875 0.7046875 0.6546875 0.70625 0.653125 0.7078125 0.6484375 0.7078125 0.6484375 0.7125 0.646875 0.7140625 0.628125 0.7140625 0.628125 0.715625 0.6265625 0.7171875 0.621875 0.7171875 0.621875 0.71875 0.6234375 0.71875 0.625 0.7203125 0.625 0.728125 0.6359375 0.728125 0.6375 0.7296875 0.6375 0.73125 0.6359375 0.7328125 0.628125 0.7328125 0.6265625 0.734375 0.625 0.734375 0.625 0.7359375 0.6234375 0.7375 0.621875 0.7375 0.621875 0.7390625 0.6234375 0.7390625 0.625 0.740625 0.625 0.7421875 0.6265625 0.7421875 0.628125 0.74375 0.628125 0.7453125 0.6265625 0.746875 0.625 0.746875 0.625 0.7484375 0.6296875 0.7484375 0.63125 0.75 0.63125 0.7515625 0.6328125 0.7515625 0.634375 0.753125 0.634375 0.7546875 0.65 0.7546875 0.65 0.75 0.6515625 0.7484375 0.65625 0.7484375 0.65625 0.746875 0.6578125 0.7453125 0.6625 0.7453125 0.6625 0.734375 0.6640625 0.7328125 0.66875 0.7328125 0.66875 0.7265625 0.6671875 0.7265625 0.665625 0.725 0.665625 0.7234375 0.6640625 0.7234375 0.6625 0.721875 0.6625 0.7171875 0.6640625 0.715625 0.671875 0.715625 0.671875 0.7140625 0.6734375 0.7125 0.6765625 0.7125 0.678125 0.7140625 0.678125 0.715625 0.6828125 0.715625 0.684375 0.7171875 0.684375 0.71875 0.6859375 0.71875 0.6859375 0.7171875 0.6875 0.715625 0.6890625 0.715625 0.690625 0.7171875 0.690625 0.721875 0.6921875 0.721875 0.6921875 0.7203125 0.69375 0.71875 0.6984375 0.71875 0.6984375 0.7171875 0.7 0.715625 0.7015625 0.715625 0.7015625 0.7109375 0.7 0.7109375 0.6984375 0.709375 0.6984375 0.7078125 0.6875 0.7078125 0.6875 0.709375 0.6859375 0.7109375 0.678125 0.7109375 0.6765625 0.709375 0.6765625 0.7078125 0.671875 0.7078125 0.6703125 0.70625 0.6703125 0.69375 0.66875 0.6921875 0.66875 0.690625 0.6703125 0.6890625 0.671875 0.6890625 0.671875 0.6875
1 0.375 0.6875 0.375 0.6953125 0.3734375 0.696875 0.371875 0.696875 0.3703125 0.6953125 0.3703125 0.69375 0.365625 0.69375 0.3640625 0.6921875 0.3640625 0.690625 0.3625 0.690625 0.3625 0.6953125 0.3609375 0.696875 0.3578125 0.696875 0.3578125 0.6984375 0.3609375 0.6984375 0.3625 0.7 0.3625 0.703125 0.3640625 0.703125 0.365625 0.7046875 0.365625 0.709375 0.3640625 0.7109375 0.3625 0.7109375 0.3625 0.7125 0.3796875 0.7125 0.3796875 0.7109375 0.38125 0.709375 0.3828125 0.709375 0.3828125 0.7078125 0.384375 0.70625 0.3859375 0.70625 0.3859375 0.7046875 0.3875 0.703125 0.3890625 0.703125 0.3890625 0.690625 0.3875 0.690625 0.3859375 0.6890625 0.3859375 0.6875
1 0.3921875 0.6640625 0.3921875 0.665625 0.39375 0.665625 0.39375 0.6640625
1 0.7328125 0.6609375 0.7328125 0.665625 0.73125 0.6671875 0.7296875 0.6671875 0.7296875 0.66875 0.7421875 0.66875 0.7421875 0.6671875 0.74375 0.665625 0.7453125 0.665625 0.7453125 0.6609375
1 0.7046875 0.63125 0.7046875 0.6328125 0.71875 0.6328125 0.71875 0.63125
1 0.41875 0.546875 0.41875 0.55 0.421875 0.55 0.421875 0.546875
1 0.4109375 0.546875 0.4109375 0.55 0.4125 0.55 0.4125 0.546875
1 0.3953125 0.546875 0.3953125 0.55 0.40625 0.55 0.40625 0.546875
1 0.3859375 0.546875 0.3859375 0.55 0.3890625 0.55 0.3890625 0.546875
