1 0.365625 0.7921875 0.365625 0.79375 0.3828125 0.79375 0.3828125 0.7921875
1 0.4140625 0.765625 0.4140625 0.76875 0.415625 0.76875 0.4171875 0.7703125 0.4171875 0.771875 0.4265625 0.771875 0.4265625 0.7703125 0.428125 0.76875 0.4359375 0.76875 0.4375 0.7703125 0.4375 0.771875 0.4453125 0.771875 0.446875 0.7734375 0.446875 0.778125 0.45625 0.778125 0.4578125 0.7796875 0.4578125 0.78125 0.465625 0.78125 0.465625 0.7796875 0.4671875 0.778125 0.478125 0.778125 0.478125 0.7765625 0.4703125 0.7765625 0.46875 0.775 0.46875 0.7734375 0.4578125 0.7734375 0.45625 0.771875 0.45625 0.7703125 0.4375 0.7703125 0.4359375 0.76875 0.4359375 0.7671875 0.428125 0.7671875 0.4265625 0.765625
1 0.2890625 0.7265625 0.2890625 0.728125 0.29375 0.728125 0.29375 0.7265625
1 0.640625 0.7234375 0.640625 0.725 0.6421875 0.7265625 0.6421875 0.73125 0.65 0.73125 0.65 0.7234375
1 0.6875 0.7140625 0.6875 0.715625 0.6953125 0.715625 0.6953125 0.7140625
1 0.5984375 0.7140625 0.5984375 0.721875 0.6 0.721875 0.6015625 0.7234375 0.6015625 0.725 0.603125 0.725 0.6046875 0.7265625 0.6046875 0.728125 0.603125 0.7296875 0.6015625 0.7296875 0.6015625 0.7359375 0.60625 0.7359375 0.60625 0.734375 0.6078125 0.7328125 0.6109375 0.7328125 0.6125 0.73125 0.6140625 0.73125 0.6140625 0.7203125 0.6125 0.7203125 0.6109375 0.71875 0.6109375 0.7171875 0.6078125 0.7171875 0.60625 0.715625 0.60625 0.7140625
1 0.4796875 0.6515625 0.4796875 0.65625 0.478125 0.6578125 0.4765625 0.6578125 0.4765625 0.6625 0.478125 0.6625 0.4796875 0.6640625 0.4796875 0.66875 0.4859375 0.66875 0.4859375 0.6671875 0.484375 0.6671875 0.4828125 0.665625 0.4828125 0.6640625 0.484375 0.6625 0.4921875 0.6625 0.4921875 0.6609375 0.49375 0.659375 0.4953125 0.659375 0.4953125 0.6578125 0.49375 0.6578125 0.4921875 0.65625 0.4921875 0.6546875 0.49375 0.653125 0.4953125 0.653125 0.4953125 0.6515625
1 0.365625 0.6484375 0.365625 0.65 0.3796875 0.65 0.3796875 0.6484375
1 0.56875 0.6046875 0.56875 0.6078125 0.5765625 0.6078125 0.578125 0.609375 0.58125 0.609375 0.58125 0.60625 0.578125 0.60625 0.5765625 0.6046875
1 0.5953125 0.5265625 0.5953125 0.53125 0.59375 0.5328125 0.5890625 0.5328125 0.5890625 0.534375 0.6078125 0.534375 0.6078125 0.5328125 0.60625 0.53125 0.60625 0.5265625
1 0.6046875 0.484375 0.6046875 0.4890625 0.603125 0.490625 0.6015625 0.490625 0.6015625 0.4921875 0.603125 0.4921875 0.6046875 0.49375 0.6046875 0.4953125 0.603125 0.496875 0.6015625 0.496875 0.6015625 0.4984375 0.6 0.5 0.5984375 0.5 0.5984375 0.5015625 0.6 0.5015625 0.6015625 0.503125 0.6015625 0.5046875 0.603125 0.5046875 0.6046875 0.50625 0.6046875 0.5078125 0.603125 0.509375 0.6015625 0.509375 0.6015625 0.515625 0.60625 0.515625 0.6078125 0.5140625 0.6109375 0.5140625 0.6109375 0.509375 0.6125 0.5078125 0.6140625 0.5078125 0.6140625 0.50625 0.615625 0.5046875 0.6171875 0.5046875 0.6171875 0.503125 0.6078125 0.503125 0.60625 0.5015625 0.60625 0.5 0.6078125 0.4984375 0.6140625 0.4984375 0.6140625 0.496875 0.6078125 0.496875 0.60625 0.4953125 0.60625 0.49375 0.6078125 0.4921875 0.6109375 0.4921875 0.6109375 0.490625 0.6125 0.4890625 0.6234375 0.4890625 0.6234375 0.4875 0.61875 0.4875 0.6171875 0.4859375 0.6125 0.4859375 0.6109375 0.484375
