1 0.553125 0.7703125 0.553125 0.771875 0.5640625 0.771875 0.5640625 0.7703125
1 0.5234375 0.7640625 0.5234375 0.7671875 0.53125 0.7671875 0.53125 0.7640625
1 0.4875 0.7640625 0.4859375 0.765625 0.4828125 0.765625 0.48125 0.7671875 0.4796875 0.7671875 0.4796875 0.76875 0.48125 0.7703125 0.48125 0.771875 0.484375 0.771875 0.484375 0.7703125 0.4875 0.7671875 0.4890625 0.7671875 0.4890625 0.7640625
1 0.6515625 0.759375 0.6515625 0.7640625 0.65 0.765625 0.6484375 0.765625 0.6484375 0.771875 0.659375 0.771875 0.659375 0.7703125 0.6609375 0.76875 0.665625 0.76875 0.665625 0.765625 0.6640625 0.765625 0.6625 0.7640625 0.6625 0.759375
1 0.625 0.75 0.625 0.7515625 0.6390625 0.7515625 0.6390625 0.75
1 0.490625 0.7375 0.490625 0.7390625 0.4921875 0.7390625 0.4921875 0.7375
1 0.4828125 0.7375 0.4828125 0.7390625 0.484375 0.740625 0.484375 0.7421875 0.4859375 0.74375 0.4859375 0.7453125 0.4890625 0.7453125 0.4890625 0.74375 0.4875 0.7421875 0.4875 0.740625 0.4859375 0.7390625 0.4859375 0.7375
1 0.434375 0.7078125 0.434375 0.709375 0.4390625 0.709375 0.440625 0.7109375 0.440625 0.71875 0.4390625 0.7203125 0.4375 0.7203125 0.4375 0.725 0.4359375 0.7265625 0.434375 0.7265625 0.434375 0.728125 0.4390625 0.728125 0.440625 0.7296875 0.440625 0.73125 0.4421875 0.73125 0.44375 0.7328125 0.4484375 0.7328125 0.45 0.73125 0.4515625 0.73125 0.4515625 0.7265625 0.45 0.7265625 0.4484375 0.725 0.4484375 0.7140625 0.446875 0.7140625 0.4453125 0.7125 0.4453125 0.7109375 0.446875 0.709375 0.4484375 0.709375 0.4484375 0.7078125
1 0.3546875 0.7015625 0.3546875 0.7046875 0.3578125 0.7046875 0.3578125 0.7015625
1 0.678125 0.6609375 0.678125 0.665625 0.6796875 0.665625 0.68125 0.6671875 0.68125 0.6703125 0.6859375 0.6703125 0.6875 0.66875 0.6921875 0.66875 0.6921875 0.6671875 0.690625 0.6671875 0.6890625 0.665625 0.6890625 0.6609375
1 0.6453125 0.628125 0.6453125 0.6359375 0.646875 0.6359375 0.646875 0.634375 0.6484375 0.6328125 0.65 0.6328125 0.65 0.63125 0.6484375 0.63125 0.646875 0.6296875 0.646875 0.628125
1 0.5828125 0.5953125 0.5828125 0.596875 0.596875 0.596875 0.596875 0.5953125
1 0.5359375 0.5890625 0.5359375 0.590625 0.5375 0.590625 0.5390625 0.5921875 0.5390625 0.59375 0.5484375 0.59375 0.5484375 0.5921875 0.546875 0.5921875 0.5453125 0.590625 0.5453125 0.5890625
1 0.4640625 0.5890625 0.4640625 0.590625 0.475 0.590625 0.475 0.5890625
