1 0.4796875 0.7671875 0.4796875 0.76875 0.4828125 0.76875 0.4828125 0.7671875
1 0.6484375 0.765625 0.6484375 0.76875 0.653125 0.76875 0.6546875 0.7703125 0.6546875 0.771875 0.6625 0.771875 0.6625 0.765625
1 0.625 0.75 0.625 0.7515625 0.6265625 0.7515625 0.628125 0.753125 0.628125 0.7546875 0.6265625 0.75625 0.621875 0.75625 0.621875 0.7578125 0.6390625 0.7578125 0.6390625 0.75
1 0.5828125 0.75 0.5828125 0.7546875 0.590625 0.7546875 0.590625 0.753125 0.5921875 0.7515625 0.59375 0.7515625 0.59375 0.75
1 0.4765625 0.7328125 0.475 0.734375 0.4734375 0.734375 0.4734375 0.7375 0.475 0.7375 0.4765625 0.7359375 0.478125 0.7359375 0.4796875 0.7375 0.4796875 0.7421875 0.48125 0.7421875 0.4828125 0.74375 0.4828125 0.7453125 0.48125 0.746875 0.4796875 0.746875 0.4796875 0.7484375 0.4921875 0.7484375 0.4921875 0.740625 0.49375 0.7390625 0.4984375 0.7390625 0.4984375 0.7375 0.496875 0.7375 0.4953125 0.7359375 0.4953125 0.7328125
1 0.4375 0.7265625 0.4375 0.728125 0.4390625 0.728125 0.4390625 0.7265625
1 0.44375 0.7234375 0.44375 0.725 0.4453125 0.725 0.446875 0.7265625 0.446875 0.728125 0.45 0.728125 0.45 0.7265625 0.446875 0.7265625 0.4453125 0.725 0.4453125 0.7234375
1 0.440625 0.7140625 0.440625 0.715625 0.453125 0.715625 0.453125 0.7140625
1 0.4375 0.7046875 0.4375 0.70625 0.4390625 0.70625 0.440625 0.7078125 0.4421875 0.7078125 0.44375 0.709375 0.4484375 0.709375 0.4484375 0.7046875
1 0.675 0.6578125 0.675 0.6625 0.6734375 0.6640625 0.671875 0.6640625 0.671875 0.665625 0.6734375 0.665625 0.675 0.6640625 0.6765625 0.6640625 0.678125 0.665625 0.678125 0.66875 0.6765625 0.6703125 0.675 0.6703125 0.675 0.671875 0.6765625 0.671875 0.678125 0.6703125 0.6890625 0.6703125 0.690625 0.66875 0.6984375 0.66875 0.6984375 0.6671875 0.696875 0.6671875 0.6953125 0.665625 0.6953125 0.6640625 0.690625 0.6640625 0.6890625 0.6625 0.6890625 0.6609375 0.6875 0.6609375 0.6859375 0.659375 0.6859375 0.6578125
1 0.5828125 0.5890625 0.5828125 0.603125 0.60625 0.603125 0.60625 0.6015625 0.6015625 0.6015625 0.6 0.6 0.6 0.5984375 0.6015625 0.596875 0.60625 0.596875 0.60625 0.5953125 0.6046875 0.5953125 0.603125 0.59375 0.603125 0.5921875 0.6015625 0.5921875 0.6 0.590625 0.6 0.5890625
