1 0.5922619047619048 0.8303571428571429 0.5922619047619048 0.8392857142857143 0.6041666666666666 0.8392857142857143 0.6041666666666666 0.8303571428571429
1 0.5803571428571429 0.7529761904761905 0.5773809523809523 0.7559523809523809 0.5773809523809523 0.7589285714285714 0.5892857142857143 0.7589285714285714 0.5892857142857143 0.7529761904761905
1 0.4523809523809524 0.7470238095238095 0.4523809523809524 0.7529761904761905 0.4494047619047619 0.7559523809523809 0.4494047619047619 0.7619047619047619 0.4642857142857143 0.7619047619047619 0.4642857142857143 0.7470238095238095
1 0.6785714285714286 0.7261904761904762 0.6875 0.7261904761904762
1 0.3869047619047619 0.7261904761904762 0.3898809523809524 0.7291666666666666 0.4017857142857143 0.7291666666666666 0.39880952380952384 0.7261904761904762
1 0.6547619047619048 0.7232142857142857 0.6517857142857143 0.7261904761904762
1 0.6458333333333334 0.7232142857142857
1 0.6369047619047619 0.7232142857142857 0.6369047619047619 0.7261904761904762 0.6398809523809523 0.7261904761904762
1 0.6428571428571429 0.7083333333333334 0.6428571428571429 0.7172619047619048
1 0.6309523809523809 0.7083333333333334 0.6309523809523809 0.7113095238095238 0.6339285714285714 0.7113095238095238 0.6339285714285714 0.7083333333333334
1 0.6785714285714286 0.6577380952380952 0.6785714285714286 0.6636904761904762 0.6815476190476191 0.6636904761904762 0.6845238095238095 0.6666666666666666 0.6875 0.6666666666666666 0.6904761904761905 0.6636904761904762 0.6904761904761905 0.6577380952380952
1 0.6011904761904762 0.6577380952380952 0.6011904761904762 0.6607142857142857 0.6041666666666666 0.6607142857142857 0.6071428571428571 0.6636904761904762 0.6071428571428571 0.6666666666666666 0.6101190476190477 0.6666666666666666 0.6130952380952381 0.6696428571428571 0.6101190476190477 0.6726190476190477 0.6071428571428571 0.6726190476190477 0.6071428571428571 0.6755952380952381 0.6160714285714286 0.6755952380952381 0.6190476190476191 0.6785714285714286 0.6190476190476191 0.6875 0.6220238095238095 0.6875 0.625 0.6904761904761905 0.6279761904761905 0.6875 0.6309523809523809 0.6875 0.6339285714285714 0.6904761904761905 0.6369047619047619 0.6904761904761905 0.6398809523809523 0.6934523809523809 0.6398809523809523 0.6964285714285714 0.6517857142857143 0.6964285714285714 0.6547619047619048 0.6994047619047619 0.6547619047619048 0.7023809523809523 0.6517857142857143 0.7053571428571429 0.6547619047619048 0.7023809523809523 0.6755952380952381 0.7023809523809523 0.6785714285714286 0.7053571428571429 0.6785714285714286 0.7083333333333334 0.6904761904761905 0.7083333333333334 0.6904761904761905 0.7053571428571429 0.6875 0.7053571428571429 0.6845238095238095 0.7023809523809523 0.6845238095238095 0.6994047619047619 0.6815476190476191 0.6964285714285714 0.6815476190476191 0.6934523809523809 0.6875 0.6875 0.6875 0.6845238095238095 0.6845238095238095 0.6815476190476191 0.6845238095238095 0.6785714285714286 0.6815476190476191 0.6755952380952381 0.6815476190476191 0.6726190476190477 0.6755952380952381 0.6726190476190477 0.6726190476190477 0.6696428571428571 0.6696428571428571 0.6726190476190477 0.6666666666666666 0.6726190476190477 0.6666666666666666 0.6755952380952381 0.6636904761904762 0.6785714285714286 0.6607142857142857 0.6755952380952381 0.6577380952380952 0.6785714285714286 0.6309523809523809 0.6785714285714286 0.6279761904761905 0.6755952380952381 0.6279761904761905 0.6726190476190477 0.625 0.6726190476190477 0.6220238095238095 0.6696428571428571 0.6220238095238095 0.6636904761904762 0.6160714285714286 0.6636904761904762 0.6130952380952381 0.6607142857142857 0.6130952380952381 0.6577380952380952 0.6130952380952381 0.6607142857142857 0.6101190476190477 0.6636904761904762 0.6071428571428571 0.6636904761904762 0.6041666666666666 0.6607142857142857 0.6041666666666666 0.6577380952380952
1 0.44047619047619047 0.5476190476190477 0.43452380952380953 0.5535714285714286 0.42857142857142855 0.5535714285714286 0.43154761904761907 0.5565476190476191 0.43154761904761907 0.5595238095238095 0.4375 0.5595238095238095 0.44047619047619047 0.5565476190476191 0.4523809523809524 0.5565476190476191 0.45535714285714285 0.5595238095238095 0.4523809523809524 0.5625 0.4732142857142857 0.5625 0.47023809523809523 0.5625 0.4583333333333333 0.5505952380952381 0.45535714285714285 0.5505952380952381 0.4523809523809524 0.5476190476190477
