1 0.5625 0.7827380952380952 0.5595238095238095 0.7857142857142857 0.5625 0.7886904761904762 0.5684523809523809 0.7886904761904762 0.5714285714285714 0.7857142857142857 0.5714285714285714 0.7827380952380952
1 0.6845238095238095 0.7083333333333334 0.6934523809523809 0.7083333333333334
1 0.6875 0.7023809523809523 0.6904761904761905 0.7023809523809523
1 0.625 0.6875
1 0.6130952380952381 0.6547619047619048 0.6101190476190477 0.6577380952380952 0.6130952380952381 0.6577380952380952 0.6160714285714286 0.6607142857142857 0.6369047619047619 0.6607142857142857 0.6398809523809523 0.6636904761904762 0.6339285714285714 0.6696428571428571 0.6369047619047619 0.6726190476190477 0.6369047619047619 0.6785714285714286 0.6398809523809523 0.6815476190476191 0.6398809523809523 0.6875 0.6428571428571429 0.6875 0.6458333333333334 0.6904761904761905 0.6428571428571429 0.6934523809523809 0.6458333333333334 0.6964285714285714 0.6488095238095238 0.6964285714285714 0.6517857142857143 0.6934523809523809 0.6577380952380952 0.6934523809523809 0.6517857142857143 0.6934523809523809 0.6488095238095238 0.6904761904761905 0.6517857142857143 0.6875 0.6517857142857143 0.6845238095238095 0.6488095238095238 0.6815476190476191 0.6517857142857143 0.6785714285714286 0.6517857142857143 0.6726190476190477 0.6547619047619048 0.6696428571428571 0.6726190476190477 0.6696428571428571 0.6577380952380952 0.6696428571428571 0.6547619047619048 0.6666666666666666 0.6547619047619048 0.6636904761904762 0.6517857142857143 0.6607142857142857 0.6517857142857143 0.6577380952380952 0.6488095238095238 0.6577380952380952 0.6458333333333334 0.6547619047619048
1 0.6071428571428571 0.6458333333333334 0.6101190476190477 0.6488095238095238 0.6517857142857143 0.6488095238095238 0.6517857142857143 0.6458333333333334 0.6279761904761905 0.6458333333333334 0.625 0.6488095238095238 0.6190476190476191 0.6488095238095238 0.6160714285714286 0.6458333333333334
1 0.6011904761904762 0.6220238095238095 0.6071428571428571 0.6220238095238095 0.6101190476190477 0.625 0.6130952380952381 0.625 0.6190476190476191 0.6309523809523809 0.625 0.6309523809523809 0.6279761904761905 0.6339285714285714 0.6279761904761905 0.6369047619047619 0.6309523809523809 0.6398809523809523 0.6398809523809523 0.6398809523809523 0.6398809523809523 0.6369047619047619 0.6369047619047619 0.6339285714285714 0.6398809523809523 0.6309523809523809 0.6428571428571429 0.6309523809523809 0.6279761904761905 0.6309523809523809 0.625 0.6279761904761905 0.6220238095238095 0.6279761904761905 0.6190476190476191 0.625 0.6160714285714286 0.625 0.6130952380952381 0.6220238095238095
1 0.6428571428571429 0.6130952380952381 0.6458333333333334 0.6130952380952381
1 0.6011904761904762 0.6130952380952381 0.6041666666666666 0.6130952380952381
1 0.5178571428571429 0.6041666666666666 0.5208333333333334 0.6071428571428571 0.5267857142857143 0.6071428571428571 0.5238095238095238 0.6041666666666666
1 0.4583333333333333 0.5565476190476191 0.46130952380952384 0.5595238095238095 0.46130952380952384 0.5684523809523809 0.47619047619047616 0.5684523809523809 0.47619047619047616 0.5654761904761905 0.4791666666666667 0.5625 0.4732142857142857 0.5625 0.47023809523809523 0.5595238095238095 0.46726190476190477 0.5595238095238095 0.4642857142857143 0.5565476190476191
