1 0.4140625 0.815625 0.4140625 0.8171875 0.415625 0.8171875 0.4171875 0.81875 0.4171875 0.8203125 0.4265625 0.8203125 0.4265625 0.81875 0.425 0.81875 0.4234375 0.8171875 0.4234375 0.815625
1 0.4828125 0.7859375 0.4828125 0.7875 0.4859375 0.7875 0.4859375 0.7859375
1 0.5265625 0.7734375 0.5265625 0.775 0.525 0.7765625 0.5203125 0.7765625 0.5203125 0.778125 0.540625 0.778125 0.540625 0.7765625 0.5390625 0.7765625 0.5375 0.775 0.5375 0.7734375
1 0.453125 0.7703125 0.453125 0.771875 0.4546875 0.7734375 0.4546875 0.775 0.4625 0.775 0.4640625 0.7765625 0.4640625 0.778125 0.471875 0.778125 0.4734375 0.7796875 0.4734375 0.78125 0.4859375 0.78125 0.4859375 0.7796875 0.4875 0.778125 0.4921875 0.778125 0.4921875 0.7734375 0.4828125 0.7734375 0.4828125 0.775 0.48125 0.7765625 0.4796875 0.7765625 0.478125 0.775 0.478125 0.7734375 0.4703125 0.7734375 0.46875 0.771875 0.46875 0.7703125
1 0.4203125 0.7703125 0.4203125 0.771875 0.4265625 0.771875 0.428125 0.7734375 0.428125 0.775 0.4328125 0.775 0.434375 0.7765625 0.434375 0.78125 0.4484375 0.78125 0.4484375 0.7765625 0.44375 0.7765625 0.4421875 0.775 0.4421875 0.7703125
1 0.740625 0.6640625 0.740625 0.66875 0.7546875 0.66875 0.7546875 0.6640625
1 0.75625 0.6546875 0.75625 0.65625 0.7640625 0.65625 0.7640625 0.6546875
1 0.5265625 0.6546875 0.5265625 0.65625 0.53125 0.65625 0.5328125 0.6578125 0.5328125 0.659375 0.534375 0.659375 0.5359375 0.6609375 0.5359375 0.6625 0.534375 0.6640625 0.5265625 0.6640625 0.5265625 0.665625 0.534375 0.665625 0.5359375 0.6671875 0.5359375 0.6703125 0.54375 0.6703125 0.54375 0.6671875 0.5453125 0.665625 0.5453125 0.6640625 0.5421875 0.6640625 0.540625 0.6625 0.540625 0.6546875
1 0.7625 0.6453125 0.7625 0.646875 0.7609375 0.6484375 0.759375 0.6484375 0.759375 0.65 0.76875 0.65 0.76875 0.6484375 0.7703125 0.646875 0.771875 0.646875 0.771875 0.6453125
1 0.696875 0.6390625 0.696875 0.6421875 0.715625 0.6421875 0.715625 0.6390625
