1 0.440625 0.796875 0.440625 0.7984375 0.4390625 0.8 0.43125 0.8 0.43125 0.8015625 0.4359375 0.8015625 0.4375 0.803125 0.4375 0.8046875 0.4421875 0.8046875 0.4421875 0.803125 0.440625 0.803125 0.4390625 0.8015625 0.4390625 0.8 0.440625 0.7984375 0.4421875 0.7984375 0.44375 0.8 0.4484375 0.8 0.4484375 0.796875
1 0.44375 0.7703125 0.44375 0.771875 0.453125 0.771875 0.453125 0.7703125
1 0.3953125 0.765625 0.3953125 0.76875 0.39375 0.7703125 0.3921875 0.7703125 0.3921875 0.771875 0.39375 0.771875 0.3953125 0.7734375 0.3953125 0.775 0.39375 0.7765625 0.3921875 0.7765625 0.3921875 0.778125 0.39375 0.778125 0.3953125 0.7796875 0.3953125 0.78125 0.39375 0.7828125 0.3921875 0.7828125 0.3921875 0.784375 0.396875 0.784375 0.3984375 0.7859375 0.3984375 0.790625 0.4125 0.790625 0.4125 0.7890625 0.4109375 0.7890625 0.409375 0.7875 0.409375 0.7859375 0.4109375 0.784375 0.4125 0.784375 0.4125 0.7828125 0.4140625 0.78125 0.415625 0.78125 0.415625 0.7796875 0.4078125 0.7796875 0.40625 0.778125 0.40625 0.7765625 0.4078125 0.775 0.409375 0.775 0.409375 0.7671875 0.4046875 0.7671875 0.403125 0.765625
1 0.5453125 0.7640625 0.54375 0.765625 0.5390625 0.765625 0.5390625 0.76875 0.5375 0.7703125 0.5328125 0.7703125 0.5328125 0.775 0.53125 0.7765625 0.5296875 0.7765625 0.5296875 0.778125 0.53125 0.778125 0.5328125 0.7796875 0.5328125 0.784375 0.534375 0.784375 0.5359375 0.7859375 0.5359375 0.790625 0.5546875 0.790625 0.5546875 0.7890625 0.553125 0.7890625 0.5515625 0.7875 0.5515625 0.7859375 0.553125 0.784375 0.5546875 0.784375 0.5546875 0.7828125 0.55625 0.78125 0.5578125 0.78125 0.5578125 0.7796875 0.553125 0.7796875 0.5515625 0.778125 0.5515625 0.7765625 0.553125 0.775 0.5671875 0.775 0.5671875 0.7734375 0.56875 0.771875 0.5734375 0.771875 0.5734375 0.7703125 0.546875 0.7703125 0.5453125 0.771875 0.54375 0.7703125 0.54375 0.7671875 0.5453125 0.765625
1 0.6875 0.74375 0.6875 0.7453125 0.703125 0.7453125 0.703125 0.74375
1 0.6875 0.734375 0.6875 0.7375 0.6953125 0.7375 0.6953125 0.734375
1 0.69375 0.7 0.69375 0.703125 0.6953125 0.703125 0.6953125 0.7
1 0.5953125 0.69375 0.5953125 0.6953125 0.59375 0.696875 0.5921875 0.696875 0.5921875 0.7 0.596875 0.7 0.596875 0.696875 0.5984375 0.6953125 0.603125 0.6953125 0.6046875 0.696875 0.6046875 0.703125 0.603125 0.7046875 0.5921875 0.7046875 0.5921875 0.7078125 0.596875 0.7078125 0.5984375 0.70625 0.6078125 0.70625 0.609375 0.7078125 0.6109375 0.7078125 0.6109375 0.7046875 0.609375 0.7046875 0.6078125 0.703125 0.6078125 0.7015625 0.609375 0.7 0.6109375 0.7 0.6109375 0.69375
1 0.6015625 0.6734375 0.6015625 0.6765625 0.60625 0.6765625 0.60625 0.6734375
1 0.36875 0.6546875 0.36875 0.65625 0.3703125 0.65625 0.371875 0.6578125 0.371875 0.659375 0.3703125 0.6609375 0.365625 0.6609375 0.365625 0.6625 0.3703125 0.6625 0.371875 0.6640625 0.371875 0.66875 0.3828125 0.66875 0.3828125 0.6671875 0.384375 0.665625 0.3859375 0.665625 0.3859375 0.6609375 0.384375 0.6609375 0.3828125 0.659375 0.3828125 0.6578125 0.384375 0.65625 0.3859375 0.65625 0.3859375 0.6546875
1 0.6875 0.6375 0.6875 0.640625 0.6953125 0.640625 0.696875 0.6421875 0.696875 0.646875 0.703125 0.646875 0.7046875 0.6484375 0.7046875 0.653125 0.70625 0.653125 0.7078125 0.6546875 0.7078125 0.65625 0.70625 0.6578125 0.696875 0.6578125 0.696875 0.6625 0.6953125 0.6640625 0.69375 0.6640625 0.69375 0.665625 0.6921875 0.6671875 0.684375 0.6671875 0.684375 0.6703125 0.6828125 0.671875 0.68125 0.671875 0.68125 0.6734375 0.6796875 0.675 0.6703125 0.675 0.6703125 0.6828125 0.66875 0.684375 0.6671875 0.684375 0.6671875 0.6859375 0.665625 0.6875 0.6640625 0.6875 0.6640625 0.6953125 0.6625 0.696875 0.6609375 0.696875 0.6609375 0.703125 0.659375 0.7046875 0.6546875 0.7046875 0.6546875 0.70625 0.653125 0.7078125 0.6515625 0.7078125 0.6515625 0.7125 0.65 0.7140625 0.634375 0.7140625 0.634375 0.71875 0.6328125 0.7203125 0.625 0.7203125 0.6234375 0.71875 0.6234375 0.7171875 0.6125 0.7171875 0.6125 0.71875 0.6109375 0.7203125 0.5859375 0.7203125 0.5859375 0.721875 0.59375 0.721875 0.5953125 0.7234375 0.5953125 0.728125 0.596875 0.728125 0.5984375 0.7296875 0.603125 0.7296875 0.6046875 0.73125 0.6046875 0.734375 0.603125 0.7359375 0.5984375 0.7359375 0.5984375 0.7390625 0.6203125 0.7390625 0.621875 0.740625 0.621875 0.7421875 0.6296875 0.7421875 0.6296875 0.740625 0.63125 0.7390625 0.653125 0.7390625 0.653125 0.7375 0.6421875 0.7375 0.640625 0.7359375 0.640625 0.734375 0.6421875 0.7328125 0.65625 0.7328125 0.6578125 0.73125 0.659375 0.73125 0.659375 0.7265625 0.6609375 0.725 0.6625 0.725 0.6625 0.7203125 0.6640625 0.71875 0.66875 0.71875 0.66875 0.7140625 0.6703125 0.7125 0.6734375 0.7125 0.6734375 0.7109375 0.675 0.709375 0.7015625 0.709375 0.7015625 0.7078125 0.6875 0.7078125 0.6859375 0.70625 0.6859375 0.7046875 0.6875 0.703125 0.6890625 0.703125 0.6890625 0.696875 0.690625 0.6953125 0.6921875 0.6953125 0.6921875 0.69375 0.69375 0.6921875 0.6984375 0.6921875 0.6984375 0.6875 0.7 0.6859375 0.7015625 0.6859375 0.7015625 0.68125 0.703125 0.6796875 0.70625 0.6796875 0.70625 0.675 0.7078125 0.6734375 0.709375 0.6734375 0.709375 0.6703125 0.7109375 0.66875 0.7125 0.66875 0.7125 0.6640625 0.7140625 0.6625 0.715625 0.6625 0.715625 0.6578125 0.7171875 0.65625 0.71875 0.65625 0.71875 0.6546875 0.7203125 0.653125 0.721875 0.653125 0.721875 0.6421875 0.7203125 0.6421875 0.71875 0.640625 0.71875 0.6375
