1 0.5505952380952381 0.7708333333333334 0.5505952380952381 0.7738095238095238 0.5476190476190477 0.7767857142857143 0.5625 0.7767857142857143 0.5595238095238095 0.7738095238095238 0.5625 0.7708333333333334
1 0.6517857142857143 0.7589285714285714 0.6488095238095238 0.7619047619047619 0.6488095238095238 0.7648809523809523 0.6547619047619048 0.7708333333333334 0.6547619047619048 0.7738095238095238 0.6636904761904762 0.7738095238095238 0.6636904761904762 0.7708333333333334 0.6666666666666666 0.7678571428571429 0.6636904761904762 0.7648809523809523 0.6636904761904762 0.7589285714285714
1 0.5238095238095238 0.7559523809523809 0.5267857142857143 0.7559523809523809 0.5297619047619048 0.7589285714285714 0.5267857142857143 0.7619047619047619 0.5208333333333334 0.7619047619047619 0.5238095238095238 0.7648809523809523 0.5208333333333334 0.7678571428571429 0.5297619047619048 0.7678571428571429 0.5297619047619048 0.7648809523809523 0.5327380952380952 0.7619047619047619 0.5297619047619048 0.7589285714285714 0.5327380952380952 0.7559523809523809
1 0.43452380952380953 0.7202380952380952 0.4375 0.7232142857142857 0.4375 0.7291666666666666 0.44642857142857145 0.7291666666666666 0.4494047619047619 0.7261904761904762 0.4494047619047619 0.7232142857142857 0.44642857142857145 0.7202380952380952
1 0.6607142857142857 0.7172619047619048 0.6636904761904762 0.7172619047619048 0.6666666666666666 0.7202380952380952 0.6666666666666666 0.7232142857142857 0.6755952380952381 0.7232142857142857 0.6785714285714286 0.7202380952380952 0.6755952380952381 0.7172619047619048
1 0.38095238095238093 0.7172619047619048 0.3869047619047619 0.7172619047619048
1 0.44047619047619047 0.7142857142857143 0.44642857142857145 0.7142857142857143
1 0.6785714285714286 0.6577380952380952 0.6785714285714286 0.6607142857142857 0.6815476190476191 0.6636904761904762 0.6815476190476191 0.6666666666666666 0.6785714285714286 0.6696428571428571 0.6815476190476191 0.6696428571428571 0.6845238095238095 0.6666666666666666 0.6904761904761905 0.6666666666666666 0.6904761904761905 0.6636904761904762 0.6845238095238095 0.6636904761904762 0.6815476190476191 0.6607142857142857 0.6815476190476191 0.6577380952380952
1 0.5714285714285714 0.6398809523809523 0.5773809523809523 0.6398809523809523
1 0.6458333333333334 0.6309523809523809 0.6428571428571429 0.6339285714285714 0.6488095238095238 0.6339285714285714 0.6517857142857143 0.6309523809523809
