1 0.43452380952380953 0.8303571428571429 0.42857142857142855 0.8363095238095238 0.4255952380952381 0.8363095238095238 0.42857142857142855 0.8392857142857143 0.4375 0.8392857142857143 0.44047619047619047 0.8363095238095238 0.44047619047619047 0.8333333333333334 0.4375 0.8333333333333334
1 0.5744047619047619 0.7738095238095238 0.5744047619047619 0.7767857142857143 0.5714285714285714 0.7797619047619048 0.5744047619047619 0.7827380952380952 0.5773809523809523 0.7827380952380952 0.5744047619047619 0.7797619047619048 0.5773809523809523 0.7767857142857143 0.5773809523809523 0.7738095238095238
1 0.6101190476190477 0.7678571428571429 0.6160714285714286 0.7678571428571429
1 0.6309523809523809 0.7470238095238095 0.6339285714285714 0.7470238095238095
1 0.6666666666666666 0.7261904761904762
1 0.6041666666666666 0.7261904761904762 0.6071428571428571 0.7261904761904762
1 0.6398809523809523 0.7232142857142857 0.6369047619047619 0.7261904761904762 0.6339285714285714 0.7261904761904762 0.6369047619047619 0.7291666666666666 0.6339285714285714 0.7321428571428571 0.6220238095238095 0.7321428571428571 0.6309523809523809 0.7410714285714286 0.6398809523809523 0.7410714285714286 0.6428571428571429 0.7380952380952381 0.6488095238095238 0.7440476190476191 0.6458333333333334 0.7410714285714286 0.6488095238095238 0.7380952380952381 0.6547619047619048 0.7380952380952381 0.6607142857142857 0.7321428571428571 0.6696428571428571 0.7321428571428571 0.6577380952380952 0.7321428571428571 0.6547619047619048 0.7291666666666666 0.6577380952380952 0.7261904761904762 0.6607142857142857 0.7261904761904762 0.6517857142857143 0.7261904761904762 0.6488095238095238 0.7232142857142857
1 0.6666666666666666 0.7142857142857143 0.6815476190476191 0.7142857142857143
1 0.38095238095238093 0.6964285714285714 0.37797619047619047 0.6994047619047619 0.37202380952380953 0.6994047619047619 0.38095238095238093 0.6994047619047619 0.38392857142857145 0.6964285714285714
1 0.6755952380952381 0.6726190476190477 0.6785714285714286 0.6755952380952381 0.6785714285714286 0.6785714285714286 0.6726190476190477 0.6845238095238095 0.6696428571428571 0.6815476190476191 0.6696428571428571 0.6875 0.6607142857142857 0.6964285714285714 0.6577380952380952 0.6964285714285714 0.6547619047619048 0.6994047619047619 0.6517857142857143 0.6994047619047619 0.6488095238095238 0.7023809523809523 0.6339285714285714 0.7023809523809523 0.6309523809523809 0.6994047619047619 0.6130952380952381 0.6994047619047619 0.6160714285714286 0.7023809523809523 0.6220238095238095 0.7023809523809523 0.625 0.7053571428571429 0.6220238095238095 0.7083333333333334 0.6190476190476191 0.7083333333333334 0.6220238095238095 0.7113095238095238 0.625 0.7113095238095238 0.6279761904761905 0.7142857142857143 0.6339285714285714 0.7142857142857143 0.6369047619047619 0.7172619047619048 0.6517857142857143 0.7172619047619048 0.6547619047619048 0.7142857142857143 0.6577380952380952 0.7142857142857143 0.6577380952380952 0.7083333333333334 0.6547619047619048 0.7083333333333334 0.6517857142857143 0.7053571428571429 0.6547619047619048 0.7023809523809523 0.6666666666666666 0.7023809523809523 0.6696428571428571 0.6994047619047619 0.6726190476190477 0.6994047619047619 0.6785714285714286 0.6934523809523809 0.6785714285714286 0.6755952380952381
1 0.6041666666666666 0.6726190476190477
1 0.3898809523809524 0.6666666666666666 0.39285714285714285 0.6666666666666666
1 0.7172619047619048 0.6309523809523809 0.7321428571428571 0.6309523809523809
1 0.39285714285714285 0.5505952380952381 0.3958333333333333 0.5505952380952381
1 0.4375 0.5416666666666666 0.43452380952380953 0.5446428571428571 0.42857142857142855 0.5446428571428571 0.43154761904761907 0.5476190476190477 0.4255952380952381 0.5535714285714286 0.41369047619047616 0.5535714285714286 0.4166666666666667 0.5535714285714286 0.41964285714285715 0.5565476190476191 0.4255952380952381 0.5565476190476191 0.43154761904761907 0.5505952380952381 0.44047619047619047 0.5505952380952381 0.44345238095238093 0.5476190476190477 0.44345238095238093 0.5446428571428571 0.44047619047619047 0.5416666666666666
