1 0.55625 0.7703125 0.55625 0.771875 0.5546875 0.7734375 0.553125 0.7734375 0.553125 0.775 0.5578125 0.775 0.5578125 0.7734375 0.559375 0.771875 0.5609375 0.771875 0.5609375 0.7703125
1 0.4765625 0.7609375 0.4765625 0.7640625 0.4890625 0.7640625 0.4890625 0.7609375
1 0.6578125 0.759375 0.6578125 0.7609375 0.659375 0.7609375 0.659375 0.759375
1 0.5234375 0.753125 0.5234375 0.7609375 0.521875 0.7625 0.5203125 0.7625 0.5203125 0.765625 0.53125 0.765625 0.5328125 0.7640625 0.534375 0.7640625 0.534375 0.753125
1 0.509375 0.746875 0.509375 0.7484375 0.51875 0.7484375 0.51875 0.746875
1 0.371875 0.7203125 0.371875 0.725 0.3796875 0.725 0.3796875 0.7234375 0.38125 0.721875 0.3859375 0.721875 0.3859375 0.7203125
1 0.6609375 0.7078125 0.6609375 0.715625 0.6625 0.715625 0.6640625 0.7171875 0.6640625 0.721875 0.665625 0.721875 0.6671875 0.7234375 0.6671875 0.725 0.6765625 0.725 0.6765625 0.7234375 0.675 0.7234375 0.6734375 0.721875 0.6734375 0.7203125 0.675 0.71875 0.6765625 0.71875 0.6765625 0.7140625 0.671875 0.7140625 0.6703125 0.7125 0.6703125 0.7078125
1 0.3578125 0.7 0.35625 0.7015625 0.3546875 0.7015625 0.3546875 0.7046875 0.35625 0.7046875 0.3578125 0.703125 0.3640625 0.703125 0.3640625 0.7
1 0.5953125 0.684375 0.5953125 0.6890625 0.6 0.6890625 0.6 0.6875 0.6015625 0.6859375 0.603125 0.6859375 0.603125 0.684375
1 0.4546875 0.6578125 0.4546875 0.659375 0.459375 0.659375 0.459375 0.6578125
1 0.6640625 0.6484375 0.6640625 0.65 0.6625 0.6515625 0.6578125 0.6515625 0.6578125 0.65625 0.665625 0.65625 0.665625 0.6515625 0.6671875 0.65 0.66875 0.65 0.66875 0.6484375
1 0.571875 0.6375 0.571875 0.64375 0.58125 0.64375 0.58125 0.6421875 0.5828125 0.640625 0.584375 0.640625 0.5859375 0.6421875 0.5875 0.6421875 0.5875 0.6390625 0.5859375 0.6390625 0.584375 0.6375
1 0.6453125 0.628125 0.6453125 0.6296875 0.646875 0.6296875 0.6484375 0.63125 0.6484375 0.6328125 0.646875 0.634375 0.6421875 0.634375 0.6421875 0.6359375 0.64375 0.6359375 0.6453125 0.6375 0.646875 0.6375 0.6484375 0.6390625 0.65625 0.6390625 0.65625 0.63125 0.6484375 0.63125 0.646875 0.6296875 0.646875 0.628125
1 0.6375 0.621875 0.6375 0.6234375 0.640625 0.6234375 0.640625 0.621875
1 0.559375 0.61875 0.559375 0.6234375 0.5703125 0.6234375 0.5703125 0.61875
1 0.5953125 0.6125 0.5953125 0.6140625 0.6 0.6140625 0.6015625 0.615625 0.6015625 0.6171875 0.6171875 0.6171875 0.6171875 0.615625 0.61875 0.6140625 0.6203125 0.6140625 0.6203125 0.6125
1 0.5328125 0.5890625 0.5328125 0.59375 0.5375 0.59375 0.5390625 0.5953125 0.5390625 0.596875 0.5453125 0.596875 0.5453125 0.5890625
1 0.4703125 0.5890625 0.4703125 0.590625 0.48125 0.590625 0.48125 0.5890625
1 0.4703125 0.578125 0.46875 0.5796875 0.4671875 0.5796875 0.4671875 0.584375 0.4828125 0.584375 0.4828125 0.5828125 0.48125 0.58125 0.48125 0.5796875 0.4796875 0.5796875 0.478125 0.578125
1 0.4828125 0.565625 0.4828125 0.5671875 0.4859375 0.5671875 0.4859375 0.565625
