1 0.5234375 0.75625 0.5234375 0.7640625 0.525 0.7640625 0.5265625 0.765625 0.53125 0.765625 0.5328125 0.7640625 0.534375 0.7640625 0.534375 0.75625
1 0.509375 0.746875 0.509375 0.7484375 0.51875 0.7484375 0.51875 0.746875
1 0.6125 0.740625 0.6125 0.7421875 0.6203125 0.7421875 0.6203125 0.740625
1 0.371875 0.7171875 0.371875 0.721875 0.3703125 0.7234375 0.36875 0.7234375 0.36875 0.725 0.3828125 0.725 0.3828125 0.7234375 0.384375 0.721875 0.3859375 0.721875 0.3859375 0.7203125 0.384375 0.7203125 0.3828125 0.71875 0.3828125 0.7171875
1 0.6546875 0.7078125 0.6546875 0.709375 0.65625 0.709375 0.6578125 0.7109375 0.6578125 0.7125 0.659375 0.7125 0.6609375 0.7140625 0.6609375 0.715625 0.6625 0.715625 0.6640625 0.7171875 0.6640625 0.71875 0.665625 0.71875 0.6671875 0.7203125 0.6671875 0.721875 0.6734375 0.721875 0.6734375 0.7140625 0.671875 0.7140625 0.6703125 0.7125 0.6703125 0.7078125
1 0.625 0.66875 0.625 0.671875 0.6296875 0.671875 0.6296875 0.66875
1 0.3359375 0.6609375 0.3359375 0.6625 0.334375 0.6640625 0.3328125 0.6640625 0.3328125 0.665625 0.334375 0.665625 0.3359375 0.6671875 0.3359375 0.66875 0.340625 0.66875 0.340625 0.6609375
1 0.453125 0.6578125 0.453125 0.665625 0.4546875 0.6671875 0.4546875 0.66875 0.465625 0.66875 0.465625 0.6640625 0.4640625 0.6640625 0.4625 0.6625 0.4625 0.6609375 0.4640625 0.659375 0.465625 0.659375 0.465625 0.6578125
1 0.6609375 0.6484375 0.6609375 0.65 0.659375 0.6515625 0.6578125 0.6515625 0.6578125 0.65625 0.66875 0.65625 0.66875 0.6515625 0.6703125 0.65 0.6703125 0.6484375
1 0.575 0.6375 0.575 0.64375 0.58125 0.64375 0.5828125 0.6421875 0.584375 0.6421875 0.584375 0.6390625 0.5828125 0.6390625 0.58125 0.6375
1 0.6484375 0.634375 0.646875 0.6359375 0.6453125 0.6359375 0.6453125 0.6390625 0.646875 0.6390625 0.6484375 0.6375 0.653125 0.6375 0.6546875 0.6390625 0.65625 0.6390625 0.65625 0.6359375 0.6546875 0.6359375 0.653125 0.634375
1 0.6125 0.628125 0.6125 0.6296875 0.6171875 0.6296875 0.6171875 0.628125
1 0.55625 0.61875 0.55625 0.6203125 0.5609375 0.6203125 0.5625 0.621875 0.5625 0.6234375 0.5671875 0.6234375 0.5671875 0.621875 0.56875 0.6203125 0.5703125 0.6203125 0.5703125 0.61875
1 0.6078125 0.6125 0.6078125 0.6140625 0.60625 0.615625 0.6046875 0.615625 0.6046875 0.6171875 0.6234375 0.6171875 0.6234375 0.615625 0.621875 0.615625 0.6203125 0.6140625 0.6203125 0.6125
1 0.6578125 0.609375 0.6578125 0.6109375 0.65625 0.6125 0.6546875 0.6125 0.6546875 0.6140625 0.653125 0.615625 0.6515625 0.615625 0.6515625 0.6171875 0.65 0.61875 0.6453125 0.61875 0.6453125 0.6203125 0.64375 0.621875 0.634375 0.621875 0.634375 0.6234375 0.6359375 0.6234375 0.6375 0.625 0.6375 0.6265625 0.6359375 0.628125 0.625 0.628125 0.6234375 0.6265625 0.6234375 0.625 0.621875 0.625 0.621875 0.6265625 0.6234375 0.6265625 0.625 0.628125 0.625 0.6296875 0.646875 0.6296875 0.646875 0.625 0.6484375 0.6234375 0.65 0.6234375 0.65 0.621875 0.6515625 0.6203125 0.653125 0.6203125 0.6546875 0.621875 0.6546875 0.6234375 0.66875 0.6234375 0.66875 0.61875 0.6703125 0.6171875 0.6703125 0.615625 0.66875 0.6140625 0.66875 0.6125 0.6671875 0.6125 0.665625 0.6109375 0.665625 0.609375
1 0.4671875 0.575 0.4671875 0.578125 0.465625 0.5796875 0.4640625 0.5796875 0.4640625 0.58125 0.465625 0.58125 0.4671875 0.5828125 0.4671875 0.584375 0.4828125 0.584375 0.4828125 0.5796875 0.48125 0.578125 0.4796875 0.578125 0.478125 0.5765625 0.478125 0.575
1 0.4796875 0.565625 0.4796875 0.5671875 0.4890625 0.5671875 0.4890625 0.565625
