1 0.43154761904761907 0.8303571428571429 0.43154761904761907 0.8392857142857143 0.43452380952380953 0.8363095238095238 0.4375 0.8363095238095238 0.4375 0.8333333333333334 0.43452380952380953 0.8303571428571429
1 0.6398809523809523 0.8273809523809523
1 0.5744047619047619 0.7738095238095238 0.5714285714285714 0.7767857142857143 0.5714285714285714 0.7797619047619048 0.5744047619047619 0.7827380952380952 0.5803571428571429 0.7827380952380952 0.5773809523809523 0.7797619047619048 0.5803571428571429 0.7767857142857143 0.5803571428571429 0.7738095238095238
1 0.6130952380952381 0.7678571428571429
1 0.6428571428571429 0.7619047619047619
1 0.6041666666666666 0.7261904761904762
1 0.39880952380952384 0.7232142857142857 0.39880952380952384 0.7261904761904762 0.4017857142857143 0.7232142857142857
1 0.38095238095238093 0.7202380952380952 0.38095238095238093 0.7232142857142857 0.38392857142857145 0.7232142857142857
1 0.6071428571428571 0.7023809523809523
1 0.35714285714285715 0.6964285714285714 0.3601190476190476 0.6964285714285714
1 0.3869047619047619 0.6904761904761905 0.38392857142857145 0.6934523809523809 0.37797619047619047 0.6934523809523809 0.375 0.6964285714285714 0.36904761904761907 0.6964285714285714 0.36607142857142855 0.6934523809523809 0.36904761904761907 0.6964285714285714 0.3630952380952381 0.7023809523809523 0.36607142857142855 0.7053571428571429 0.36607142857142855 0.7113095238095238 0.37797619047619047 0.7113095238095238 0.38095238095238093 0.7083333333333334 0.38095238095238093 0.7053571428571429 0.38392857142857145 0.7023809523809523 0.3869047619047619 0.7023809523809523 0.3869047619047619 0.6964285714285714 0.3898809523809524 0.6934523809523809
1 0.6696428571428571 0.6875 0.6607142857142857 0.6964285714285714 0.6636904761904762 0.6994047619047619 0.6607142857142857 0.7023809523809523 0.6577380952380952 0.7023809523809523 0.6517857142857143 0.7083333333333334 0.6458333333333334 0.7083333333333334 0.6428571428571429 0.7113095238095238 0.6130952380952381 0.7113095238095238 0.6101190476190477 0.7083333333333334 0.6130952380952381 0.7113095238095238 0.6130952380952381 0.7142857142857143 0.6190476190476191 0.7142857142857143 0.625 0.7202380952380952 0.625 0.7232142857142857 0.6279761904761905 0.7261904761904762 0.6369047619047619 0.7261904761904762 0.6398809523809523 0.7291666666666666 0.6369047619047619 0.7321428571428571 0.6279761904761905 0.7321428571428571 0.6339285714285714 0.7380952380952381 0.6309523809523809 0.7410714285714286 0.625 0.7410714285714286 0.6220238095238095 0.7380952380952381 0.6309523809523809 0.7470238095238095 0.6339285714285714 0.7470238095238095 0.6398809523809523 0.7529761904761905 0.6488095238095238 0.7529761904761905 0.6458333333333334 0.75 0.6488095238095238 0.7470238095238095 0.6517857142857143 0.7470238095238095 0.6547619047619048 0.7440476190476191 0.6607142857142857 0.7440476190476191 0.6607142857142857 0.7380952380952381 0.6666666666666666 0.7321428571428571 0.6666666666666666 0.7261904761904762 0.6607142857142857 0.7202380952380952 0.6607142857142857 0.7172619047619048 0.6636904761904762 0.7142857142857143 0.6666666666666666 0.7142857142857143 0.6696428571428571 0.7113095238095238 0.6726190476190477 0.7113095238095238 0.6755952380952381 0.7142857142857143 0.6964285714285714 0.7142857142857143 0.6934523809523809 0.7113095238095238 0.6904761904761905 0.7113095238095238 0.6875 0.7083333333333334 0.6845238095238095 0.7113095238095238 0.6815476190476191 0.7113095238095238 0.6785714285714286 0.7083333333333334 0.6726190476190477 0.7083333333333334 0.6696428571428571 0.7053571428571429 0.6726190476190477 0.7023809523809523 0.6785714285714286 0.7023809523809523 0.6726190476190477 0.7023809523809523 0.6696428571428571 0.6994047619047619
1 0.37797619047619047 0.6875
1 0.38392857142857145 0.6636904761904762 0.39285714285714285 0.6636904761904762
1 0.7291666666666666 0.6607142857142857 0.7291666666666666 0.6666666666666666 0.7410714285714286 0.6666666666666666 0.7440476190476191 0.6636904761904762 0.7410714285714286 0.6607142857142857
1 0.7053571428571429 0.6309523809523809 0.7202380952380952 0.6309523809523809
1 0.3869047619047619 0.5476190476190477 0.41964285714285715 0.5476190476190477
1 0.42857142857142855 0.5446428571428571 0.43154761904761907 0.5476190476190477 0.42857142857142855 0.5505952380952381 0.43452380952380953 0.5446428571428571 0.4375 0.5446428571428571
