1 0.4140625 0.815625 0.4140625 0.8203125 0.41875 0.8203125 0.41875 0.815625
1 0.4828125 0.7859375 0.4828125 0.7875 0.484375 0.7890625 0.484375 0.790625 0.4859375 0.790625 0.4859375 0.7890625 0.4875 0.7875 0.490625 0.7875 0.4921875 0.7890625 0.4921875 0.790625 0.4953125 0.790625 0.4953125 0.7890625 0.496875 0.7875 0.5015625 0.7875 0.503125 0.7890625 0.503125 0.790625 0.515625 0.790625 0.515625 0.7859375
1 0.509375 0.7796875 0.509375 0.78125 0.5109375 0.78125 0.5109375 0.7796875
1 0.5390625 0.7734375 0.5390625 0.775 0.5375 0.7765625 0.5265625 0.7765625 0.5265625 0.778125 0.525 0.7796875 0.5171875 0.7796875 0.5171875 0.78125 0.534375 0.78125 0.534375 0.7796875 0.5359375 0.778125 0.5375 0.778125 0.5375 0.7765625 0.5390625 0.775 0.540625 0.775 0.540625 0.7734375
1 0.453125 0.7703125 0.453125 0.771875 0.45625 0.771875 0.4578125 0.7734375 0.4578125 0.775 0.459375 0.775 0.4609375 0.7765625 0.4609375 0.778125 0.46875 0.778125 0.4703125 0.7796875 0.4703125 0.78125 0.4859375 0.78125 0.4859375 0.7796875 0.4875 0.778125 0.4921875 0.778125 0.4921875 0.7765625 0.490625 0.7765625 0.4890625 0.775 0.4890625 0.7734375 0.4875 0.7734375 0.4875 0.775 0.4859375 0.7765625 0.4734375 0.7765625 0.471875 0.775 0.471875 0.7734375 0.4609375 0.7734375 0.459375 0.771875 0.459375 0.7703125
1 0.43125 0.7703125 0.43125 0.775 0.4328125 0.775 0.434375 0.7765625 0.434375 0.778125 0.4390625 0.778125 0.440625 0.7796875 0.440625 0.78125 0.4421875 0.78125 0.4421875 0.7796875 0.44375 0.778125 0.4453125 0.778125 0.4453125 0.7765625 0.4375 0.7765625 0.4359375 0.775 0.4359375 0.7734375 0.434375 0.7734375 0.4328125 0.771875 0.4328125 0.7703125
1 0.3296875 0.7078125 0.3296875 0.709375 0.3375 0.709375 0.3375 0.7078125
1 0.30625 0.7078125 0.30625 0.709375 0.3203125 0.709375 0.3203125 0.7078125
1 0.74375 0.66875 0.74375 0.671875 0.7515625 0.671875 0.7515625 0.66875
1 0.753125 0.6640625 0.753125 0.665625 0.7578125 0.665625 0.7578125 0.6640625
1 0.5265625 0.6578125 0.5265625 0.659375 0.53125 0.659375 0.5328125 0.6609375 0.5328125 0.6625 0.534375 0.6625 0.5359375 0.6640625 0.5359375 0.665625 0.534375 0.6671875 0.5328125 0.6671875 0.5328125 0.66875 0.5375 0.66875 0.5390625 0.6703125 0.5453125 0.6703125 0.5453125 0.6640625 0.54375 0.6625 0.54375 0.6609375 0.5453125 0.659375 0.5453125 0.6578125
1 0.7609375 0.6484375 0.7609375 0.65 0.7640625 0.65 0.7640625 0.6484375
1 0.7046875 0.6390625 0.7046875 0.6421875 0.71875 0.6421875 0.71875 0.6390625
1 0.7765625 0.63125 0.7765625 0.6328125 0.778125 0.6328125 0.778125 0.63125
1 0.7234375 0.63125 0.7234375 0.6328125 0.725 0.6328125 0.725 0.63125
1 0.56875 0.5234375 0.56875 0.525 0.5703125 0.525 0.5703125 0.5234375
