1 0.509375 0.8578125 0.5078125 0.859375 0.503125 0.859375 0.503125 0.8640625 0.5015625 0.865625 0.5 0.865625 0.5 0.8671875 0.51875 0.8671875 0.51875 0.859375 0.5171875 0.859375 0.515625 0.8578125
1 0.5828125 0.8265625 0.5828125 0.8296875 0.584375 0.8296875 0.584375 0.8265625
1 0.5953125 0.81875 0.5953125 0.8234375 0.59375 0.825 0.5921875 0.825 0.590625 0.8265625 0.5890625 0.8265625 0.5890625 0.8296875 0.590625 0.8296875 0.5921875 0.828125 0.6 0.828125 0.6015625 0.8296875 0.603125 0.8296875 0.603125 0.8265625 0.6015625 0.8265625 0.6 0.825 0.6 0.81875
1 0.4859375 0.79375 0.4859375 0.796875 0.4890625 0.796875 0.4890625 0.79375
1 0.5796875 0.7859375 0.5796875 0.7875 0.58125 0.7875 0.5828125 0.7890625 0.5828125 0.790625 0.584375 0.790625 0.5859375 0.7921875 0.5859375 0.7953125 0.5875 0.7953125 0.5875 0.7921875 0.5890625 0.790625 0.590625 0.790625 0.590625 0.7890625 0.5890625 0.7890625 0.5875 0.7875 0.5875 0.7859375
1 0.4703125 0.7765625 0.4703125 0.778125 0.46875 0.7796875 0.4671875 0.7796875 0.4671875 0.78125 0.471875 0.78125 0.4734375 0.7828125 0.4734375 0.784375 0.4890625 0.784375 0.4890625 0.7828125 0.4765625 0.7828125 0.475 0.78125 0.475 0.7796875 0.4765625 0.778125 0.478125 0.778125 0.478125 0.7765625
1 0.4140625 0.7671875 0.4140625 0.76875 0.4125 0.7703125 0.4109375 0.7703125 0.4109375 0.771875 0.4125 0.771875 0.4140625 0.7734375 0.4140625 0.775 0.41875 0.775 0.41875 0.7671875
1 0.5953125 0.75625 0.5953125 0.7578125 0.59375 0.759375 0.5921875 0.759375 0.5921875 0.7609375 0.59375 0.7609375 0.5953125 0.7625 0.5953125 0.7640625 0.59375 0.765625 0.5890625 0.765625 0.5875 0.7671875 0.5828125 0.7671875 0.5828125 0.76875 0.58125 0.7703125 0.578125 0.7703125 0.578125 0.771875 0.5765625 0.7734375 0.56875 0.7734375 0.56875 0.775 0.5671875 0.7765625 0.565625 0.7765625 0.565625 0.778125 0.5640625 0.7796875 0.55 0.7796875 0.55 0.78125 0.5484375 0.7828125 0.5265625 0.7828125 0.5265625 0.790625 0.53125 0.790625 0.5328125 0.7921875 0.5328125 0.79375 0.5484375 0.79375 0.5484375 0.7921875 0.55 0.790625 0.5578125 0.790625 0.5578125 0.7828125 0.559375 0.78125 0.584375 0.78125 0.584375 0.7765625 0.5859375 0.775 0.59375 0.775 0.59375 0.7703125 0.5953125 0.76875 0.6 0.76875 0.6 0.7671875 0.6015625 0.765625 0.60625 0.765625 0.60625 0.7625 0.6015625 0.7625 0.6 0.7609375 0.6 0.759375 0.6015625 0.7578125 0.60625 0.7578125 0.60625 0.75625
1 0.4109375 0.75625 0.4109375 0.7578125 0.4125 0.7578125 0.4140625 0.759375 0.4140625 0.7609375 0.415625 0.7609375 0.415625 0.75625
1 0.625 0.73125 0.625 0.734375 0.6296875 0.734375 0.6296875 0.73125
1 0.6375 0.7265625 0.6375 0.728125 0.64375 0.728125 0.64375 0.7265625
1 0.5828125 0.7015625 0.5828125 0.7046875 0.584375 0.7046875 0.584375 0.7015625
1 0.5859375 0.6875 0.5859375 0.6984375 0.5875 0.6984375 0.5875 0.690625 0.5890625 0.6890625 0.59375 0.6890625 0.5953125 0.690625 0.5953125 0.7015625 0.6 0.7015625 0.6 0.7 0.6015625 0.6984375 0.603125 0.6984375 0.603125 0.69375 0.6046875 0.6921875 0.6078125 0.6921875 0.6078125 0.690625 0.609375 0.6890625 0.6109375 0.6890625 0.6109375 0.6875 0.6078125 0.6875 0.6078125 0.6890625 0.60625 0.690625 0.5984375 0.690625 0.596875 0.6890625 0.596875 0.6875
1 0.5921875 0.678125 0.5921875 0.6796875 0.590625 0.68125 0.5890625 0.68125 0.5890625 0.6828125 0.590625 0.6828125 0.590625 0.68125 0.5921875 0.6796875 0.59375 0.6796875 0.59375 0.678125
1 0.7203125 0.6609375 0.7203125 0.6625 0.721875 0.6625 0.721875 0.6609375
1 0.690625 0.625 0.690625 0.6265625 0.6890625 0.628125 0.6875 0.628125 0.6875 0.6296875 0.6984375 0.6296875 0.7 0.63125 0.7 0.6328125 0.7390625 0.6328125 0.7390625 0.63125 0.7109375 0.63125 0.709375 0.6296875 0.709375 0.628125 0.7109375 0.6265625 0.721875 0.6265625 0.721875 0.625
