1 0.5265625 0.759375 0.5265625 0.7625 0.53125 0.7625 0.5328125 0.7640625 0.534375 0.7640625 0.534375 0.7609375 0.5328125 0.7609375 0.53125 0.759375
1 0.384375 0.753125 0.384375 0.7546875 0.3875 0.7546875 0.3875 0.753125
1 0.5125 0.746875 0.5125 0.7484375 0.5140625 0.75 0.5140625 0.7515625 0.5171875 0.7515625 0.5171875 0.75 0.51875 0.7484375 0.51875 0.746875
1 0.38125 0.740625 0.38125 0.7421875 0.3828125 0.7421875 0.384375 0.74375 0.384375 0.7453125 0.3875 0.7453125 0.3875 0.74375 0.3890625 0.7421875 0.3890625 0.740625
1 0.4734375 0.7265625 0.4734375 0.728125 0.475 0.728125 0.475 0.7265625
1 0.371875 0.7140625 0.371875 0.715625 0.3734375 0.715625 0.375 0.7171875 0.375 0.725 0.3828125 0.725 0.3828125 0.7203125 0.38125 0.7203125 0.3796875 0.71875 0.3796875 0.7140625
1 0.6609375 0.7078125 0.6609375 0.7125 0.659375 0.7140625 0.6578125 0.7140625 0.6578125 0.715625 0.6703125 0.715625 0.6703125 0.7140625 0.66875 0.7125 0.66875 0.7078125
1 0.625 0.6703125 0.625 0.6734375 0.6234375 0.675 0.621875 0.675 0.621875 0.6765625 0.6265625 0.6765625 0.628125 0.678125 0.628125 0.6796875 0.6359375 0.6796875 0.6359375 0.678125 0.6375 0.6765625 0.6390625 0.6765625 0.6390625 0.675 0.634375 0.675 0.6328125 0.6734375 0.6328125 0.6703125
1 0.4546875 0.6640625 0.4546875 0.66875 0.4625 0.66875 0.4625 0.6640625
1 0.6421875 0.6609375 0.6421875 0.6625 0.65 0.6625 0.65 0.6609375
1 0.63125 0.6609375 0.63125 0.6625 0.6359375 0.6625 0.6359375 0.6609375
1 0.625 0.6609375 0.625 0.6625 0.6265625 0.6625 0.6265625 0.6609375
1 0.3359375 0.6609375 0.3359375 0.66875 0.34375 0.66875 0.34375 0.6609375
1 0.3921875 0.6578125 0.3921875 0.659375 0.39375 0.659375 0.39375 0.6578125
1 0.6375 0.6546875 0.6375 0.65625 0.640625 0.65625 0.640625 0.6546875
1 0.6125 0.6546875 0.6125 0.65625 0.6171875 0.65625 0.6171875 0.6546875
1 0.6640625 0.6515625 0.6640625 0.65625 0.6734375 0.65625 0.6734375 0.6546875 0.6703125 0.6546875 0.66875 0.653125 0.66875 0.6515625
1 0.5734375 0.6421875 0.5734375 0.64375 0.5765625 0.64375 0.5765625 0.6421875
1 0.63125 0.6375 0.63125 0.6390625 0.6328125 0.6390625 0.6328125 0.6375
1 0.6515625 0.6359375 0.65 0.6375 0.6453125 0.6375 0.6453125 0.6390625 0.653125 0.6390625 0.653125 0.6359375
1 0.615625 0.61875 0.615625 0.6203125 0.6265625 0.6203125 0.6265625 0.61875
1 0.578125 0.61875 0.578125 0.6203125 0.58125 0.6203125 0.58125 0.61875
1 0.6546875 0.6125 0.6546875 0.6140625 0.653125 0.615625 0.6484375 0.615625 0.6484375 0.6203125 0.646875 0.621875 0.6453125 0.621875 0.6453125 0.6234375 0.64375 0.625 0.640625 0.625 0.640625 0.6265625 0.6390625 0.628125 0.6359375 0.628125 0.634375 0.6265625 0.634375 0.625 0.625 0.625 0.625 0.6265625 0.6265625 0.6265625 0.628125 0.628125 0.628125 0.6328125 0.65 0.6328125 0.65 0.63125 0.6453125 0.63125 0.64375 0.6296875 0.64375 0.628125 0.6453125 0.6265625 0.646875 0.6265625 0.646875 0.625 0.6484375 0.6234375 0.65 0.6234375 0.6515625 0.625 0.6515625 0.6265625 0.665625 0.6265625 0.665625 0.625 0.6671875 0.6234375 0.66875 0.6234375 0.66875 0.621875 0.6703125 0.6203125 0.6703125 0.615625 0.66875 0.6140625 0.66875 0.6125
1 0.4765625 0.5796875 0.4765625 0.58125 0.48125 0.58125 0.48125 0.5796875
