1 0.4578125 0.8125 0.4578125 0.8203125 0.459375 0.8203125 0.4609375 0.821875 0.4609375 0.8234375 0.471875 0.8234375 0.471875 0.81875 0.4703125 0.81875 0.46875 0.8171875 0.46875 0.815625 0.4671875 0.815625 0.465625 0.8140625 0.465625 0.8125
1 0.425 0.796875 0.425 0.8 0.4328125 0.8 0.4328125 0.796875
1 0.3953125 0.7796875 0.3953125 0.78125 0.403125 0.78125 0.403125 0.7796875
1 0.5265625 0.7703125 0.5265625 0.771875 0.534375 0.771875 0.5359375 0.7734375 0.5359375 0.778125 0.534375 0.7796875 0.5328125 0.7796875 0.5328125 0.78125 0.5375 0.78125 0.5390625 0.7828125 0.5390625 0.784375 0.5484375 0.784375 0.5484375 0.7796875 0.546875 0.7796875 0.5453125 0.778125 0.5453125 0.7765625 0.54375 0.775 0.54375 0.7734375 0.5390625 0.7734375 0.5375 0.771875 0.5375 0.7703125
1 0.515625 0.753125 0.515625 0.7609375 0.525 0.7609375 0.525 0.759375 0.5265625 0.7578125 0.528125 0.7578125 0.528125 0.75625 0.5234375 0.75625 0.521875 0.7546875 0.521875 0.753125
1 0.6078125 0.7375 0.6078125 0.7390625 0.6140625 0.7390625 0.6140625 0.7375
1 0.696875 0.73125 0.696875 0.734375 0.6984375 0.7328125 0.7 0.734375 0.7 0.7375 0.696875 0.740625 0.696875 0.7453125 0.6953125 0.746875 0.69375 0.746875 0.69375 0.7484375 0.715625 0.7484375 0.715625 0.74375 0.7109375 0.74375 0.7109375 0.7453125 0.709375 0.746875 0.7078125 0.746875 0.70625 0.7453125 0.70625 0.74375 0.7046875 0.74375 0.703125 0.7421875 0.703125 0.740625 0.7015625 0.7390625 0.7015625 0.7375 0.703125 0.7359375 0.70625 0.7359375 0.7078125 0.7375 0.709375 0.7375 0.709375 0.734375 0.7078125 0.734375 0.70625 0.7328125 0.7 0.7328125 0.6984375 0.73125
1 0.3625 0.7171875 0.3625 0.721875 0.3609375 0.7234375 0.359375 0.7234375 0.359375 0.725 0.3828125 0.725 0.3828125 0.7234375 0.38125 0.7234375 0.3796875 0.721875 0.3796875 0.7203125 0.375 0.7203125 0.3734375 0.71875 0.3734375 0.7171875
1 0.428125 0.7046875 0.428125 0.70625 0.4296875 0.70625 0.43125 0.7078125 0.43125 0.715625 0.4421875 0.715625 0.4421875 0.7109375 0.44375 0.709375 0.4453125 0.709375 0.4453125 0.7078125 0.44375 0.7078125 0.4421875 0.70625 0.4421875 0.7046875
1 0.675 0.7015625 0.6734375 0.703125 0.6703125 0.703125 0.6703125 0.70625 0.6734375 0.70625 0.675 0.7046875 0.6765625 0.7046875 0.6765625 0.7015625
1 0.628125 0.7015625 0.628125 0.7046875 0.6296875 0.7046875 0.6296875 0.7015625
1 0.696875 0.684375 0.696875 0.6859375 0.6984375 0.6859375 0.7 0.6875 0.7 0.6890625 0.709375 0.6890625 0.709375 0.6875 0.7078125 0.6875 0.70625 0.6859375 0.70625 0.684375
1 0.5859375 0.684375 0.5859375 0.6859375 0.5875 0.6859375 0.5890625 0.6875 0.5890625 0.6890625 0.590625 0.6890625 0.5921875 0.690625 0.5921875 0.6921875 0.59375 0.6921875 0.5953125 0.69375 0.5953125 0.6953125 0.603125 0.6953125 0.603125 0.69375 0.6015625 0.69375 0.6 0.6921875 0.6 0.690625 0.5984375 0.690625 0.596875 0.6890625 0.596875 0.6875 0.5953125 0.6875 0.59375 0.6859375 0.59375 0.684375
1 0.496875 0.6609375 0.496875 0.6625 0.5046875 0.6625 0.5046875 0.6609375
1 0.375 0.6609375 0.375 0.66875 0.3796875 0.66875 0.38125 0.6703125 0.3890625 0.6703125 0.390625 0.66875 0.39375 0.66875 0.39375 0.6640625 0.3921875 0.6640625 0.390625 0.6625 0.390625 0.6609375
1 0.6453125 0.6578125 0.6453125 0.659375 0.65 0.659375 0.6515625 0.6609375 0.6515625 0.6625 0.65625 0.6625 0.65625 0.6578125
1 0.6546875 0.634375 0.6546875 0.6359375 0.665625 0.6359375 0.6671875 0.6375 0.6703125 0.6375 0.671875 0.6359375 0.6734375 0.6359375 0.6734375 0.634375
1 0.7046875 0.628125 0.7046875 0.6296875 0.703125 0.63125 0.7 0.63125 0.7 0.6328125 0.6984375 0.634375 0.69375 0.634375 0.69375 0.6359375 0.6921875 0.6375 0.6875 0.6375 0.6875 0.6390625 0.6859375 0.640625 0.678125 0.640625 0.6765625 0.6390625 0.675 0.6390625 0.6734375 0.640625 0.671875 0.640625 0.671875 0.6421875 0.6765625 0.6421875 0.678125 0.64375 0.678125 0.646875 0.6859375 0.646875 0.6875 0.6484375 0.6875 0.65 0.6859375 0.6515625 0.68125 0.6515625 0.68125 0.65625 0.6796875 0.6578125 0.678125 0.6578125 0.678125 0.659375 0.6765625 0.6609375 0.6671875 0.6609375 0.6671875 0.66875 0.665625 0.6703125 0.6640625 0.6703125 0.6640625 0.6734375 0.6625 0.675 0.6609375 0.675 0.6609375 0.6765625 0.659375 0.678125 0.6578125 0.678125 0.6578125 0.6828125 0.65625 0.684375 0.6515625 0.684375 0.65 0.6828125 0.65 0.678125 0.6453125 0.678125 0.64375 0.6765625 0.6375 0.6765625 0.6359375 0.675 0.6359375 0.671875 0.6375 0.6703125 0.64375 0.6703125 0.64375 0.66875 0.640625 0.66875 0.6390625 0.6671875 0.6390625 0.6640625 0.6375 0.6640625 0.6359375 0.6625 0.6359375 0.6609375 0.6046875 0.6609375 0.6046875 0.665625 0.60625 0.665625 0.6078125 0.6671875 0.6078125 0.66875 0.609375 0.6703125 0.6140625 0.6703125 0.615625 0.671875 0.615625 0.6734375 0.6171875 0.6734375 0.61875 0.675 0.61875 0.6796875 0.6171875 0.68125 0.6125 0.68125 0.6125 0.6828125 0.6140625 0.6828125 0.615625 0.684375 0.615625 0.6859375 0.6171875 0.6859375 0.61875 0.6875 0.61875 0.6890625 0.6171875 0.690625 0.615625 0.690625 0.615625 0.6921875 0.6265625 0.6921875 0.628125 0.69375 0.628125 0.6953125 0.6390625 0.6953125 0.6390625 0.69375 0.640625 0.6921875 0.65 0.6921875 0.65 0.690625 0.6515625 0.6890625 0.653125 0.6890625 0.653125 0.6875 0.6546875 0.6859375 0.6625 0.6859375 0.6640625 0.6875 0.6640625 0.6890625 0.6625 0.690625 0.6578125 0.690625 0.6578125 0.6921875 0.6796875 0.6921875 0.6796875 0.690625 0.678125 0.690625 0.6765625 0.6890625 0.6765625 0.6875 0.678125 0.6859375 0.6828125 0.6859375 0.6828125 0.684375 0.684375 0.6828125 0.6859375 0.6828125 0.6859375 0.68125 0.684375 0.68125 0.6828125 0.6796875 0.6828125 0.678125 0.678125 0.678125 0.6765625 0.6765625 0.675 0.6765625 0.6734375 0.675 0.6734375 0.671875 0.675 0.6703125 0.6765625 0.6703125 0.678125 0.671875 0.6828125 0.671875 0.684375 0.6703125 0.6921875 0.6703125 0.6921875 0.6640625 0.6875 0.6640625 0.6859375 0.6625 0.6859375 0.6609375 0.6875 0.659375 0.6921875 0.659375 0.6921875 0.6515625 0.69375 0.65 0.6953125 0.65 0.696875 0.6515625 0.696875 0.653125 0.6984375 0.653125 0.6984375 0.6484375 0.7 0.646875 0.70625 0.646875 0.70625 0.6453125 0.7078125 0.64375 0.7125 0.64375 0.7125 0.6421875 0.7140625 0.640625 0.715625 0.640625 0.715625 0.63125 0.7140625 0.63125 0.7125 0.6296875 0.7125 0.628125
1 0.6484375 0.621875 0.6484375 0.6234375 0.665625 0.6234375 0.665625 0.621875
1 0.378125 0.5390625 0.378125 0.540625 0.3828125 0.540625 0.3828125 0.5390625
1 0.4046875 0.5359375 0.4046875 0.5375 0.403125 0.5390625 0.3890625 0.5390625 0.3890625 0.540625 0.390625 0.540625 0.3921875 0.5421875 0.3921875 0.54375 0.4203125 0.54375 0.4203125 0.5390625 0.421875 0.5375 0.4234375 0.5375 0.4234375 0.5359375
