1 0.5119047619047619 0.8184523809523809 0.5208333333333334 0.8184523809523809
1 0.5476190476190477 0.7886904761904762
1 0.5386904761904762 0.7886904761904762 0.5416666666666666 0.7886904761904762
1 0.5089285714285714 0.7886904761904762 0.5119047619047619 0.7916666666666666 0.5089285714285714 0.7946428571428571 0.5059523809523809 0.7946428571428571 0.5059523809523809 0.7976190476190477 0.5089285714285714 0.8005952380952381 0.5089285714285714 0.8035714285714286 0.5119047619047619 0.8035714285714286 0.5148809523809523 0.8065476190476191 0.5148809523809523 0.8095238095238095 0.5208333333333334 0.8035714285714286 0.5208333333333334 0.8005952380952381 0.5327380952380952 0.7886904761904762
1 0.4851190476190476 0.7886904761904762 0.48214285714285715 0.7916666666666666 0.49107142857142855 0.7916666666666666 0.49107142857142855 0.7886904761904762
1 0.5476190476190477 0.7767857142857143
1 0.48214285714285715 0.7767857142857143
1 0.44642857142857145 0.7738095238095238 0.47023809523809523 0.7738095238095238 0.4732142857142857 0.7767857142857143 0.47023809523809523 0.7738095238095238
1 0.4494047619047619 0.7678571428571429
1 0.4107142857142857 0.7648809523809523 0.4107142857142857 0.7678571428571429 0.4166666666666667 0.7738095238095238 0.4166666666666667 0.7767857142857143 0.41964285714285715 0.7767857142857143 0.4255952380952381 0.7708333333333334 0.42857142857142855 0.7708333333333334 0.43154761904761907 0.7678571428571429 0.44345238095238093 0.7678571428571429 0.43452380952380953 0.7678571428571429 0.43154761904761907 0.7648809523809523
1 0.6398809523809523 0.7232142857142857 0.6369047619047619 0.7261904761904762 0.6339285714285714 0.7261904761904762 0.6339285714285714 0.7291666666666666 0.6369047619047619 0.7321428571428571 0.6369047619047619 0.7351190476190477 0.6428571428571429 0.7351190476190477 0.6458333333333334 0.7321428571428571 0.6577380952380952 0.7321428571428571 0.6488095238095238 0.7321428571428571 0.6458333333333334 0.7291666666666666 0.6458333333333334 0.7232142857142857
1 0.6071428571428571 0.7232142857142857 0.6101190476190477 0.7232142857142857 0.6130952380952381 0.7261904761904762 0.6101190476190477 0.7291666666666666 0.6071428571428571 0.7291666666666666 0.6101190476190477 0.7321428571428571 0.6071428571428571 0.7351190476190477 0.6101190476190477 0.7321428571428571 0.6130952380952381 0.7321428571428571 0.6160714285714286 0.7291666666666666 0.6130952380952381 0.7261904761904762 0.6160714285714286 0.7232142857142857 0.6190476190476191 0.7232142857142857
1 0.29464285714285715 0.7232142857142857 0.2916666666666667 0.7261904761904762 0.29464285714285715 0.7261904761904762 0.2976190476190476 0.7232142857142857
1 0.6458333333333334 0.7142857142857143 0.6488095238095238 0.7142857142857143
1 0.33035714285714285 0.7083333333333334 0.33630952380952384 0.7083333333333334
1 0.35714285714285715 0.6607142857142857 0.3541666666666667 0.6636904761904762 0.3482142857142857 0.6636904761904762 0.35119047619047616 0.6636904761904762 0.3541666666666667 0.6666666666666666 0.3601190476190476 0.6607142857142857
1 0.4791666666666667 0.6577380952380952 0.47619047619047616 0.6607142857142857 0.4732142857142857 0.6607142857142857 0.47619047619047616 0.6636904761904762 0.49107142857142855 0.6636904761904762 0.4880952380952381 0.6607142857142857 0.49107142857142855 0.6577380952380952
