1 0.4640625 0.796875 0.4640625 0.7984375 0.4625 0.8 0.4609375 0.8 0.4609375 0.8046875 0.459375 0.80625 0.4578125 0.80625 0.4578125 0.8109375 0.475 0.8109375 0.475 0.80625 0.4765625 0.8046875 0.478125 0.8046875 0.478125 0.8 0.4734375 0.8 0.471875 0.7984375 0.471875 0.796875
1 0.4875 0.7953125 0.4875 0.7984375 0.4890625 0.7984375 0.490625 0.8 0.490625 0.8015625 0.4984375 0.8015625 0.4984375 0.7953125
1 0.5796875 0.7734375 0.5796875 0.775 0.578125 0.7765625 0.578125 0.778125 0.584375 0.778125 0.584375 0.7765625 0.5859375 0.775 0.5875 0.775 0.5875 0.7734375
1 0.55 0.7609375 0.5484375 0.7625 0.5359375 0.7625 0.534375 0.7640625 0.5328125 0.7640625 0.5328125 0.7671875 0.534375 0.7671875 0.5359375 0.765625 0.5484375 0.765625 0.55 0.7640625 0.5515625 0.7640625 0.5515625 0.7609375
1 0.6484375 0.759375 0.6484375 0.7609375 0.65 0.7609375 0.6515625 0.7625 0.6515625 0.7640625 0.65 0.765625 0.6484375 0.765625 0.646875 0.7640625 0.6421875 0.7640625 0.6421875 0.7671875 0.65 0.7671875 0.6515625 0.765625 0.659375 0.765625 0.6609375 0.7671875 0.6625 0.7671875 0.6625 0.7640625 0.6609375 0.7640625 0.659375 0.7625 0.6578125 0.7625 0.65625 0.7609375 0.65625 0.759375
1 0.496875 0.759375 0.4953125 0.7609375 0.49375 0.7609375 0.49375 0.7640625 0.4953125 0.7640625 0.496875 0.765625 0.5078125 0.765625 0.5078125 0.7625 0.509375 0.7609375 0.5140625 0.7609375 0.5140625 0.759375
1 0.68125 0.7375 0.68125 0.7421875 0.6921875 0.7421875 0.6921875 0.7375
1 0.56875 0.7265625 0.56875 0.728125 0.5703125 0.728125 0.571875 0.7296875 0.571875 0.7359375 0.584375 0.7359375 0.584375 0.7296875 0.5859375 0.728125 0.590625 0.728125 0.590625 0.7265625
1 0.4046875 0.7234375 0.4046875 0.725 0.40625 0.725 0.40625 0.7234375
1 0.690625 0.7140625 0.690625 0.721875 0.6890625 0.7234375 0.68125 0.7234375 0.68125 0.725 0.6984375 0.725 0.6984375 0.7203125 0.696875 0.7203125 0.6953125 0.71875 0.6953125 0.7140625
1 0.6609375 0.69375 0.6609375 0.6984375 0.659375 0.7 0.6546875 0.7 0.6546875 0.70625 0.653125 0.7078125 0.6515625 0.7078125 0.6515625 0.7125 0.65 0.7140625 0.6453125 0.7140625 0.6453125 0.71875 0.64375 0.7203125 0.6421875 0.7203125 0.6421875 0.721875 0.640625 0.7234375 0.634375 0.7234375 0.634375 0.725 0.6328125 0.7265625 0.625 0.7265625 0.625 0.728125 0.6234375 0.7296875 0.621875 0.7296875 0.621875 0.7328125 0.6203125 0.734375 0.615625 0.734375 0.615625 0.7375 0.6203125 0.7375 0.621875 0.7359375 0.6234375 0.7359375 0.625 0.7375 0.625 0.7421875 0.6265625 0.7421875 0.628125 0.74375 0.628125 0.7484375 0.6390625 0.7484375 0.6390625 0.746875 0.640625 0.7453125 0.646875 0.7453125 0.646875 0.74375 0.6375 0.74375 0.6359375 0.7421875 0.6359375 0.740625 0.6375 0.7390625 0.640625 0.7390625 0.640625 0.7375 0.6421875 0.7359375 0.65625 0.7359375 0.65625 0.734375 0.6578125 0.7328125 0.6734375 0.7328125 0.6734375 0.7234375 0.671875 0.7234375 0.6703125 0.721875 0.6703125 0.7203125 0.671875 0.71875 0.6734375 0.71875 0.6734375 0.7078125 0.671875 0.7078125 0.6703125 0.70625 0.6703125 0.7046875 0.66875 0.703125 0.66875 0.7 0.6671875 0.7 0.665625 0.6984375 0.665625 0.69375
1 0.365625 0.6875 0.365625 0.6921875 0.3640625 0.69375 0.359375 0.69375 0.359375 0.6984375 0.3609375 0.6984375 0.3625 0.696875 0.3640625 0.696875 0.365625 0.6984375 0.365625 0.7015625 0.3640625 0.703125 0.3625 0.703125 0.3609375 0.7046875 0.359375 0.7046875 0.359375 0.709375 0.3640625 0.709375 0.365625 0.7109375 0.365625 0.7125 0.3796875 0.7125 0.3796875 0.7109375 0.38125 0.709375 0.3890625 0.709375 0.3890625 0.7078125 0.384375 0.7078125 0.3828125 0.70625 0.3828125 0.7046875 0.38125 0.7046875 0.3796875 0.703125 0.3796875 0.7 0.38125 0.6984375 0.3828125 0.6984375 0.3828125 0.696875 0.384375 0.6953125 0.3859375 0.6953125 0.3859375 0.690625 0.38125 0.690625 0.3796875 0.6890625 0.3796875 0.6875
1 0.6578125 0.684375 0.6578125 0.6890625 0.66875 0.6890625 0.66875 0.684375
1 0.5625 0.68125 0.5625 0.6828125 0.5640625 0.6828125 0.565625 0.684375 0.565625 0.6953125 0.5640625 0.696875 0.5625 0.696875 0.5625 0.6984375 0.5640625 0.6984375 0.565625 0.7 0.565625 0.7015625 0.5671875 0.7015625 0.56875 0.703125 0.56875 0.7046875 0.5703125 0.7046875 0.5703125 0.703125 0.56875 0.703125 0.5671875 0.7015625 0.5671875 0.6984375 0.56875 0.696875 0.5703125 0.696875 0.5703125 0.69375 0.571875 0.6921875 0.5734375 0.6921875 0.5734375 0.6875 0.575 0.6859375 0.5765625 0.6859375 0.5765625 0.68125
1 0.734375 0.6578125 0.734375 0.659375 0.7359375 0.6609375 0.7359375 0.665625 0.7375 0.6671875 0.7375 0.66875 0.7484375 0.66875 0.7484375 0.6671875 0.75 0.665625 0.7546875 0.665625 0.7546875 0.6609375 0.74375 0.6609375 0.74375 0.665625 0.7421875 0.6671875 0.740625 0.6671875 0.7390625 0.665625 0.7390625 0.6609375 0.7375 0.659375 0.7375 0.6578125
1 0.759375 0.6453125 0.759375 0.646875 0.7609375 0.646875 0.7625 0.6484375 0.7625 0.65 0.765625 0.65 0.765625 0.6484375 0.7625 0.6484375 0.7609375 0.646875 0.7609375 0.6453125
