1 0.4640625 0.796875 0.4640625 0.7984375 0.465625 0.7984375 0.4671875 0.8 0.4671875 0.803125 0.465625 0.8046875 0.4640625 0.8046875 0.4625 0.803125 0.4609375 0.803125 0.4609375 0.8046875 0.4625 0.8046875 0.4640625 0.80625 0.4640625 0.8078125 0.471875 0.8078125 0.471875 0.80625 0.4734375 0.8046875 0.475 0.8046875 0.475 0.8 0.4703125 0.8 0.46875 0.7984375 0.46875 0.796875
1 0.490625 0.7953125 0.490625 0.7984375 0.4890625 0.8 0.4875 0.8 0.4875 0.8015625 0.4953125 0.8015625 0.4953125 0.8 0.496875 0.7984375 0.4984375 0.7984375 0.4984375 0.7953125
1 0.578125 0.7796875 0.578125 0.78125 0.5796875 0.7828125 0.5796875 0.784375 0.584375 0.784375 0.584375 0.7796875
1 0.578125 0.7734375 0.578125 0.775 0.584375 0.775 0.584375 0.7734375
1 0.5390625 0.759375 0.5390625 0.765625 0.54375 0.765625 0.54375 0.7625 0.5453125 0.7609375 0.5453125 0.759375
1 0.496875 0.759375 0.496875 0.7625 0.5015625 0.7625 0.503125 0.7640625 0.5046875 0.7640625 0.5046875 0.7609375 0.503125 0.7609375 0.5015625 0.759375
1 0.68125 0.740625 0.68125 0.7421875 0.6859375 0.7421875 0.6859375 0.740625
1 0.6765625 0.73125 0.6765625 0.734375 0.6796875 0.734375 0.6796875 0.73125
1 0.325 0.7296875 0.325 0.7359375 0.33125 0.7359375 0.33125 0.7328125 0.3296875 0.7328125 0.328125 0.73125 0.328125 0.7296875
1 0.578125 0.7265625 0.578125 0.73125 0.5765625 0.7328125 0.575 0.7328125 0.575 0.7359375 0.58125 0.7359375 0.58125 0.734375 0.5828125 0.7328125 0.584375 0.7328125 0.584375 0.7296875 0.5828125 0.7296875 0.58125 0.728125 0.58125 0.7265625
1 0.690625 0.7171875 0.690625 0.71875 0.6890625 0.7203125 0.6875 0.7203125 0.6875 0.721875 0.6953125 0.721875 0.6953125 0.7203125 0.696875 0.71875 0.6984375 0.71875 0.6984375 0.7171875
1 0.6546875 0.7 0.6546875 0.7015625 0.653125 0.703125 0.6515625 0.703125 0.6515625 0.70625 0.65 0.7078125 0.6484375 0.7078125 0.6484375 0.715625 0.646875 0.7171875 0.6421875 0.7171875 0.6421875 0.71875 0.640625 0.7203125 0.640625 0.721875 0.6390625 0.7234375 0.634375 0.7234375 0.634375 0.725 0.6328125 0.7265625 0.628125 0.7265625 0.628125 0.728125 0.6265625 0.7296875 0.625 0.7296875 0.625 0.73125 0.6234375 0.7328125 0.61875 0.7328125 0.6171875 0.73125 0.615625 0.73125 0.615625 0.734375 0.6171875 0.734375 0.61875 0.7359375 0.6203125 0.7359375 0.621875 0.7375 0.621875 0.7390625 0.6234375 0.7390625 0.625 0.740625 0.625 0.7421875 0.6390625 0.7421875 0.640625 0.74375 0.640625 0.7453125 0.6390625 0.746875 0.634375 0.746875 0.634375 0.7484375 0.6359375 0.7484375 0.6375 0.75 0.6375 0.7515625 0.646875 0.7515625 0.6484375 0.753125 0.6484375 0.7546875 0.646875 0.75625 0.6453125 0.75625 0.6453125 0.7578125 0.64375 0.759375 0.6375 0.759375 0.6375 0.7609375 0.665625 0.7609375 0.665625 0.759375 0.6609375 0.759375 0.659375 0.7578125 0.659375 0.75625 0.6609375 0.7546875 0.665625 0.7546875 0.665625 0.753125 0.6578125 0.753125 0.65625 0.7515625 0.65625 0.75 0.6578125 0.7484375 0.6703125 0.7484375 0.6703125 0.746875 0.6578125 0.746875 0.65625 0.7453125 0.65625 0.74375 0.640625 0.74375 0.6390625 0.7421875 0.6390625 0.740625 0.640625 0.7390625 0.65625 0.7390625 0.6578125 0.740625 0.6625 0.740625 0.6625 0.7375 0.6453125 0.7375 0.64375 0.7359375 0.64375 0.734375 0.6453125 0.7328125 0.6625 0.7328125 0.6640625 0.73125 0.6671875 0.73125 0.66875 0.7328125 0.6703125 0.7328125 0.6703125 0.7296875 0.66875 0.728125 0.66875 0.7265625 0.6703125 0.725 0.6734375 0.725 0.6734375 0.7234375 0.671875 0.7234375 0.6703125 0.721875 0.6703125 0.7140625 0.671875 0.7125 0.6734375 0.7125 0.6734375 0.7109375 0.6703125 0.7109375 0.66875 0.709375 0.66875 0.7078125 0.6703125 0.70625 0.6703125 0.7046875 0.66875 0.703125 0.6640625 0.703125 0.6625 0.7015625 0.6609375 0.7015625 0.659375 0.7
1 0.6546875 0.690625 0.6546875 0.6921875 0.659375 0.6921875 0.6609375 0.69375 0.6609375 0.6953125 0.6625 0.6953125 0.6625 0.69375 0.6609375 0.69375 0.659375 0.6921875 0.659375 0.690625
1 0.359375 0.690625 0.359375 0.6953125 0.3578125 0.696875 0.3578125 0.6984375 0.3640625 0.6984375 0.365625 0.7 0.365625 0.703125 0.3640625 0.7046875 0.359375 0.7046875 0.359375 0.70625 0.3671875 0.70625 0.36875 0.7078125 0.36875 0.709375 0.3765625 0.709375 0.3765625 0.7078125 0.378125 0.70625 0.3796875 0.70625 0.3796875 0.7046875 0.38125 0.703125 0.3828125 0.703125 0.3828125 0.69375 0.38125 0.69375 0.3796875 0.6921875 0.3796875 0.690625
1 0.746875 0.6609375 0.746875 0.6625 0.7578125 0.6625 0.7578125 0.6609375
1 0.75 0.6515625 0.75 0.653125 0.7609375 0.653125 0.7609375 0.6515625
