1 0.55625 0.7703125 0.55625 0.771875 0.5546875 0.7734375 0.55 0.7734375 0.55 0.775 0.5578125 0.775 0.5578125 0.7734375 0.559375 0.771875 0.5640625 0.771875 0.5640625 0.7703125
1 0.5203125 0.753125 0.5203125 0.7546875 0.521875 0.7546875 0.5234375 0.75625 0.5234375 0.7578125 0.521875 0.759375 0.5171875 0.759375 0.5171875 0.7609375 0.521875 0.7609375 0.5234375 0.7625 0.5234375 0.765625 0.534375 0.765625 0.534375 0.7625 0.5359375 0.7609375 0.5375 0.7609375 0.5375 0.759375 0.5359375 0.759375 0.534375 0.7578125 0.534375 0.75625 0.5296875 0.75625 0.528125 0.7546875 0.528125 0.753125
1 0.371875 0.7171875 0.371875 0.71875 0.3734375 0.71875 0.375 0.7203125 0.375 0.721875 0.3765625 0.721875 0.378125 0.7234375 0.378125 0.725 0.3828125 0.725 0.3828125 0.7203125 0.38125 0.7203125 0.3796875 0.71875 0.3796875 0.7171875
1 0.6578125 0.7078125 0.6578125 0.7125 0.659375 0.7125 0.6609375 0.7140625 0.6609375 0.715625 0.6625 0.715625 0.6640625 0.7171875 0.6640625 0.71875 0.665625 0.71875 0.6671875 0.7203125 0.6671875 0.721875 0.6734375 0.721875 0.6734375 0.7203125 0.671875 0.7203125 0.6703125 0.71875 0.6703125 0.7171875 0.671875 0.715625 0.6734375 0.715625 0.6734375 0.7140625 0.671875 0.7140625 0.6703125 0.7125 0.6703125 0.7078125
1 0.4546875 0.6609375 0.4546875 0.6625 0.4625 0.6625 0.4625 0.6609375
1 0.3359375 0.6609375 0.3359375 0.665625 0.340625 0.665625 0.340625 0.6609375
1 0.6640625 0.6484375 0.6640625 0.65 0.6625 0.6515625 0.6609375 0.6515625 0.6609375 0.653125 0.6625 0.653125 0.6640625 0.6546875 0.6640625 0.65625 0.66875 0.65625 0.66875 0.6515625 0.6671875 0.6515625 0.665625 0.65 0.665625 0.6484375
1 0.571875 0.6359375 0.571875 0.6390625 0.584375 0.6390625 0.584375 0.6359375
1 0.6484375 0.634375 0.6484375 0.6375 0.653125 0.6375 0.653125 0.634375
1 0.634375 0.625 0.634375 0.6265625 0.640625 0.6265625 0.640625 0.625
1 0.6546875 0.6125 0.6546875 0.6171875 0.653125 0.61875 0.6515625 0.61875 0.6515625 0.6203125 0.65625 0.6203125 0.6578125 0.621875 0.6578125 0.6234375 0.6625 0.6234375 0.6625 0.61875 0.6640625 0.6171875 0.665625 0.6171875 0.665625 0.615625 0.6640625 0.615625 0.6625 0.6140625 0.6625 0.6125
1 0.5984375 0.6078125 0.5984375 0.6109375 0.6 0.6109375 0.6015625 0.6125 0.603125 0.6125 0.6046875 0.6140625 0.6046875 0.6203125 0.60625 0.6203125 0.6078125 0.621875 0.6078125 0.6234375 0.60625 0.625 0.6015625 0.625 0.6015625 0.6265625 0.6109375 0.6265625 0.6125 0.628125 0.6125 0.6296875 0.6265625 0.6296875 0.628125 0.63125 0.628125 0.6328125 0.64375 0.6328125 0.64375 0.63125 0.628125 0.63125 0.6265625 0.6296875 0.6265625 0.628125 0.625 0.628125 0.6234375 0.6265625 0.6234375 0.625 0.625 0.6234375 0.6265625 0.6234375 0.6265625 0.621875 0.61875 0.621875 0.6171875 0.6203125 0.6171875 0.61875 0.61875 0.6171875 0.6203125 0.6171875 0.6203125 0.615625 0.615625 0.615625 0.6140625 0.6140625 0.6140625 0.6125 0.6078125 0.6125 0.60625 0.6109375 0.60625 0.609375 0.6015625 0.609375 0.6 0.6078125
