1 0.671875 0.875 0.671875 0.8765625 0.6734375 0.8765625 0.675 0.878125 0.675 0.8859375 0.6828125 0.8859375 0.6828125 0.878125 0.68125 0.878125 0.6796875 0.8765625 0.6796875 0.875
1 0.6375 0.825 0.6359375 0.8265625 0.63125 0.8265625 0.63125 0.8296875 0.6359375 0.8296875 0.6375 0.828125 0.646875 0.828125 0.6484375 0.8296875 0.65 0.8296875 0.65 0.8265625 0.6484375 0.8265625 0.646875 0.825
1 0.44375 0.80625 0.44375 0.8078125 0.4484375 0.8078125 0.4484375 0.80625
1 0.496875 0.7984375 0.4953125 0.8 0.49375 0.8 0.49375 0.8015625 0.4984375 0.8015625 0.4984375 0.7984375
1 0.4671875 0.796875 0.4671875 0.8015625 0.465625 0.803125 0.4640625 0.803125 0.4640625 0.8109375 0.465625 0.8109375 0.4671875 0.8125 0.4671875 0.8140625 0.46875 0.8140625 0.46875 0.8125 0.4703125 0.8109375 0.471875 0.8109375 0.471875 0.8 0.4703125 0.8 0.46875 0.7984375 0.46875 0.796875
1 0.575 0.7765625 0.575 0.778125 0.5734375 0.7796875 0.5734375 0.784375 0.5765625 0.784375 0.5765625 0.7796875 0.578125 0.778125 0.578125 0.7765625
1 0.496875 0.7625 0.496875 0.76875 0.4984375 0.76875 0.5 0.7703125 0.5 0.771875 0.5046875 0.771875 0.5046875 0.7671875 0.503125 0.7671875 0.5015625 0.765625 0.5015625 0.7625
1 0.5390625 0.7609375 0.5390625 0.7640625 0.540625 0.7640625 0.540625 0.7609375
1 0.6421875 0.759375 0.6421875 0.7625 0.65 0.7625 0.6515625 0.7609375 0.653125 0.7609375 0.653125 0.759375
1 0.63125 0.759375 0.63125 0.7625 0.6328125 0.7625 0.634375 0.7640625 0.6359375 0.7640625 0.6359375 0.7609375 0.634375 0.7609375 0.6328125 0.759375
1 0.61875 0.746875 0.61875 0.7484375 0.6203125 0.7484375 0.6203125 0.746875
1 0.328125 0.7328125 0.328125 0.7359375 0.33125 0.7359375 0.33125 0.7328125
1 0.3984375 0.7203125 0.3984375 0.725 0.40625 0.725 0.40625 0.7203125
1 0.384375 0.7203125 0.384375 0.725 0.3859375 0.725 0.3859375 0.7203125
1 0.6875 0.7078125 0.6875 0.709375 0.6859375 0.7109375 0.68125 0.7109375 0.68125 0.721875 0.6859375 0.721875 0.6875 0.7234375 0.6875 0.725 0.6953125 0.725 0.6953125 0.7234375 0.696875 0.721875 0.6984375 0.721875 0.6984375 0.7203125 0.7 0.71875 0.7015625 0.71875 0.7015625 0.7109375 0.7 0.7109375 0.6984375 0.709375 0.6984375 0.7078125
1 0.6640625 0.69375 0.6640625 0.6953125 0.6625 0.696875 0.6609375 0.696875 0.6609375 0.7015625 0.659375 0.703125 0.6578125 0.703125 0.65625 0.7046875 0.6546875 0.7046875 0.6546875 0.709375 0.653125 0.7109375 0.6515625 0.7109375 0.6515625 0.7125 0.65 0.7140625 0.6421875 0.7140625 0.6421875 0.715625 0.640625 0.7171875 0.640625 0.71875 0.6390625 0.7203125 0.6375 0.7203125 0.6375 0.721875 0.6359375 0.7234375 0.625 0.7234375 0.625 0.725 0.6234375 0.7265625 0.615625 0.7265625 0.615625 0.728125 0.6203125 0.728125 0.621875 0.7296875 0.621875 0.73125 0.6203125 0.7328125 0.6125 0.7328125 0.6109375 0.73125 0.609375 0.73125 0.609375 0.734375 0.6109375 0.734375 0.6125 0.7359375 0.6140625 0.7359375 0.615625 0.7375 0.615625 0.7390625 0.6234375 0.7390625 0.625 0.740625 0.625 0.7484375 0.6296875 0.7484375 0.63125 0.75 0.63125 0.7515625 0.6296875 0.753125 0.628125 0.753125 0.628125 0.7546875 0.6625 0.7546875 0.6625 0.753125 0.6609375 0.753125 0.659375 0.7515625 0.659375 0.75 0.6609375 0.7484375 0.665625 0.7484375 0.665625 0.746875 0.6640625 0.746875 0.6625 0.7453125 0.6625 0.7375 0.6640625 0.7359375 0.665625 0.7359375 0.665625 0.734375 0.6671875 0.7328125 0.66875 0.7328125 0.6703125 0.734375 0.6765625 0.734375 0.678125 0.7359375 0.6828125 0.7359375 0.6828125 0.7328125 0.678125 0.7328125 0.6765625 0.73125 0.671875 0.73125 0.6703125 0.7328125 0.66875 0.73125 0.66875 0.7296875 0.6703125 0.728125 0.6703125 0.7265625 0.66875 0.725 0.66875 0.7203125 0.6703125 0.71875 0.6703125 0.7140625 0.671875 0.7125 0.6734375 0.7125 0.6734375 0.7078125 0.671875 0.7078125 0.6703125 0.70625 0.6703125 0.703125 0.66875 0.7015625 0.66875 0.696875 0.6671875 0.696875 0.665625 0.6953125 0.665625 0.69375
1 0.365625 0.6875 0.365625 0.6890625 0.3640625 0.690625 0.3625 0.690625 0.3625 0.7125 0.3828125 0.7125 0.3828125 0.7109375 0.384375 0.709375 0.3859375 0.709375 0.3859375 0.7 0.3875 0.6984375 0.3890625 0.6984375 0.3890625 0.69375 0.3875 0.69375 0.3859375 0.6921875 0.3859375 0.690625 0.384375 0.690625 0.3828125 0.6890625 0.3828125 0.6875
1 0.734375 0.6609375 0.734375 0.6625 0.7328125 0.6640625 0.7328125 0.66875 0.7453125 0.66875 0.7453125 0.6671875 0.746875 0.665625 0.7484375 0.665625 0.7484375 0.6640625 0.746875 0.6640625 0.7453125 0.6625 0.7453125 0.6609375
