1 0.4226190476190476 0.8333333333333334 0.4255952380952381 0.8363095238095238 0.4226190476190476 0.8392857142857143 0.43452380952380953 0.8392857142857143 0.4375 0.8363095238095238 0.44047619047619047 0.8363095238095238 0.4375 0.8363095238095238 0.43452380952380953 0.8333333333333334
1 0.5714285714285714 0.7738095238095238 0.5684523809523809 0.7767857142857143 0.5684523809523809 0.7797619047619048 0.5654761904761905 0.7827380952380952 0.5625 0.7827380952380952 0.5803571428571429 0.7827380952380952 0.5803571428571429 0.7767857142857143 0.5833333333333334 0.7738095238095238
1 0.6011904761904762 0.7261904761904762 0.6011904761904762 0.7291666666666666 0.6101190476190477 0.7291666666666666 0.6101190476190477 0.7261904761904762
1 0.6845238095238095 0.7083333333333334 0.6845238095238095 0.7113095238095238 0.6815476190476191 0.7142857142857143 0.6696428571428571 0.7142857142857143 0.6696428571428571 0.7172619047619048 0.6815476190476191 0.7172619047619048 0.6815476190476191 0.7142857142857143 0.6845238095238095 0.7113095238095238 0.6875 0.7113095238095238 0.6875 0.7083333333333334
1 0.37797619047619047 0.7023809523809523 0.375 0.7053571428571429 0.36607142857142855 0.7053571428571429 0.3630952380952381 0.7083333333333334 0.37797619047619047 0.7083333333333334 0.38095238095238093 0.7053571428571429 0.38095238095238093 0.7023809523809523
1 0.37797619047619047 0.6904761904761905 0.38095238095238093 0.6904761904761905
1 0.6755952380952381 0.6785714285714286 0.6755952380952381 0.6815476190476191 0.6726190476190477 0.6845238095238095 0.6726190476190477 0.6875 0.6696428571428571 0.6904761904761905 0.6666666666666666 0.6904761904761905 0.6636904761904762 0.6934523809523809 0.6636904761904762 0.6964285714285714 0.6607142857142857 0.6994047619047619 0.6547619047619048 0.6994047619047619 0.6547619047619048 0.7023809523809523 0.6517857142857143 0.7053571428571429 0.6220238095238095 0.7053571428571429 0.6190476190476191 0.7023809523809523 0.6190476190476191 0.6994047619047619 0.6130952380952381 0.6994047619047619 0.6101190476190477 0.6964285714285714 0.6101190476190477 0.6934523809523809 0.6101190476190477 0.6964285714285714 0.6130952380952381 0.6994047619047619 0.6130952380952381 0.7053571428571429 0.6160714285714286 0.7083333333333334 0.6160714285714286 0.7113095238095238 0.6220238095238095 0.7113095238095238 0.625 0.7142857142857143 0.625 0.7172619047619048 0.6339285714285714 0.7172619047619048 0.6369047619047619 0.7202380952380952 0.6339285714285714 0.7232142857142857 0.6309523809523809 0.7232142857142857 0.6369047619047619 0.7291666666666666 0.6369047619047619 0.7321428571428571 0.6398809523809523 0.7351190476190477 0.6577380952380952 0.7351190476190477 0.6607142857142857 0.7321428571428571 0.6666666666666666 0.7321428571428571 0.6666666666666666 0.7291666666666666 0.6696428571428571 0.7261904761904762 0.6696428571428571 0.7232142857142857 0.6577380952380952 0.7232142857142857 0.6547619047619048 0.7202380952380952 0.6577380952380952 0.7172619047619048 0.6577380952380952 0.7083333333333334 0.6607142857142857 0.7053571428571429 0.6636904761904762 0.7053571428571429 0.6666666666666666 0.7023809523809523 0.6785714285714286 0.7023809523809523 0.6785714285714286 0.6994047619047619 0.6815476190476191 0.6964285714285714 0.6815476190476191 0.6904761904761905 0.6845238095238095 0.6875 0.6845238095238095 0.6845238095238095 0.6815476190476191 0.6815476190476191 0.6815476190476191 0.6785714285714286
1 0.7232142857142857 0.6666666666666666
1 0.7291666666666666 0.6577380952380952
1 0.43452380952380953 0.5386904761904762 0.4255952380952381 0.5476190476190477 0.41964285714285715 0.5476190476190477 0.4166666666666667 0.5505952380952381 0.40773809523809523 0.5505952380952381 0.40773809523809523 0.5535714285714286 0.41964285714285715 0.5535714285714286 0.4226190476190476 0.5565476190476191 0.43452380952380953 0.5565476190476191 0.4375 0.5535714285714286 0.43452380952380953 0.5505952380952381 0.4375 0.5476190476190477 0.44642857142857145 0.5476190476190477 0.44047619047619047 0.5476190476190477 0.4375 0.5446428571428571 0.44345238095238093 0.5386904761904762
