1 0.4609375 0.81875 0.4609375 0.8203125 0.471875 0.8203125 0.471875 0.81875
1 0.6671875 0.759375 0.6671875 0.7625 0.665625 0.7640625 0.6640625 0.7640625 0.6640625 0.7671875 0.665625 0.7671875 0.6671875 0.765625 0.6828125 0.765625 0.684375 0.7671875 0.6859375 0.7671875 0.6859375 0.7640625 0.684375 0.7640625 0.6828125 0.7625 0.68125 0.7625 0.6796875 0.7609375 0.6796875 0.759375
1 0.5125 0.753125 0.5125 0.7578125 0.5140625 0.7578125 0.515625 0.759375 0.515625 0.7640625 0.528125 0.7640625 0.528125 0.753125
1 0.703125 0.74375 0.703125 0.7453125 0.7015625 0.746875 0.7 0.746875 0.7 0.7484375 0.7125 0.7484375 0.7125 0.746875 0.7140625 0.7453125 0.715625 0.7453125 0.715625 0.74375
1 0.44375 0.74375 0.44375 0.7453125 0.4484375 0.7453125 0.4484375 0.74375
1 0.378125 0.7375 0.378125 0.7421875 0.3859375 0.7421875 0.3875 0.74375 0.3875 0.7453125 0.3859375 0.746875 0.384375 0.746875 0.384375 0.7484375 0.390625 0.7484375 0.390625 0.740625 0.3890625 0.7390625 0.3890625 0.7375
1 0.7 0.734375 0.7 0.7375 0.703125 0.7375 0.703125 0.734375
1 0.3625 0.7140625 0.3625 0.715625 0.3609375 0.7171875 0.359375 0.7171875 0.359375 0.71875 0.3578125 0.7203125 0.3578125 0.721875 0.359375 0.7234375 0.359375 0.725 0.3859375 0.725 0.3859375 0.7234375 0.3875 0.721875 0.39375 0.721875 0.39375 0.7203125 0.3953125 0.71875 0.396875 0.71875 0.396875 0.7171875 0.3875 0.7171875 0.3859375 0.715625 0.3859375 0.7140625
1 0.6484375 0.7046875 0.6484375 0.7078125 0.665625 0.7078125 0.6671875 0.70625 0.66875 0.70625 0.66875 0.7046875
1 0.6390625 0.7046875 0.6390625 0.70625 0.6421875 0.70625 0.6421875 0.7046875
1 0.625 0.7046875 0.625 0.70625 0.6296875 0.70625 0.6296875 0.7046875
1 0.43125 0.7046875 0.43125 0.7125 0.4328125 0.7125 0.434375 0.7140625 0.434375 0.715625 0.4328125 0.7171875 0.43125 0.7171875 0.43125 0.71875 0.4421875 0.71875 0.4421875 0.7171875 0.44375 0.715625 0.4453125 0.715625 0.4453125 0.7109375 0.446875 0.709375 0.4484375 0.709375 0.4484375 0.7078125 0.446875 0.7078125 0.4453125 0.70625 0.4453125 0.7046875
1 0.671875 0.68125 0.671875 0.6828125 0.6796875 0.6828125 0.6796875 0.68125
1 0.6671875 0.675 0.6671875 0.6765625 0.6703125 0.6765625 0.6703125 0.675
1 0.6609375 0.66875 0.6609375 0.671875 0.6625 0.671875 0.6625 0.66875
1 0.615625 0.6671875 0.615625 0.6765625 0.6171875 0.6765625 0.61875 0.678125 0.61875 0.6796875 0.6234375 0.6796875 0.625 0.68125 0.625 0.6890625 0.6265625 0.6890625 0.628125 0.690625 0.628125 0.6953125 0.64375 0.6953125 0.6453125 0.696875 0.6453125 0.7015625 0.646875 0.7015625 0.6484375 0.7 0.665625 0.7 0.665625 0.696875 0.6578125 0.696875 0.65625 0.6953125 0.65625 0.69375 0.6578125 0.6921875 0.659375 0.6921875 0.659375 0.690625 0.6546875 0.690625 0.6546875 0.6921875 0.653125 0.69375 0.6484375 0.69375 0.646875 0.6921875 0.646875 0.684375 0.6453125 0.684375 0.64375 0.6828125 0.64375 0.68125 0.6453125 0.6796875 0.65 0.6796875 0.65 0.678125 0.6484375 0.678125 0.646875 0.6765625 0.646875 0.671875 0.640625 0.671875 0.6390625 0.6703125 0.6390625 0.6671875
1 0.4546875 0.6640625 0.4546875 0.665625 0.45625 0.665625 0.4578125 0.6671875 0.4578125 0.66875 0.4625 0.66875 0.4625 0.6640625
1 0.38125 0.6578125 0.38125 0.6625 0.3796875 0.6640625 0.378125 0.6640625 0.3765625 0.6625 0.3765625 0.6609375 0.375 0.6609375 0.375 0.6625 0.3765625 0.6625 0.378125 0.6640625 0.378125 0.665625 0.390625 0.665625 0.390625 0.6640625 0.3921875 0.6625 0.39375 0.6625 0.39375 0.6578125
1 0.3328125 0.6578125 0.3328125 0.6625 0.33125 0.6640625 0.3296875 0.6640625 0.3296875 0.665625 0.33125 0.665625 0.3328125 0.6671875 0.3328125 0.6703125 0.340625 0.6703125 0.3421875 0.66875 0.346875 0.66875 0.346875 0.6671875 0.3453125 0.6671875 0.34375 0.665625 0.34375 0.6640625 0.3421875 0.6640625 0.340625 0.6625 0.340625 0.6609375 0.3390625 0.6609375 0.3375 0.659375 0.3375 0.6578125
1 0.68125 0.6546875 0.68125 0.6625 0.6859375 0.6625 0.6859375 0.6609375 0.6875 0.659375 0.6890625 0.659375 0.6890625 0.6546875
1 0.6546875 0.634375 0.6546875 0.6375 0.659375 0.6375 0.659375 0.634375
1 0.6453125 0.634375 0.6453125 0.6375 0.65 0.6375 0.65 0.634375
1 0.6578125 0.609375 0.6578125 0.6140625 0.65625 0.615625 0.6484375 0.615625 0.6484375 0.6203125 0.65 0.6203125 0.6515625 0.621875 0.6515625 0.6234375 0.65 0.625 0.640625 0.625 0.640625 0.6296875 0.66875 0.6296875 0.66875 0.625 0.6703125 0.6234375 0.6703125 0.621875 0.66875 0.6203125 0.66875 0.609375
