1 0.5148809523809523 0.8214285714285714 0.5119047619047619 0.8244047619047619 0.5059523809523809 0.8244047619047619 0.5089285714285714 0.8244047619047619 0.5119047619047619 0.8273809523809523 0.5148809523809523 0.8273809523809523 0.5178571428571429 0.8244047619047619 0.5178571428571429 0.8214285714285714
1 0.5119047619047619 0.7886904761904762 0.5119047619047619 0.8035714285714286 0.5089285714285714 0.8065476190476191 0.5089285714285714 0.8095238095238095 0.5119047619047619 0.8095238095238095 0.5148809523809523 0.8125 0.5178571428571429 0.8095238095238095 0.5178571428571429 0.8005952380952381 0.5208333333333334 0.7976190476190477 0.5208333333333334 0.7946428571428571 0.5238095238095238 0.7916666666666666 0.5297619047619048 0.7916666666666666 0.5267857142857143 0.7886904761904762
1 0.4851190476190476 0.7886904761904762 0.4851190476190476 0.7916666666666666 0.4880952380952381 0.7916666666666666 0.4880952380952381 0.7886904761904762
1 0.5059523809523809 0.7827380952380952 0.5148809523809523 0.7827380952380952
1 0.4851190476190476 0.7797619047619048
1 0.4732142857142857 0.7797619047619048 0.47619047619047616 0.7797619047619048
1 0.46130952380952384 0.7797619047619048 0.4642857142857143 0.7797619047619048
1 0.4494047619047619 0.7738095238095238 0.47023809523809523 0.7738095238095238
1 0.4494047619047619 0.7678571428571429
1 0.4107142857142857 0.7648809523809523 0.4107142857142857 0.7678571428571429 0.41369047619047616 0.7708333333333334 0.4166666666666667 0.7708333333333334 0.41964285714285715 0.7738095238095238 0.42857142857142855 0.7738095238095238 0.42857142857142855 0.7708333333333334 0.43154761904761907 0.7678571428571429 0.44345238095238093 0.7678571428571429 0.43452380952380953 0.7678571428571429 0.43154761904761907 0.7648809523809523
1 0.5803571428571429 0.7619047619047619
1 0.6398809523809523 0.7232142857142857 0.6398809523809523 0.7261904761904762 0.6369047619047619 0.7291666666666666 0.6339285714285714 0.7291666666666666 0.6369047619047619 0.7321428571428571 0.6369047619047619 0.7351190476190477 0.6458333333333334 0.7351190476190477 0.6458333333333334 0.7261904761904762 0.6488095238095238 0.7232142857142857
1 0.2916666666666667 0.7232142857142857 0.28869047619047616 0.7261904761904762 0.28869047619047616 0.7321428571428571 0.29464285714285715 0.7321428571428571 0.29464285714285715 0.7261904761904762 0.2976190476190476 0.7232142857142857
1 0.6101190476190477 0.7202380952380952 0.6130952380952381 0.7232142857142857 0.6071428571428571 0.7291666666666666 0.6071428571428571 0.7351190476190477 0.6041666666666666 0.7380952380952381 0.6071428571428571 0.7380952380952381 0.6101190476190477 0.7351190476190477 0.6130952380952381 0.7351190476190477 0.6160714285714286 0.7321428571428571 0.6190476190476191 0.7321428571428571 0.6190476190476191 0.7291666666666666 0.6160714285714286 0.7261904761904762 0.6160714285714286 0.7232142857142857 0.6130952380952381 0.7232142857142857
1 0.3482142857142857 0.7083333333333334 0.35119047619047616 0.7083333333333334
1 0.3333333333333333 0.7083333333333334
1 0.34523809523809523 0.6904761904761905 0.34523809523809523 0.6934523809523809 0.34226190476190477 0.6964285714285714 0.34523809523809523 0.6964285714285714
1 0.34226190476190477 0.6845238095238095 0.34523809523809523 0.6845238095238095
1 0.3482142857142857 0.6755952380952381
1 0.3482142857142857 0.6636904761904762 0.3541666666666667 0.6696428571428571 0.3541666666666667 0.6666666666666666 0.35714285714285715 0.6636904761904762
1 0.4851190476190476 0.6547619047619048 0.4851190476190476 0.6577380952380952 0.48214285714285715 0.6607142857142857 0.4791666666666667 0.6607142857142857 0.48214285714285715 0.6636904761904762 0.49107142857142855 0.6636904761904762 0.49107142857142855 0.6607142857142857 0.4880952380952381 0.6607142857142857 0.4851190476190476 0.6577380952380952 0.4880952380952381 0.6547619047619048 0.49107142857142855 0.6547619047619048
1 0.36904761904761907 0.6488095238095238 0.36607142857142855 0.6517857142857143 0.375 0.6517857142857143 0.37202380952380953 0.6517857142857143
1 0.5654761904761905 0.5386904761904762 0.5625 0.5416666666666666 0.5595238095238095 0.5416666666666666 0.5654761904761905 0.5416666666666666 0.5684523809523809 0.5386904761904762
1 0.6011904761904762 0.5029761904761905 0.6101190476190477 0.5029761904761905
