1 0.5505952380952381 0.7886904761904762 0.5505952380952381 0.7916666666666666 0.5535714285714286 0.7916666666666666 0.5565476190476191 0.7886904761904762
1 0.5654761904761905 0.7827380952380952 0.5654761904761905 0.7857142857142857
1 0.4255952380952381 0.7470238095238095 0.42857142857142855 0.7470238095238095
1 0.7619047619047619 0.7261904761904762
1 0.3898809523809524 0.7261904761904762 0.3958333333333333 0.7261904761904762
1 0.6369047619047619 0.6607142857142857 0.6428571428571429 0.6607142857142857
1 0.6190476190476191 0.6577380952380952 0.6190476190476191 0.6607142857142857 0.625 0.6607142857142857 0.625 0.6577380952380952
1 0.5952380952380952 0.6309523809523809
1 0.6130952380952381 0.6279761904761905 0.6101190476190477 0.6309523809523809 0.6190476190476191 0.6309523809523809 0.6220238095238095 0.6339285714285714 0.6190476190476191 0.6369047619047619 0.6130952380952381 0.6369047619047619 0.6101190476190477 0.6398809523809523 0.6071428571428571 0.6398809523809523 0.6101190476190477 0.6398809523809523 0.6130952380952381 0.6428571428571429 0.6160714285714286 0.6428571428571429 0.6190476190476191 0.6458333333333334 0.6339285714285714 0.6458333333333334 0.6369047619047619 0.6428571428571429 0.6339285714285714 0.6398809523809523 0.6339285714285714 0.6369047619047619 0.6309523809523809 0.6369047619047619 0.6279761904761905 0.6339285714285714 0.6279761904761905 0.6309523809523809 0.6220238095238095 0.6309523809523809 0.6190476190476191 0.6279761904761905
1 0.6011904761904762 0.6160714285714286 0.5982142857142857 0.6190476190476191 0.6011904761904762 0.6190476190476191 0.6041666666666666 0.6220238095238095 0.6130952380952381 0.6220238095238095 0.6130952380952381 0.6190476190476191 0.6101190476190477 0.6160714285714286
1 0.5119047619047619 0.5982142857142857 0.5148809523809523 0.6011904761904762 0.5178571428571429 0.6011904761904762 0.5208333333333334 0.6041666666666666 0.5208333333333334 0.6101190476190477 0.5297619047619048 0.6101190476190477 0.5327380952380952 0.6130952380952381 0.5297619047619048 0.6160714285714286 0.5386904761904762 0.6160714285714286 0.5416666666666666 0.6190476190476191 0.5535714285714286 0.6190476190476191 0.5505952380952381 0.6190476190476191 0.5476190476190477 0.6160714285714286 0.5446428571428571 0.6160714285714286 0.5386904761904762 0.6101190476190477 0.5297619047619048 0.6101190476190477 0.5267857142857143 0.6071428571428571 0.5297619047619048 0.6041666666666666 0.5267857142857143 0.6041666666666666 0.5238095238095238 0.6011904761904762 0.5208333333333334 0.6011904761904762 0.5178571428571429 0.5982142857142857
1 0.6279761904761905 0.5952380952380952 0.6309523809523809 0.5952380952380952
